SA1,Tot_P_M,Tot_P_F,Tot_P_P
1100101,514,0,514
1100102,289,317,606
1100103,9,8,17
1100104,10,9,19
1100105,134,127,261
1100106,150,92,242
1100107,121,116,237
1100108,114,119,233
1100109,163,169,332
1100110,257,270,527
1100111,281,286,567
1100112,221,222,443
1100113,209,244,453
1100114,182,181,363
1100115,234,249,483
1100116,212,228,440
1100117,128,140,268
1100118,167,159,326
1100119,129,154,283
1100120,192,223,415
1100121,97,125,222
1100122,156,161,317
1100123,154,162,316
1100124,219,231,450
1100125,201,187,388
1100126,131,146,277
1100127,215,202,417
1100128,120,135,255
1100129,230,211,441
1100130,134,150,284
1100131,144,160,304
1100132,290,319,609
1100133,167,172,339
1100134,184,175,359
1100135,192,208,400
1100136,261,261,522
1100137,118,119,237
1100138,213,196,409
1100139,98,116,214
1100140,144,131,275
1100141,269,321,590
1100142,135,141,276
1100143,195,196,391
1100144,103,121,224
1100145,163,149,312
1100146,201,221,422
1100147,254,291,545
1100148,187,177,364
1100149,200,184,384
1100150,141,146,287
1100151,118,173,291
1100152,95,139,234
1100153,254,277,531
1100154,303,261,564
1100155,156,148,304
1100156,183,186,369
1100157,244,295,539
1100158,157,157,314
1100159,53,45,98
1100160,3,7,10
1100161,178,185,363
1100201,285,316,601
1100202,172,180,352
1100203,156,152,308
1100204,135,145,280
1100205,293,294,587
1100206,234,211,445
1100207,262,234,496
1100208,170,156,326
1100209,107,105,212
1100210,142,154,296
1100211,98,89,187
1100212,194,183,377
1100213,146,136,282
1100214,130,130,260
1100215,150,123,273
1100216,230,246,476
1100217,175,158,333
1100218,173,141,314
1100219,182,173,355
1100220,173,149,322
1100221,145,130,275
1100222,262,236,498
1100223,214,209,423
1100224,126,127,253
1100225,164,150,314
1100226,308,270,578
1100227,193,210,403
1100228,175,175,350
1100229,114,104,218
1100230,143,142,285
1100231,219,253,472
1100232,114,96,210
1100233,137,126,263
1100301,292,305,597
1100302,69,66,135
1100303,124,122,246
1100304,249,269,518
1100305,222,214,436
1100306,174,216,390
1100307,320,372,692
1100308,154,148,302
1100309,230,247,477
1100310,224,220,444
1100311,286,294,580
1100312,277,325,602
1100313,216,204,420
1100314,242,255,497
1100401,94,90,184
1100402,144,150,294
1100403,49,59,108
1100404,438,408,846
1100405,153,150,303
1100406,128,127,255
1100407,208,231,439
1100408,167,167,334
1100409,76,73,149
1100410,186,194,380
1100411,150,136,286
1100412,148,161,309
1100413,120,117,237
1100414,115,113,228
1100415,214,195,409
1100416,207,195,402
1100417,129,141,270
1100418,0,0,0
1100419,82,74,156
1100420,214,203,417
1100421,126,98,224
1100422,154,149,303
1100423,83,73,156
1100424,143,137,280
1100425,251,255,506
1100426,171,164,335
1100427,117,108,225
1100428,182,181,363
1100429,139,136,275
1100430,109,120,229
1100431,285,292,577
1100432,155,160,315
1100433,157,151,308
1100434,147,148,295
1100501,85,86,171
1100502,185,234,419
1100503,226,247,473
1100504,283,282,565
1100505,272,308,580
1100506,207,235,442
1100507,140,143,283
1100508,104,127,231
1100509,197,241,438
1100510,182,199,381
1100511,118,130,248
1100512,220,272,492
1100513,166,180,346
1100514,199,190,389
1100515,232,218,450
1100516,135,146,281
1100517,266,248,514
1100518,123,103,226
1100519,140,129,269
1100520,184,204,388
1100521,129,128,257
1100522,113,127,240
1100523,91,100,191
1100524,156,152,308
1100525,186,181,367
1100526,118,103,221
1100527,220,227,447
1100528,46,119,165
1100529,116,133,249
1100530,106,157,263
1100601,269,302,571
1100602,182,197,379
1100603,139,151,290
1100604,224,255,479
1100605,162,158,320
1100606,154,166,320
1100607,125,122,247
1100608,201,177,378
1100609,177,214,391
1100610,130,128,258
1100611,158,145,303
1100612,219,195,414
1100613,251,244,495
1100614,140,128,268
1100615,79,85,164
1100616,206,176,382
1100617,213,191,404
1100618,117,102,219
1100619,207,230,437
1100620,184,155,339
1100621,167,155,322
1100701,134,112,246
1100702,171,168,339
1100703,178,202,380
1100704,201,255,456
1100705,160,166,326
1100706,115,106,221
1100707,152,141,293
1100708,213,203,416
1100709,158,148,306
1100710,204,163,367
1100801,164,197,361
1100802,301,292,593
1100803,187,197,384
1100804,217,227,444
1100805,132,152,284
1100806,191,202,393
1100807,217,243,460
1100808,246,281,527
1100809,0,0,0
1100810,137,137,274
1100811,156,176,332
1100812,120,122,242
1100813,231,211,442
1100814,240,248,488
1100815,249,240,489
1100816,209,239,448
1100817,160,170,330
1100818,167,178,345
1100819,249,224,473
1100820,150,151,301
1100821,260,225,485
1100822,122,127,249
1100823,133,123,256
1100901,100,128,228
1100902,182,158,340
1100903,373,370,743
1100904,174,188,362
1100905,187,223,410
1100906,371,318,689
1100907,203,204,407
1100908,280,242,522
1100909,296,241,537
1100910,229,193,422
1100911,226,188,414
1100912,142,144,286
1100913,324,328,652
1100914,210,222,432
1100915,384,334,718
1100916,228,235,463
1100917,133,118,251
1100918,227,308,535
1100919,224,204,428
1100920,215,185,400
1100921,197,149,346
1100922,298,340,638
1101001,59,67,126
1101002,188,191,379
1101003,183,157,340
1101004,140,149,289
1101005,338,369,707
1101006,273,193,466
1101007,144,126,270
1101008,245,230,475
1101009,190,184,374
1101010,171,171,342
1101011,25,12,37
1101012,46,47,93
1101013,0,0,0
1101014,78,90,168
1101015,336,253,589
1101101,177,189,366
1101102,121,128,249
1101103,125,122,247
1101104,289,259,548
1101105,266,249,515
1101106,176,175,351
1101107,174,170,344
1101108,219,217,436
1101109,145,159,304
1101110,181,161,342
1101111,200,213,413
1101112,99,85,184
1101113,62,50,112
1101114,153,150,303
1101115,131,148,279
1101116,171,139,310
1101117,144,134,278
1101118,187,164,351
1101119,165,127,292
1101120,274,252,526
1101121,153,157,310
1101122,135,150,285
1101123,119,114,233
1101124,425,445,870
1101125,255,250,505
1101126,229,248,477
1101127,168,164,332
1101128,136,126,262
1101129,189,180,369
1101130,265,303,568
1101131,104,109,213
1101132,146,156,302
1101133,152,173,325
1101134,143,153,296
1101135,137,128,265
1101136,163,143,306
1101137,160,146,306
1101138,273,264,537
1101139,109,106,215
1101140,182,187,369
1101201,99,110,209
1101202,120,119,239
1101203,276,307,583
1101204,160,174,334
1101205,176,159,335
1101206,177,190,367
1101207,114,123,237
1101208,220,231,451
1101209,365,351,716
1101210,249,225,474
1101211,287,329,616
1101212,166,174,340
1101213,277,251,528
1101214,283,262,545
1101215,227,233,460
1101216,171,170,341
1101217,12,7,19
1101218,248,253,501
1101219,292,292,584
1101220,223,231,454
1101221,153,149,302
1101222,247,262,509
1101223,264,283,547
1101224,278,280,558
1101225,0,0,0
1101226,0,0,0
1101227,212,210,422
1101228,203,216,419
1101229,212,226,438
1101230,105,142,247
1101231,152,161,313
1101232,240,254,494
1101301,135,134,269
1101302,226,253,479
1101303,133,131,264
1101304,237,228,465
1101305,108,106,214
1101306,109,75,184
1101307,156,146,302
1101308,117,123,240
1101401,165,187,352
1101402,174,196,370
1101403,207,195,402
1101404,229,224,453
1101405,225,220,445
1101406,237,250,487
1101407,189,211,400
1101408,108,108,216
1101409,188,229,417
1101410,180,237,417
1101411,302,181,483
1101412,241,249,490
1101413,179,175,354
1101414,109,98,207
1101415,159,181,340
1101416,226,231,457
1101417,3,10,13
1101418,193,180,373
1101501,0,0,0
1101502,9,3,12
1101503,119,105,224
1101504,101,94,195
1101505,52,57,109
1101506,188,174,362
1101507,120,106,226
1101508,181,193,374
1101509,258,241,499
1101510,190,188,378
1101511,116,110,226
1101512,109,99,208
1101513,193,165,358
1101601,92,57,149
1101602,214,227,441
1101603,161,132,293
1101604,84,89,173
1101605,113,99,212
1101606,214,177,391
1101607,109,106,215
1101608,142,131,273
1101609,147,123,270
1101610,348,312,660
1101611,264,207,471
1101612,86,51,137
1101613,120,117,237
1101614,165,133,298
1101615,188,169,357
1101616,238,206,444
1101617,228,188,416
1101618,289,262,551
1101619,242,224,466
1101620,124,95,219
1101701,268,292,560
1101702,124,117,241
1101703,169,240,409
1101704,189,173,362
1101705,106,126,232
1101706,188,242,430
1101707,3,3,6
1101708,195,201,396
1101709,305,300,605
1101710,193,183,376
1101711,131,159,290
1101712,245,259,504
1101713,211,216,427
1101714,0,0,0
1101715,0,0,0
1101716,234,240,474
1101717,124,131,255
1101718,211,190,401
1101719,175,194,369
1101720,131,123,254
1101721,201,212,413
1101722,252,258,510
1101801,166,157,323
1101802,140,152,292
1101803,193,174,367
1101804,89,100,189
1101805,120,115,235
1101806,219,242,461
1101807,248,272,520
1101808,298,339,637
1101809,104,138,242
1101810,144,156,300
1101811,156,173,329
1101812,196,223,419
1101813,114,116,230
1101814,131,126,257
1101815,142,133,275
1101816,170,202,372
1101817,252,284,536
1101818,218,270,488
1101819,174,173,347
1101820,147,139,286
1101821,103,115,218
1101822,192,246,438
1101823,233,223,456
1101824,0,0,0
1101901,203,266,469
1101902,202,251,453
1101903,119,149,268
1101904,229,256,485
1101905,207,229,436
1101906,216,208,424
1101907,176,184,360
1101908,172,166,338
1101909,155,159,314
1101910,68,81,149
1101911,220,219,439
1101912,191,193,384
1101913,219,213,432
1101914,325,316,641
1101915,98,112,210
1101916,242,226,468
1101917,301,303,604
1101918,121,125,246
1101919,92,114,206
1101920,132,152,284
1101921,78,94,172
1101922,128,141,269
1102001,169,165,334
1102002,237,274,511
1102003,187,179,366
1102004,178,172,350
1102005,131,109,240
1102006,216,156,372
1102007,160,154,314
1102008,178,188,366
1102009,0,0,0
1102010,3,0,3
1102011,161,156,317
1102012,0,0,0
1102013,73,87,160
1102014,92,107,199
1102015,72,88,160
1102016,160,139,299
1102017,148,127,275
1102018,191,223,414
1102019,190,191,381
1102020,267,240,507
1102021,0,0,0
1102022,156,150,306
1102023,134,138,272
1102024,139,132,271
1102025,213,205,418
1102026,95,83,178
1102027,111,114,225
1102028,210,194,404
1102029,146,114,260
1102030,192,249,441
1102031,84,83,167
1102032,140,123,263
1102101,159,187,346
1102102,107,102,209
1102103,217,222,439
1102104,187,253,440
1102105,159,148,307
1102106,294,287,581
1102107,263,246,509
1102201,27,29,56
1102301,178,196,374
1102302,190,220,410
1102303,133,140,273
1102304,80,82,162
1102305,245,248,493
1102306,145,165,310
1102307,165,141,306
1102308,265,292,557
1102309,148,164,312
1102310,4,6,10
1102401,155,133,288
1102402,157,153,310
1102403,138,125,263
1102404,174,180,354
1102405,121,113,234
1102406,117,112,229
1102407,121,116,237
1102408,149,144,293
1102409,143,127,270
1102410,118,100,218
1102411,130,123,253
1102412,151,124,275
1102501,0,0,0
1102502,130,151,281
1102503,111,162,273
1102504,142,143,285
1102505,108,116,224
1102506,159,148,307
1102507,124,138,262
1102508,248,292,540
1102509,66,58,124
1102510,135,141,276
1102511,201,197,398
1102512,247,263,510
1102513,207,211,418
1102514,100,118,218
1102515,185,199,384
1102516,136,130,266
1102517,161,160,321
1102518,177,214,391
1102519,110,160,270
1102520,274,263,537
1102521,118,128,246
1102522,173,170,343
1102523,81,74,155
1102524,142,149,291
1102525,195,190,385
1102526,157,174,331
1102527,221,224,445
1102528,284,327,611
1102529,160,190,350
1102530,161,180,341
1102601,233,243,476
1102602,240,284,524
1102603,172,160,332
1102604,168,167,335
1102605,241,246,487
1102606,153,130,283
1102607,201,235,436
1102608,159,194,353
1102609,201,196,397
1102610,126,136,262
1102611,134,107,241
1102612,108,112,220
1102613,115,113,228
1102614,271,283,554
1102615,177,189,366
1102616,103,86,189
1102617,110,115,225
1102618,141,137,278
1102619,167,175,342
1102620,156,116,272
1102621,156,163,319
1102622,116,114,230
1102623,145,132,277
1102701,119,108,227
1102702,160,177,337
1102703,80,80,160
1102704,135,109,244
1102705,219,208,427
1102706,239,308,547
1102707,254,269,523
1102708,155,180,335
1102709,259,267,526
1102710,98,94,192
1102711,0,0,0
1102712,204,188,392
1102713,231,190,421
1102714,0,0,0
1102715,13,9,22
1102716,0,0,0
1102717,130,120,250
1102718,156,168,324
1102719,204,193,397
1102720,133,144,277
1102721,273,253,526
1102722,80,52,132
1102723,125,123,248
1102724,180,196,376
1102725,176,163,339
1102726,96,109,205
1102727,187,186,373
1102728,135,139,274
1102729,268,283,551
1102801,0,0,0
1102802,266,301,567
1102803,292,257,549
1102804,106,124,230
1102805,165,156,321
1102806,255,251,506
1102807,186,193,379
1102808,191,204,395
1102809,305,294,599
1102810,237,251,488
1102811,212,217,429
1102812,190,186,376
1102813,199,182,381
1102814,210,195,405
1102815,156,161,317
1102816,137,149,286
1102817,174,196,370
1102818,204,196,400
1102901,158,129,287
1102902,131,135,266
1102903,208,202,410
1102904,240,236,476
1102905,190,194,384
1102906,98,95,193
1102907,143,146,289
1102908,184,206,390
1102909,172,184,356
1102910,257,250,507
1102911,228,227,455
1102912,247,218,465
1102913,164,150,314
1102914,157,150,307
1102915,251,267,518
1102916,180,180,360
1102917,126,120,246
1102918,198,194,392
1102919,127,159,286
1102920,4,5,9
1102921,0,0,0
1102922,250,245,495
1102923,201,204,405
1102924,256,262,518
1102925,244,256,500
1102926,140,160,300
1102927,251,282,533
1102928,326,354,680
1103001,225,201,426
1103002,280,275,555
1103003,110,109,219
1103004,153,177,330
1103005,144,143,287
1103006,183,159,342
1103007,197,181,378
1103008,112,93,205
1103009,184,199,383
1103010,197,164,361
1103011,268,248,516
1103012,227,197,424
1103101,153,159,312
1103102,129,187,316
1103103,128,203,331
1103104,172,238,410
1103105,237,284,521
1103106,110,123,233
1103107,6,12,18
1103108,124,124,248
1103109,118,135,253
1103110,199,257,456
1103111,169,160,329
1103112,79,80,159
1103113,230,246,476
1103114,245,214,459
1103115,276,257,533
1103116,265,206,471
1103117,162,179,341
1103118,162,175,337
1103119,211,212,423
1103120,192,201,393
1103121,121,136,257
1103122,179,214,393
1103123,183,221,404
1103124,150,168,318
1103125,112,128,240
1103126,162,207,369
1103127,157,158,315
1103128,152,246,398
1103129,269,294,563
1103130,155,151,306
1103131,208,397,605
1103132,8,9,17
1103133,178,198,376
1103134,196,230,426
1103135,200,221,421
1103136,190,209,399
1103137,97,172,269
1103138,221,274,495
1103201,184,199,383
1103202,219,254,473
1103203,360,385,745
1103204,232,255,487
1103205,118,134,252
1103206,27,24,51
1103207,112,111,223
1103208,223,223,446
1103209,374,408,782
1103210,99,87,186
1103211,247,299,546
1103212,246,236,482
1103213,0,7,7
1103214,297,340,637
1103215,100,89,189
1103216,146,156,302
1103217,94,100,194
1103218,271,295,566
1103219,175,169,344
1103220,165,175,340
1103221,154,147,301
1103222,338,295,633
1103223,0,0,0
1103224,237,233,470
1103225,115,126,241
1103226,121,122,243
1103227,275,272,547
1103228,285,393,678
1103229,146,177,323
1103230,191,265,456
1103231,202,253,455
1103232,208,245,453
1103233,151,157,308
1103234,350,363,713
1103235,161,174,335
1103236,270,227,497
1103237,171,163,334
1103238,148,158,306
1103239,299,320,619
1103240,136,213,349
1103241,176,217,393
1103242,211,338,549
1103243,249,272,521
1103244,281,430,711
1103301,120,119,239
1103302,249,236,485
1103303,180,209,389
1103304,181,203,384
1103305,154,162,316
1103306,142,139,281
1103307,100,106,206
1103308,217,223,440
1103309,74,0,74
1103310,181,153,334
1103311,215,210,425
1103312,158,178,336
1103313,152,164,316
1103314,167,167,334
1103315,377,405,782
1103316,0,0,0
1103317,234,269,503
1103318,105,103,208
1103319,199,201,400
1103320,0,4,4
1103401,199,207,406
1103402,181,183,364
1103403,289,296,585
1103404,126,154,280
1103405,186,213,399
1103406,79,78,157
1103407,137,132,269
1103408,150,179,329
1103409,151,158,309
1103410,195,210,405
1103411,227,257,484
1103412,249,255,504
1103413,183,201,384
1103414,180,208,388
1103415,55,95,150
1103416,193,255,448
1103417,162,209,371
1103418,176,369,545
1103419,153,178,331
1103501,293,309,602
1103502,167,179,346
1103503,229,261,490
1103504,214,222,436
1103505,200,221,421
1103506,247,271,518
1103507,145,165,310
1103508,207,213,420
1103509,174,202,376
1103510,222,231,453
1103511,248,222,470
1103512,167,169,336
1103513,167,164,331
1103514,198,201,399
1103515,139,168,307
1103516,122,120,242
1103517,16,20,36
1103601,125,120,245
1103602,111,135,246
1103603,280,259,539
1103604,146,150,296
1103605,191,200,391
1103606,141,136,277
1103607,96,98,194
1103608,165,177,342
1103609,167,160,327
1103610,293,312,605
1103611,163,171,334
1103612,80,97,177
1103613,213,181,394
1103614,278,271,549
1103615,134,123,257
1103616,168,149,317
1103617,183,178,361
1103618,140,120,260
1103619,237,253,490
1103620,225,278,503
1103621,307,311,618
1103622,161,158,319
1103701,320,348,668
1103702,271,251,522
1103703,331,358,689
1103704,123,117,240
1103705,237,225,462
1103706,163,204,367
1103707,241,241,482
1103708,112,109,221
1103709,291,282,573
1103710,193,202,395
1103711,148,155,303
1103712,148,143,291
1103713,262,338,600
1103714,243,254,497
1103801,203,219,422
1103802,225,267,492
1103803,151,199,350
1103804,245,249,494
1103805,143,136,279
1103806,121,143,264
1103807,195,214,409
1103808,105,160,265
1103809,260,267,527
1103810,163,148,311
1103811,223,245,468
1103812,157,180,337
1103813,248,263,511
1103814,231,244,475
1103815,167,155,322
1103816,198,178,376
1103817,168,170,338
1103901,312,294,606
1103902,181,196,377
1103903,127,132,259
1103904,254,274,528
1103905,214,233,447
1103906,216,256,472
1103907,282,261,543
1103908,207,185,392
1103909,279,272,551
1103910,344,359,703
1103911,271,277,548
1103912,258,283,541
1103913,282,307,589
1103914,152,170,322
1103915,206,209,415
1103916,226,254,480
1103917,178,182,360
1103918,258,249,507
1103919,185,212,397
1103920,262,252,514
1103921,319,322,641
1103922,269,273,542
1103923,136,130,266
1103924,73,117,190
1103925,212,208,420
1103926,249,253,502
1103927,229,222,451
1104001,180,155,335
1104002,124,163,287
1104003,150,174,324
1104004,214,234,448
1104005,153,167,320
1104006,244,248,492
1104007,129,179,308
1104008,0,0,0
1104009,201,270,471
1104010,125,156,281
1104011,160,177,337
1104012,119,168,287
1104013,240,275,515
1104014,202,362,564
1104015,103,99,202
1104016,239,274,513
1104017,267,332,599
1104018,226,226,452
1104019,202,217,419
1104020,197,214,411
1104021,195,206,401
1104022,117,127,244
1104023,136,152,288
1104024,244,277,521
1104025,136,147,283
1104026,269,319,588
1104027,126,146,272
1104028,187,184,371
1104029,178,212,390
1104030,171,167,338
1104031,164,187,351
1104032,108,106,214
1104033,171,198,369
1104034,241,251,492
1104035,145,160,305
1104036,160,171,331
1104037,132,151,283
1104038,163,159,322
1104039,308,302,610
1104040,177,197,374
1104041,133,153,286
1104042,171,184,355
1104043,249,280,529
1104044,142,157,299
1104045,232,226,458
1104046,215,237,452
1104047,207,239,446
1104048,233,240,473
1104049,213,222,435
1104050,175,185,360
1104051,218,222,440
1104052,187,188,375
1104053,256,254,510
1104054,168,172,340
1104055,267,275,542
1104056,203,188,391
1104057,294,306,600
1104058,160,177,337
1104101,197,252,449
1104102,299,321,620
1104103,180,206,386
1104104,212,222,434
1104105,179,174,353
1104106,190,205,395
1104107,109,115,224
1104108,0,0,0
1104109,198,192,390
1104110,232,241,473
1104111,112,133,245
1104112,233,199,432
1104113,167,176,343
1104114,292,293,585
1104115,160,161,321
1104116,185,220,405
1104117,127,117,244
1104118,0,0,0
1104119,207,226,433
1104120,221,200,421
1104121,179,192,371
1104122,157,134,291
1104123,195,198,393
1104124,210,212,422
1104125,237,224,461
1104201,228,241,469
1104202,254,251,505
1104203,154,140,294
1104204,189,216,405
1104205,204,281,485
1104206,0,0,0
1104207,266,261,527
1104208,214,270,484
1104209,113,130,243
1104210,224,215,439
1104211,210,215,425
1104212,5,6,11
1104213,314,279,593
1104214,250,258,508
1104215,171,189,360
1104216,166,172,338
1104217,194,235,429
1104218,215,219,434
1104219,182,182,364
1104220,241,259,500
1104221,242,250,492
1104222,214,192,406
1104223,136,207,343
1104224,226,261,487
1104225,226,258,484
1104226,215,215,430
1104227,165,172,337
1104228,215,215,430
1104229,135,166,301
1104230,191,217,408
1104231,240,322,562
1104232,148,185,333
1104233,196,226,422
1104301,74,68,142
1104302,183,181,364
1104303,254,255,509
1104304,190,186,376
1104305,184,185,369
1104306,3,5,8
1104307,137,145,282
1104308,138,120,258
1104309,180,195,375
1104310,92,102,194
1104311,226,223,449
1104312,299,514,813
1104313,173,230,403
1104314,55,141,196
1104315,193,199,392
1104316,161,168,329
1104317,193,191,384
1104318,155,168,323
1104319,203,220,423
1104320,203,225,428
1104321,157,180,337
1104322,160,150,310
1104323,225,236,461
1104324,257,276,533
1104325,178,260,438
1104326,302,297,599
1104327,180,204,384
1104328,118,148,266
1104329,142,144,286
1104330,279,299,578
1104401,160,163,323
1104402,187,187,374
1104403,105,139,244
1104404,295,333,628
1104405,144,139,283
1104406,134,150,284
1104407,190,247,437
1104408,136,158,294
1104409,166,183,349
1104410,76,144,220
1104411,118,192,310
1104412,267,279,546
1104413,0,0,0
1104414,212,257,469
1104415,200,208,408
1104416,317,349,666
1104417,235,290,525
1104418,0,0,0
1104419,238,227,465
1104420,105,190,295
1104421,106,176,282
1104422,221,230,451
1104423,239,238,477
1104424,135,159,294
1104425,105,111,216
1104426,175,196,371
1104427,123,125,248
1104428,178,194,372
1104429,235,268,503
1104430,135,153,288
1104431,146,155,301
1104432,135,130,265
1104433,168,173,341
1104434,289,334,623
1104435,164,153,317
1104436,215,241,456
1104437,131,154,285
1104438,192,201,393
1104439,189,196,385
1104440,115,242,357
1104441,179,175,354
1104442,189,200,389
1104443,115,122,237
1104444,152,185,337
1104445,209,211,420
1104446,239,371,610
1104447,216,280,496
1104448,176,185,361
1104449,158,185,343
1104450,189,195,384
1104451,198,211,409
1104452,99,107,206
1104453,171,190,361
1104454,101,95,196
1104455,201,234,435
1104456,215,189,404
1104457,157,186,343
1104458,174,173,347
1104459,168,204,372
1104501,219,216,435
1104502,173,166,339
1104503,141,147,288
1104504,280,281,561
1104505,266,288,554
1104506,286,311,597
1104507,261,282,543
1104508,179,187,366
1104509,197,202,399
1104510,293,328,621
1104511,311,295,606
1104512,200,224,424
1104513,329,349,678
1104514,243,233,476
1104515,170,163,333
1104516,285,301,586
1104517,143,139,282
1104518,297,342,639
1104519,166,139,305
1104520,3,3,6
1104521,222,220,442
1104522,180,205,385
1104523,138,157,295
1104524,292,323,615
1104601,208,194,402
1104602,123,150,273
1104603,214,237,451
1104604,224,216,440
1104605,124,116,240
1104606,178,205,383
1104607,229,246,475
1104608,233,266,499
1104609,223,236,459
1104610,136,118,254
1104611,123,157,280
1104612,139,153,292
1104613,0,0,0
1104614,149,149,298
1104615,127,137,264
1104616,226,231,457
1104617,218,206,424
1104618,243,263,506
1104619,237,238,475
1104620,194,203,397
1104621,154,135,289
1104622,137,146,283
1104623,8,7,15
1104624,225,252,477
1104625,319,319,638
1104701,240,263,503
1104702,104,137,241
1104703,105,106,211
1104704,289,321,610
1104705,230,260,490
1104706,210,215,425
1104707,262,262,524
1104708,288,312,600
1104709,242,241,483
1104710,92,184,276
1104711,203,283,486
1104712,240,242,482
1104713,303,367,670
1104714,95,106,201
1104715,225,224,449
1104716,220,227,447
1104717,185,162,347
1104718,206,192,398
1104719,321,326,647
1104720,125,143,268
1104721,241,251,492
1104722,260,263,523
1104723,154,146,300
1104724,185,170,355
1104725,125,160,285
1104726,172,171,343
1104727,169,188,357
1104728,286,304,590
1104729,263,280,543
1104730,164,162,326
1104731,265,307,572
1104732,211,228,439
1104733,80,101,181
1104734,143,124,267
1104735,245,257,502
1104736,260,248,508
1104737,5,9,14
1104801,138,154,292
1104802,202,192,394
1104803,266,259,525
1104804,161,169,330
1104805,166,208,374
1104806,146,128,274
1104807,255,284,539
1104808,155,135,290
1104809,207,190,397
1104810,269,302,571
1104811,279,303,582
1104812,256,278,534
1104813,268,277,545
1104814,323,338,661
1104815,161,195,356
1104816,148,178,326
1104817,221,228,449
1104818,267,298,565
1104819,232,259,491
1104820,121,126,247
1104821,218,325,543
1104822,278,281,559
1104823,160,145,305
1104824,296,325,621
1104825,226,222,448
1104826,179,220,399
1104827,257,260,517
1104828,241,274,515
1104829,225,233,458
1104830,239,254,493
1104831,183,204,387
1104832,236,257,493
1104833,215,263,478
1104834,154,164,318
1104835,152,135,287
1104836,257,267,524
1104837,262,287,549
1104838,158,155,313
1104839,329,488,817
1104840,167,173,340
1104841,160,182,342
1104842,165,185,350
1104843,195,183,378
1104844,150,142,292
1104845,189,252,441
1104846,214,296,510
1104847,136,132,268
1104901,218,217,435
1104902,152,171,323
1104903,199,188,387
1104904,179,165,344
1104905,230,239,469
1104906,135,136,271
1104907,99,101,200
1104908,94,95,189
1104909,0,0,0
1104910,193,193,386
1105001,297,312,609
1105002,172,169,341
1105003,243,238,481
1105004,135,168,303
1105005,203,194,397
1105006,190,198,388
1105007,190,204,394
1105008,291,351,642
1105009,208,220,428
1105010,146,157,303
1105011,210,220,430
1105012,170,184,354
1105013,189,199,388
1105014,0,0,0
1105015,141,138,279
1105016,3,3,6
1105017,179,224,403
1105018,162,156,318
1105019,201,205,406
1105020,144,177,321
1105021,179,213,392
1105022,221,209,430
1105023,388,433,821
1105024,182,189,371
1105025,166,178,344
1105026,250,266,516
1105101,257,275,532
1105102,166,189,355
1105103,118,131,249
1105104,92,84,176
1105105,0,0,0
1105106,232,215,447
1105107,48,46,94
1105108,216,237,453
1105109,139,145,284
1105110,176,184,360
1105111,144,143,287
1105112,144,162,306
1105113,186,163,349
1105114,172,175,347
1105115,131,143,274
1105116,139,137,276
1105201,262,273,535
1105202,256,240,496
1105203,177,166,343
1105204,223,211,434
1105205,240,277,517
1105206,199,187,386
1105207,234,199,433
1105208,178,187,365
1105209,172,177,349
1105210,159,160,319
1105211,0,0,0
1105212,3,3,6
1105213,129,119,248
1105214,132,128,260
1105215,143,141,284
1105216,204,212,416
1105301,216,250,466
1105302,178,157,335
1105303,211,239,450
1105304,154,184,338
1105305,266,268,534
1105306,233,211,444
1105307,253,299,552
1105308,131,151,282
1105309,143,171,314
1105310,167,180,347
1105311,129,156,285
1105312,125,136,261
1105313,111,131,242
1105314,182,234,416
1105315,286,319,605
1105316,261,287,548
1105317,145,138,283
1105318,135,131,266
1105319,94,102,196
1105320,158,151,309
1105321,319,298,617
1105322,40,49,89
1105323,20,8,28
1105324,216,216,432
1105325,157,204,361
1105326,198,211,409
1105327,168,160,328
1105328,258,268,526
1105329,255,275,530
1105330,224,236,460
1105331,157,185,342
1105332,187,199,386
1105333,155,159,314
1105334,284,315,599
1105335,175,212,387
1105336,113,128,241
1105337,229,224,453
1105401,220,242,462
1105402,159,160,319
1105403,171,181,352
1105404,206,254,460
1105405,136,123,259
1105406,199,266,465
1105407,281,278,559
1105408,330,351,681
1105409,152,163,315
1105410,158,195,353
1105411,189,176,365
1105412,187,188,375
1105413,164,154,318
1105414,178,215,393
1105415,0,3,3
1105416,0,0,0
1105417,144,156,300
1105418,278,295,573
1105419,260,296,556
1105420,222,213,435
1105421,201,191,392
1105422,177,213,390
1105423,203,219,422
1105424,133,136,269
1105501,164,153,317
1105502,286,321,607
1105503,195,201,396
1105504,12,5,17
1105505,173,195,368
1105506,226,252,478
1105507,247,293,540
1105508,177,206,383
1105509,232,170,402
1105510,134,131,265
1105511,261,265,526
1105512,110,116,226
1105513,144,147,291
1105514,123,103,226
1105601,288,339,627
1105602,346,358,704
1105603,305,310,615
1105604,117,125,242
1105605,300,310,610
1105606,152,155,307
1105607,249,275,524
1105608,255,268,523
1105609,107,142,249
1105610,381,356,737
1105611,386,444,830
1105612,195,238,433
1105613,281,266,547
1105614,223,234,457
1105615,235,305,540
1105616,5,0,5
1105617,137,129,266
1105618,331,371,702
1105619,429,444,873
1105620,154,149,303
1105621,0,0,0
1105622,211,195,406
1105623,180,223,403
1105624,206,212,418
1105625,126,154,280
1105626,243,178,421
1105627,236,244,480
1105701,280,267,547
1105702,242,262,504
1105703,264,276,540
1105704,227,244,471
1105705,14,10,24
1105706,201,174,375
1105707,285,310,595
1105708,144,152,296
1105709,224,227,451
1105710,324,355,679
1105711,171,184,355
1105712,154,193,347
1105713,115,137,252
1105714,147,140,287
1105715,157,171,328
1105716,220,263,483
1105717,287,278,565
1105718,176,205,381
1105719,222,201,423
1105720,138,118,256
1105801,189,233,422
1105802,146,172,318
1105803,251,257,508
1105804,207,224,431
1105805,146,145,291
1105806,214,202,416
1105807,115,124,239
1105808,128,125,253
1105809,101,103,204
1105810,338,334,672
1105811,191,195,386
1105812,302,318,620
1105813,231,226,457
1105814,304,109,413
1105815,198,201,399
1105816,147,157,304
1105817,240,311,551
1105818,258,303,561
1105819,189,201,390
1105820,139,163,302
1105821,157,197,354
1105822,206,178,384
1105823,247,314,561
1105824,289,230,519
1105825,206,192,398
1105826,292,281,573
1105827,176,190,366
1105828,148,185,333
1105829,222,246,468
1105830,151,151,302
1105831,114,117,231
1105832,174,252,426
1105833,106,125,231
1105834,211,203,414
1105835,205,165,370
1105836,162,156,318
1105837,145,150,295
1105838,210,211,421
1105839,301,314,615
1105840,224,272,496
1105841,206,255,461
1105842,164,172,336
1105843,208,265,473
1105844,206,223,429
1105845,262,285,547
1105846,266,286,552
1105847,281,279,560
1105848,241,261,502
1105849,469,0,469
1105850,144,149,293
1105851,215,236,451
1105852,0,0,0
1105853,161,175,336
1105854,186,206,392
1105855,171,191,362
1105856,147,148,295
1105857,138,161,299
1105901,193,174,367
1105902,160,163,323
1105903,151,122,273
1105904,0,0,0
1105905,271,258,529
1105906,167,176,343
1105907,167,148,315
1105908,103,161,264
1105909,478,442,920
1105910,193,190,383
1105911,158,156,314
1105912,156,152,308
1105913,256,251,507
1105914,180,194,374
1105915,177,192,369
1105916,217,203,420
1105917,357,368,725
1105918,180,200,380
1105919,329,334,663
1105920,112,131,243
1105921,172,172,344
1105922,201,187,388
1105923,356,392,748
1106001,98,90,188
1106002,100,89,189
1106003,132,131,263
1106004,192,279,471
1106005,189,174,363
1106006,287,265,552
1106007,114,111,225
1106008,179,181,360
1106009,178,170,348
1106010,249,235,484
1106011,162,152,314
1106012,169,171,340
1106013,169,173,342
1106014,126,105,231
1106015,123,123,246
1106016,227,197,424
1106017,112,107,219
1106018,134,135,269
1106019,168,170,338
1106020,136,117,253
1106021,183,0,183
1106101,95,108,203
1106102,192,179,371
1106103,152,197,349
1106104,122,99,221
1106105,149,102,251
1106106,186,169,355
1106107,183,72,255
1106108,220,213,433
1106109,88,77,165
1106110,180,141,321
1106111,157,167,324
1106112,203,174,377
1106113,10,0,10
1106114,137,143,280
1106115,100,97,197
1106116,171,167,338
1106201,206,225,431
1106202,240,216,456
1106203,200,210,410
1106204,191,199,390
1106205,173,201,374
1106206,186,200,386
1106207,124,131,255
1106208,104,106,210
1106209,130,150,280
1106210,166,171,337
1106211,180,179,359
1106212,88,91,179
1106213,206,178,384
1106214,149,127,276
1106215,124,99,223
1106216,51,41,92
1106217,166,150,316
1106218,140,147,287
1106219,212,188,400
1106220,175,161,336
1106221,92,74,166
1106222,149,150,299
1106223,6,4,10
1106224,18,24,42
1106225,0,0,0
1106301,0,0,0
1106302,0,0,0
1106303,235,271,506
1106304,335,358,693
1106305,128,134,262
1106306,88,156,244
1106307,4,0,4
1106308,187,175,362
1106309,224,255,479
1106310,193,188,381
1106311,223,200,423
1106312,157,190,347
1106313,122,101,223
1106314,100,111,211
1106315,206,233,439
1106316,185,183,368
1106317,169,167,336
1106318,162,158,320
1106319,150,159,309
1106320,91,99,190
1106321,161,166,327
1106322,114,123,237
1106323,243,245,488
1106324,148,142,290
1106325,223,214,437
1106326,118,110,228
1106327,90,91,181
1106328,232,220,452
1106329,93,95,188
1106401,91,91,182
1106402,120,137,257
1106403,148,139,287
1106404,182,199,381
1106405,141,135,276
1106406,171,153,324
1106407,216,238,454
1106408,244,257,501
1106409,147,148,295
1106410,141,121,262
1106411,126,112,238
1106412,139,128,267
1106413,163,147,310
1106414,164,152,316
1106415,124,102,226
1106416,115,93,208
1106417,172,160,332
1106418,132,111,243
1106501,181,187,368
1106502,157,167,324
1106503,145,163,308
1106504,207,183,390
1106505,156,159,315
1106506,190,204,394
1106507,198,198,396
1106508,211,245,456
1106509,229,253,482
1106510,138,151,289
1106511,245,239,484
1106512,185,205,390
1106513,172,169,341
1106514,142,167,309
1106515,268,263,531
1106516,115,94,209
1106517,93,79,172
1106518,150,136,286
1106519,159,130,289
1106520,142,121,263
1106521,156,123,279
1106522,118,103,221
1106523,170,185,355
1106524,100,90,190
1106525,108,99,207
1106526,220,260,480
1106527,161,160,321
1106528,201,220,421
1106529,163,167,330
1106601,105,97,202
1106602,97,84,181
1106603,131,122,253
1106604,185,193,378
1106605,194,201,395
1106606,106,111,217
1106607,189,181,370
1106608,87,109,196
1106609,109,123,232
1106610,175,145,320
1106611,171,164,335
1106612,175,175,350
1106613,117,97,214
1106701,194,201,395
1106702,196,193,389
1106703,175,178,353
1106704,104,91,195
1106705,158,157,315
1106706,141,143,284
1106707,156,161,317
1106708,230,254,484
1106709,201,166,367
1106710,265,308,573
1106711,137,148,285
1106712,233,292,525
1106713,172,186,358
1106714,194,220,414
1106715,286,279,565
1106716,182,207,389
1106717,143,142,285
1106718,179,220,399
1106719,219,217,436
1106720,191,174,365
1106721,119,125,244
1106722,136,154,290
1106723,230,254,484
1106724,174,193,367
1106725,125,128,253
1106726,201,182,383
1106727,219,226,445
1106728,87,100,187
1106729,278,322,600
1106801,106,109,215
1106802,134,142,276
1106803,143,131,274
1106804,91,117,208
1106805,189,201,390
1106806,145,130,275
1106807,173,134,307
1106808,195,190,385
1106809,199,195,394
1106810,183,167,350
1106811,184,142,326
1106901,129,119,248
1106902,272,268,540
1106903,104,83,187
1106904,196,198,394
1106905,85,81,166
1106906,163,144,307
1106907,181,154,335
1106908,122,112,234
1106909,101,94,195
1106910,168,145,313
1106911,107,104,211
1106912,148,174,322
1106913,133,135,268
1106914,192,237,429
1106915,187,180,367
1106916,175,216,391
1106917,128,146,274
1106918,124,158,282
1106919,200,189,389
1107001,227,225,452
1107002,47,44,91
1107003,320,344,664
1107004,59,60,119
1107005,284,346,630
1107006,255,251,506
1107007,121,121,242
1107008,79,96,175
1107009,0,0,0
1107010,190,229,419
1107011,221,231,452
1107012,205,205,410
1107013,168,162,330
1107014,221,210,431
1107015,219,212,431
1107016,171,177,348
1107017,151,146,297
1107018,263,287,550
1107019,261,242,503
1107020,219,216,435
1107021,316,355,671
1107022,123,146,269
1107023,257,228,485
1107024,119,105,224
1107025,127,127,254
1107026,132,131,263
1107027,309,300,609
1107028,255,245,500
1107029,162,195,357
1107030,141,136,277
1107031,317,0,317
1107032,275,248,523
1107101,102,120,222
1107102,142,134,276
1107103,163,178,341
1107104,105,104,209
1107105,134,123,257
1107106,258,266,524
1107107,292,264,556
1107108,133,121,254
1107109,107,110,217
1107110,171,152,323
1107111,116,109,225
1107112,167,132,299
1107113,148,140,288
1107114,131,129,260
1107115,171,127,298
1107116,184,170,354
1107117,179,176,355
1107118,0,0,0
1107119,140,132,272
1107120,154,158,312
1107121,85,88,173
1107122,206,194,400
1107123,97,85,182
1107124,186,192,378
1107125,95,93,188
1107126,53,49,102
1107127,143,119,262
1107128,202,170,372
1107201,167,200,367
1107202,207,193,400
1107203,134,127,261
1107204,219,239,458
1107205,227,227,454
1107206,140,151,291
1107207,80,79,159
1107208,256,288,544
1107209,148,163,311
1107210,208,270,478
1107211,267,302,569
1107212,141,154,295
1107213,464,403,867
1107214,163,159,322
1107215,169,170,339
1107216,227,239,466
1107217,288,288,576
1107218,191,225,416
1107219,316,316,632
1107220,231,239,470
1107221,159,195,354
1107222,102,99,201
1107223,367,342,709
1107224,267,275,542
1107301,0,0,0
1107302,123,127,250
1107303,184,204,388
1107304,104,128,232
1107305,90,110,200
1107306,123,114,237
1107307,173,189,362
1107308,141,147,288
1107309,98,100,198
1107310,161,144,305
1107311,115,96,211
1107312,122,109,231
1107313,89,72,161
1107314,153,121,274
1107401,118,107,225
1107402,146,143,289
1107403,233,246,479
1107404,233,218,451
1107405,215,251,466
1107406,105,76,181
1107407,189,176,365
1107408,130,106,236
1107409,284,266,550
1107410,141,119,260
1107411,206,176,382
1107412,229,234,463
1107413,238,237,475
1107414,234,216,450
1107415,249,241,490
1107416,231,205,436
1107417,145,142,287
1107418,179,146,325
1107419,189,161,350
1107420,223,201,424
1107421,231,192,423
1107422,216,164,380
1107423,178,160,338
1107424,229,227,456
1107425,250,191,441
1107426,163,175,338
1107501,0,0,0
1107601,127,116,243
1107602,110,128,238
1107603,259,245,504
1107604,147,170,317
1107605,204,206,410
1107606,246,263,509
1107607,140,157,297
1107608,206,219,425
1107609,140,152,292
1107610,159,172,331
1107611,100,114,214
1107612,102,117,219
1107613,119,111,230
1107614,205,167,372
1107615,232,233,465
1107616,246,231,477
1107617,247,249,496
1107618,110,112,222
1107619,138,128,266
1107620,104,80,184
1107621,159,145,304
1107701,165,152,317
1107702,206,294,500
1107703,145,196,341
1107704,140,161,301
1107705,114,101,215
1107706,125,141,266
1107707,234,260,494
1107708,254,267,521
1107709,178,171,349
1107710,129,289,418
1107711,242,255,497
1107712,109,122,231
1107713,260,291,551
1107714,157,176,333
1107715,205,212,417
1107716,258,227,485
1107717,187,214,401
1107718,222,227,449
1107719,187,219,406
1107720,298,165,463
1107721,160,164,324
1107722,140,129,269
1107723,230,221,451
1107724,97,171,268
1107725,117,118,235
1107726,210,259,469
1107727,190,189,379
1107728,211,215,426
1107729,186,205,391
1107730,213,202,415
1107731,267,281,548
1107732,126,129,255
1107733,219,223,442
1107734,123,118,241
1107735,0,0,0
1107736,51,64,115
1107737,116,100,216
1107738,92,106,198
1107739,79,74,153
1107740,296,299,595
1107741,101,133,234
1107742,148,169,317
1107743,124,130,254
1107744,175,160,335
1107745,164,168,332
1107746,224,248,472
1107747,206,224,430
1107748,174,188,362
1107749,134,156,290
1107750,233,256,489
1107751,192,179,371
1107752,317,302,619
1107753,185,172,357
1107754,218,223,441
1107801,168,181,349
1107802,112,142,254
1107803,295,310,605
1107804,205,214,419
1107805,182,200,382
1107806,257,280,537
1107807,169,175,344
1107808,230,293,523
1107809,80,90,170
1107810,134,121,255
1107811,135,148,283
1107812,221,205,426
1107813,103,109,212
1107814,184,179,363
1107815,191,193,384
1107816,165,165,330
1107817,298,308,606
1107818,293,267,560
1107819,154,174,328
1107820,141,118,259
1107821,91,117,208
1107822,258,293,551
1107823,156,164,320
1107824,220,229,449
1107825,156,188,344
1107826,211,243,454
1107827,270,300,570
1107828,225,279,504
1107829,218,239,457
1107830,225,276,501
1107831,193,199,392
1107832,730,706,1436
1107833,275,265,540
1107834,296,290,586
1107835,225,212,437
1107836,175,187,362
1107837,249,214,463
1107838,132,149,281
1107839,177,205,382
1107901,148,127,275
1107902,178,161,339
1107903,144,170,314
1107904,211,240,451
1107905,131,152,283
1107906,90,92,182
1107907,159,146,305
1107908,152,162,314
1107909,134,129,263
1107910,93,93,186
1107911,142,138,280
1107912,125,123,248
1107913,207,206,413
1107914,170,156,326
1107915,163,144,307
1107916,121,110,231
1107917,107,129,236
1107918,150,132,282
1107919,161,172,333
1107920,113,123,236
1107921,146,146,292
1107922,192,174,366
1107923,77,73,150
1107924,272,258,530
1107925,291,285,576
1107926,78,69,147
1107927,194,173,367
1107928,174,174,348
1107929,245,255,500
1107930,228,204,432
1107931,84,81,165
1107932,120,117,237
1107933,51,43,94
1107934,184,155,339
1107935,127,144,271
1107936,185,190,375
1108001,159,189,348
1108002,27,32,59
1108003,141,172,313
1108004,24,7,31
1108005,103,153,256
1108006,172,188,360
1108007,234,274,508
1108008,164,179,343
1108009,168,208,376
1108010,227,256,483
1108011,214,199,413
1108012,271,258,529
1108013,59,56,115
1108014,204,200,404
1108015,236,253,489
1108016,163,165,328
1108017,241,244,485
1108018,161,226,387
1108019,240,276,516
1108020,154,216,370
1108021,139,157,296
1108022,140,167,307
1108023,146,197,343
1108024,131,147,278
1108025,219,225,444
1108026,221,19,240
1108027,184,209,393
1108028,172,176,348
1108029,238,245,483
1108030,225,257,482
1108031,198,218,416
1108032,121,166,287
1108033,190,200,390
1108034,170,172,342
1108035,199,174,373
1108036,75,81,156
1108037,186,221,407
1108038,141,142,283
1108039,211,229,440
1108040,260,286,546
1108041,197,266,463
1108042,154,162,316
1108043,199,229,428
1108044,252,277,529
1108045,341,321,662
1108046,169,186,355
1108047,151,141,292
1108048,182,178,360
1108049,104,85,189
1108050,176,217,393
1108051,0,0,0
1108101,136,151,287
1108102,208,226,434
1108103,127,125,252
1108104,103,79,182
1108105,174,158,332
1108106,173,128,301
1108107,125,132,257
1108108,201,181,382
1108109,162,140,302
1108110,136,128,264
1108111,0,0,0
1108112,143,144,287
1108113,186,171,357
1108114,246,231,477
1108115,123,139,262
1108116,112,109,221
1108117,161,169,330
1108118,148,152,300
1108119,91,105,196
1108120,198,189,387
1108121,172,177,349
1108122,132,127,259
1108123,154,137,291
1108124,199,198,397
1108125,106,105,211
1108126,92,95,187
1108127,93,83,176
1108128,157,154,311
1108129,153,137,290
1108130,171,175,346
1108131,171,167,338
1108132,183,151,334
1108133,127,143,270
1108134,297,258,555
1108135,255,301,556
1108136,229,197,426
1108137,130,115,245
1108138,119,123,242
1108139,157,134,291
1108140,132,113,245
1108141,107,108,215
1108142,177,168,345
1108143,183,166,349
1108144,192,155,347
1108145,178,156,334
1108146,201,206,407
1108147,185,163,348
1108148,70,73,143
1108149,98,91,189
1108150,108,106,214
1108201,28,27,55
1108202,136,161,297
1108203,281,295,576
1108204,350,362,712
1108205,155,192,347
1108206,25,19,44
1108207,303,299,602
1108208,90,95,185
1108209,103,92,195
1108210,3,3,6
1108211,207,197,404
1108212,170,172,342
1108213,173,194,367
1108214,174,189,363
1108215,238,285,523
1108216,168,216,384
1108217,114,104,218
1108218,122,114,236
1108219,172,176,348
1108220,97,107,204
1108221,239,229,468
1108222,230,222,452
1108223,92,92,184
1108224,176,179,355
1108225,107,108,215
1108226,130,177,307
1108227,156,190,346
1108228,160,169,329
1108229,159,160,319
1108230,188,201,389
1108231,169,172,341
1108232,255,248,503
1108233,308,314,622
1108234,223,257,480
1108235,170,145,315
1108236,5,3,8
1108237,209,256,465
1108238,227,260,487
1108239,112,106,218
1108240,249,228,477
1108241,221,233,454
1108242,155,171,326
1108243,220,214,434
1108244,266,278,544
1108245,208,202,410
1108301,233,258,491
1108302,99,112,211
1108303,201,241,442
1108304,125,148,273
1108305,173,242,415
1108306,91,99,190
1108307,163,167,330
1108308,156,134,290
1108309,172,167,339
1108310,194,182,376
1108311,108,136,244
1108312,148,144,292
1108313,168,190,358
1108314,210,206,416
1108315,170,156,326
1108316,141,196,337
1108317,190,182,372
1108401,130,141,271
1108402,0,0,0
1108403,199,273,472
1108404,199,214,413
1108405,120,126,246
1108406,151,162,313
1108407,187,223,410
1108408,117,158,275
1108409,248,257,505
1108410,171,167,338
1108411,99,78,177
1108412,118,127,245
1108413,226,245,471
1108414,239,258,497
1108415,223,224,447
1108416,184,201,385
1108417,153,160,313
1108418,171,178,349
1108419,188,199,387
1108420,105,69,174
1108421,186,223,409
1108422,87,105,192
1108423,100,99,199
1108424,127,102,229
1108425,138,138,276
1108426,205,248,453
1108427,252,284,536
1108428,124,157,281
1108429,177,202,379
1108430,217,231,448
1108431,251,280,531
1108432,138,158,296
1108433,288,304,592
1108434,128,129,257
1108435,180,191,371
1108436,260,262,522
1108437,333,358,691
1108438,181,233,414
1108439,259,285,544
1108440,208,227,435
1108441,131,200,331
1108442,128,135,263
1108443,226,244,470
1108444,240,296,536
1108501,0,0,0
1108502,191,268,459
1108503,8,11,19
1108504,181,185,366
1108505,175,198,373
1108506,138,176,314
1108507,193,206,399
1108508,168,159,327
1108509,118,100,218
1108510,245,285,530
1108511,131,174,305
1108512,193,285,478
1108513,137,169,306
1108514,166,186,352
1108515,131,132,263
1108516,133,155,288
1108517,214,245,459
1108518,199,178,377
1108519,167,146,313
1108520,46,34,80
1108521,12,7,19
1108522,12,8,20
1108523,127,127,254
1108524,225,243,468
1108525,177,191,368
1108526,105,118,223
1108527,259,290,549
1108528,229,203,432
1108529,240,277,517
1108530,157,172,329
1108531,201,219,420
1108601,193,180,373
1108602,115,124,239
1108603,145,148,293
1108604,119,128,247
1108605,120,131,251
1108606,89,66,155
1108607,98,104,202
1108608,167,153,320
1108609,199,199,398
1108610,111,102,213
1108611,162,150,312
1108612,132,126,258
1108613,170,151,321
1108701,104,89,193
1108702,147,117,264
1108703,178,145,323
1108704,104,111,215
1108705,99,108,207
1108706,94,110,204
1108707,117,120,237
1108708,73,127,200
1108709,217,236,453
1108710,124,133,257
1108711,130,113,243
1108712,110,75,185
1108713,158,147,305
1108801,0,0,0
1108802,314,308,622
1108803,183,197,380
1108804,124,147,271
1108805,107,108,215
1108806,191,205,396
1108807,0,0,0
1108808,234,199,433
1108809,183,165,348
1108810,147,164,311
1108811,260,296,556
1108812,239,269,508
1108813,197,227,424
1108814,179,179,358
1108815,239,244,483
1108816,191,179,370
1108817,238,234,472
1108818,285,251,536
1108819,189,178,367
1108820,322,330,652
1108901,157,177,334
1108902,276,310,586
1108903,122,126,248
1108904,206,229,435
1108905,270,273,543
1108906,154,142,296
1108907,67,92,159
1108908,336,366,702
1108909,120,223,343
1108910,140,157,297
1108911,275,303,578
1108912,208,229,437
1108913,4,0,4
1108914,278,280,558
1108915,191,213,404
1108916,155,167,322
1108917,192,223,415
1108918,131,152,283
1108919,170,184,354
1108920,106,96,202
1108921,195,185,380
1108922,137,140,277
1108923,241,300,541
1108924,234,279,513
1108925,120,124,244
1108926,179,224,403
1108927,0,0,0
1108928,172,205,377
1108929,202,208,410
1108930,180,166,346
1108931,119,120,239
1108932,219,211,430
1108933,213,224,437
1108934,217,214,431
1108935,206,230,436
1108936,31,23,54
1108937,87,120,207
1108938,11,7,18
1108939,176,171,347
1108940,168,162,330
1108941,126,138,264
1108942,0,8,8
1108943,188,217,405
1108944,172,223,395
1108945,181,181,362
1108946,279,294,573
1108947,150,186,336
1108948,244,229,473
1108949,178,193,371
1108950,201,198,399
1108951,185,184,369
1108952,67,62,129
1108953,0,0,0
1108954,172,175,347
1108955,156,145,301
1108956,147,165,312
1109001,166,173,339
1109002,0,0,0
1109003,142,152,294
1109004,146,130,276
1109005,71,69,140
1109006,202,193,395
1109007,178,182,360
1109008,195,222,417
1109009,156,179,335
1109010,167,179,346
1109011,143,152,295
1109012,99,123,222
1109013,204,216,420
1109014,150,139,289
1109015,215,198,413
1109101,286,340,626
1109102,189,208,397
1109103,170,186,356
1109104,300,312,612
1109105,207,223,430
1109106,158,163,321
1109107,217,231,448
1109108,180,155,335
1109109,186,204,390
1109110,174,172,346
1109111,228,224,452
1109112,298,305,603
1109113,177,164,341
1109114,106,104,210
1109115,119,112,231
1109116,129,128,257
1109117,0,0,0
1109118,161,148,309
1109119,452,451,903
1109120,294,282,576
1109121,151,139,290
1109122,251,265,516
1109123,231,236,467
1109124,262,261,523
1109125,148,147,295
1109126,218,240,458
1109127,230,208,438
1109128,159,161,320
1109201,283,286,569
1109202,230,271,501
1109203,108,87,195
1109204,229,188,417
1109205,120,90,210
1109206,32,35,67
1109207,224,238,462
1109208,201,193,394
1109209,176,152,328
1109210,80,75,155
1109211,158,162,320
1109212,171,178,349
1109213,159,146,305
1109301,54,45,99
1109302,189,188,377
1109303,170,165,335
1109304,262,236,498
1109305,187,179,366
1109306,149,135,284
1109307,185,151,336
1109308,131,116,247
1109309,218,228,446
1109310,208,219,427
1109311,172,175,347
1109312,85,70,155
1109313,215,163,378
1109314,243,185,428
1109401,146,174,320
1109402,118,131,249
1109403,184,183,367
1109404,132,115,247
1109405,101,75,176
1109406,161,143,304
1109407,140,107,247
1109408,122,131,253
1109409,110,100,210
1109410,202,210,412
1109411,185,210,395
1109412,190,189,379
1109413,136,143,279
1109414,213,204,417
1109501,142,142,284
1109502,111,114,225
1109503,304,289,593
1109504,164,152,316
1109505,277,275,552
1109506,106,114,220
1109507,166,135,301
1109508,290,318,608
1109509,125,134,259
1109510,182,146,328
1109511,235,240,475
1109512,133,140,273
1109513,260,271,531
1109514,118,117,235
1109515,0,0,0
1109601,232,128,360
1109602,209,165,374
1109603,65,59,124
1109604,93,92,185
1109605,65,50,115
1109606,107,104,211
1109607,106,101,207
1109608,24,41,65
1109609,51,42,93
1109610,136,120,256
1109611,181,191,372
1109612,172,172,344
1109613,119,118,237
1109614,173,127,300
1109615,257,225,482
1109616,112,77,189
1109617,95,121,216
1109618,228,194,422
1109619,184,122,306
1109620,149,139,288
1109621,199,174,373
1109622,303,197,500
1109623,208,208,416
1109624,194,193,387
1109701,136,142,278
1109702,115,108,223
1109703,165,151,316
1109704,152,123,275
1109705,184,205,389
1109706,195,202,397
1109707,157,156,313
1109708,134,129,263
1109709,147,163,310
1109710,32,18,50
1109711,100,112,212
1109712,203,190,393
1109713,215,230,445
1109714,212,230,442
1109715,166,164,330
1109716,121,129,250
1109717,182,194,376
1109718,156,180,336
1109719,253,241,494
1109720,176,183,359
1109721,172,220,392
1109722,161,192,353
1109723,197,211,408
1109724,244,244,488
1109725,213,214,427
1109726,136,114,250
1109727,97,118,215
1109728,213,227,440
1109729,171,210,381
1109730,228,210,438
1109731,108,115,223
1109732,102,116,218
1109733,180,167,347
1109734,231,218,449
1109735,176,234,410
1109736,107,107,214
1109737,191,208,399
1109738,212,248,460
1109739,165,175,340
1109740,259,260,519
1109741,161,182,343
1109742,231,265,496
1109743,165,201,366
1109744,218,289,507
1109745,219,228,447
1109746,202,205,407
1109747,254,255,509
1109748,180,176,356
1109749,178,170,348
1109750,175,205,380
1109751,228,227,455
1109752,43,40,83
1109801,58,45,103
1109802,243,206,449
1109803,122,94,216
1109804,142,120,262
1109805,98,81,179
1109806,149,114,263
1109807,228,180,408
1109808,89,93,182
1109809,81,95,176
1109810,117,83,200
1109811,105,140,245
1109901,151,134,285
1109902,240,231,471
1109903,238,264,502
1109904,219,298,517
1109905,119,130,249
1109906,105,138,243
1109907,127,150,277
1109908,127,134,261
1109909,81,83,164
1109910,153,143,296
1109911,71,78,149
1109912,130,123,253
1109913,136,152,288
1109914,124,130,254
1109915,126,110,236
1109916,307,294,601
1109917,63,55,118
1109918,84,78,162
1109919,129,121,250
1109920,196,199,395
1109921,145,124,269
1109922,84,65,149
1109923,173,145,318
1109924,161,124,285
1109925,98,99,197
1109926,152,150,302
1109927,72,67,139
1109928,185,188,373
1109929,94,76,170
1110001,233,232,465
1110002,129,173,302
1110003,127,163,290
1110004,201,227,428
1110005,243,261,504
1110006,291,317,608
1110007,181,210,391
1110008,143,180,323
1110009,189,242,431
1110010,129,148,277
1110011,225,213,438
1110012,141,158,299
1110013,165,168,333
1110014,150,183,333
1110015,269,323,592
1110016,185,184,369
1110017,310,286,596
1110018,208,256,464
1110019,146,150,296
1110020,201,181,382
1110021,84,80,164
1110022,260,262,522
1110023,150,155,305
1110024,214,232,446
1110025,169,226,395
1110026,226,216,442
1110027,237,226,463
1110101,162,286,448
1110102,248,281,529
1110103,233,266,499
1110104,164,197,361
1110105,324,330,654
1110106,132,130,262
1110107,282,288,570
1110108,175,194,369
1110109,190,200,390
1110110,180,177,357
1110111,172,173,345
1110112,161,172,333
1110113,150,168,318
1110114,171,174,345
1110115,246,280,526
1110116,115,141,256
1110117,144,187,331
1110118,261,299,560
1110119,268,282,550
1110120,235,270,505
1110121,272,313,585
1110122,106,158,264
1110123,244,275,519
1110124,165,190,355
1110125,173,186,359
1110126,141,152,293
1110127,199,220,419
1110128,217,255,472
1110129,240,262,502
1110130,207,232,439
1110131,339,368,707
1110132,198,249,447
1110133,138,172,310
1110134,270,291,561
1110135,176,222,398
1110136,220,213,433
1110137,75,89,164
1110201,228,205,433
1110202,158,175,333
1110203,137,142,279
1110204,219,215,434
1110205,258,277,535
1110206,168,177,345
1110207,172,190,362
1110208,184,207,391
1110209,149,170,319
1110210,115,107,222
1110211,198,166,364
1110212,347,349,696
1110213,242,272,514
1110214,197,221,418
1110215,368,384,752
1110216,415,387,802
1110217,82,82,164
1110218,25,27,52
1110301,129,124,253
1110302,113,110,223
1110303,188,166,354
1110304,184,154,338
1110305,134,128,262
1110306,139,146,285
1110307,202,195,397
1110308,52,63,115
1110309,121,126,247
1110310,126,124,250
1110311,273,252,525
1110312,91,92,183
1110313,128,121,249
1110314,117,110,227
1110315,97,74,171
1110316,236,190,426
1110317,244,226,470
1110318,98,90,188
1110401,223,268,491
1110402,253,259,512
1110403,111,113,224
1110404,88,70,158
1110405,144,140,284
1110406,193,178,371
1110407,147,135,282
1110408,48,63,111
1110409,188,202,390
1110410,143,173,316
1110411,129,211,340
1110412,150,152,302
1110413,152,156,308
1110414,0,0,0
1110415,43,43,86
1110416,140,139,279
1110501,142,149,291
1110502,197,166,363
1110503,182,171,353
1110504,247,250,497
1110505,251,250,501
1110506,158,174,332
1110507,147,177,324
1110508,173,187,360
1110509,271,311,582
1110510,132,124,256
1110511,80,99,179
1110512,224,228,452
1110513,239,264,503
1110514,70,62,132
1110515,348,310,658
1110516,181,149,330
1110517,214,185,399
1110518,86,71,157
1110601,32,23,55
1110602,48,46,94
1110603,37,20,57
1110604,85,104,189
1110605,228,243,471
1110606,232,243,475
1110607,247,235,482
1110608,123,152,275
1110609,259,227,486
1110610,124,110,234
1110611,195,174,369
1110612,136,156,292
1110613,63,70,133
1110614,246,235,481
1110615,237,207,444
1110616,599,201,800
1110617,224,230,454
1110618,232,239,471
1110619,184,204,388
1110620,141,142,283
1110621,193,231,424
1110622,133,149,282
1110623,272,296,568
1110624,204,212,416
1110701,272,261,533
1110702,270,242,512
1110703,183,181,364
1110704,197,187,384
1110705,173,155,328
1110706,148,157,305
1110707,190,179,369
1110708,169,168,337
1110709,131,153,284
1110710,154,154,308
1110711,166,163,329
1110712,222,197,419
1110713,144,134,278
1110714,266,245,511
1110715,232,220,452
1110716,301,300,601
1110717,110,110,220
1110718,119,121,240
1110719,108,102,210
1110720,214,230,444
1110721,389,403,792
1110722,197,196,393
1110723,322,329,651
1110801,266,300,566
1110802,382,415,797
1110803,81,59,140
1110804,466,0,466
1110805,276,275,551
1110806,151,154,305
1110807,222,243,465
1110808,215,193,408
1110809,135,116,251
1110810,205,201,406
1110811,182,197,379
1110812,206,260,466
1110813,189,253,442
1110814,77,115,192
1110815,111,153,264
1110816,213,224,437
1110817,205,222,427
1110818,125,200,325
1110819,200,233,433
1110820,217,232,449
1110821,184,178,362
1110822,297,263,560
1110823,92,88,180
1110824,91,94,185
1110825,254,329,583
1110826,96,88,184
1110827,29,36,65
1110828,0,0,0
1110829,196,194,390
1110830,321,341,662
1110831,117,113,230
1110832,170,210,380
1110833,154,152,306
1110834,212,220,432
1110835,90,107,197
1110836,291,314,605
1110837,298,312,610
1110838,158,154,312
1110839,172,173,345
1110840,175,148,323
1110841,191,177,368
1110842,190,176,366
1110843,178,187,365
1110844,172,193,365
1110845,203,288,491
1110846,178,164,342
1110847,338,336,674
1110848,113,98,211
1110849,222,249,471
1110850,201,235,436
1110851,198,194,392
1110852,112,135,247
1110853,212,223,435
1110901,143,165,308
1110902,121,126,247
1110903,181,163,344
1110904,116,105,221
1110905,171,185,356
1110906,166,174,340
1110907,130,113,243
1110908,183,161,344
1110909,247,244,491
1110910,189,169,358
1110911,119,120,239
1110912,161,183,344
1110913,132,143,275
1110914,189,189,378
1110915,135,151,286
1110916,219,239,458
1110917,111,140,251
1110918,113,104,217
1110919,124,130,254
1110920,186,166,352
1110921,81,77,158
1110922,204,189,393
1110923,101,84,185
1111001,102,85,187
1111002,272,273,545
1111003,167,151,318
1111004,110,121,231
1111005,140,114,254
1111006,122,153,275
1111007,233,257,490
1111008,120,127,247
1111009,185,188,373
1111010,124,135,259
1111011,223,205,428
1111012,162,178,340
1111013,82,91,173
1111014,166,139,305
1111015,123,121,244
1111016,107,110,217
1111017,145,133,278
1111018,116,112,228
1111019,146,145,291
1111020,166,163,329
1111021,168,165,333
1111022,164,152,316
1111023,198,175,373
1111024,141,142,283
1111025,119,114,233
1111026,115,120,235
1111027,278,268,546
1111101,258,251,509
1111102,126,145,271
1111103,124,157,281
1111104,103,118,221
1111105,190,218,408
1111106,142,151,293
1111107,117,105,222
1111108,214,217,431
1111109,137,160,297
1111110,226,203,429
1111111,275,289,564
1111112,151,137,288
1111113,277,286,563
1111114,246,241,487
1111115,290,253,543
1111116,266,289,555
1111117,156,161,317
1111118,114,127,241
1111119,235,220,455
1111120,265,215,480
1111121,156,160,316
1111122,131,143,274
1111123,189,200,389
1111124,236,238,474
1111125,206,226,432
1111126,259,272,531
1111127,228,267,495
1111128,232,263,495
1111129,186,198,384
1111130,262,269,531
1111131,176,165,341
1111132,160,177,337
1111133,169,189,358
1111134,152,173,325
1111135,155,140,295
1111136,171,170,341
1111137,0,0,0
1111138,110,106,216
1111139,0,0,0
1111140,185,186,371
1111141,136,142,278
1111142,13,12,25
1111143,113,102,215
1111144,106,119,225
1111145,86,94,180
1111146,0,0,0
1111147,269,248,517
1111201,185,161,346
1111202,168,165,333
1111203,270,265,535
1111204,153,160,313
1111205,140,157,297
1111206,152,164,316
1111207,160,178,338
1111208,110,131,241
1111209,233,246,479
1111210,393,182,575
1111211,97,73,170
1111212,193,184,377
1111213,226,195,421
1111214,223,237,460
1111215,159,139,298
1111216,153,163,316
1111217,155,163,318
1111218,168,157,325
1111219,221,222,443
1111220,68,47,115
1111221,152,138,290
1111222,187,209,396
1111223,130,112,242
1111224,209,186,395
1111225,126,124,250
1111226,151,149,300
1111227,230,223,453
1111228,117,115,232
1111229,157,156,313
1111230,247,240,487
1111231,239,217,456
1111232,150,160,310
1111233,259,234,493
1111234,166,189,355
1111235,249,229,478
1111236,326,331,657
1111237,161,173,334
1111238,159,145,304
1111239,347,284,631
1111240,136,181,317
1111241,99,92,191
1111242,218,209,427
1111243,413,412,825
1111301,135,126,261
1111302,194,185,379
1111303,113,68,181
1111304,173,148,321
1111305,183,175,358
1111306,192,178,370
1111307,84,78,162
1111308,109,72,181
1111309,202,194,396
1111310,125,113,238
1111311,197,200,397
1111312,257,232,489
1111313,150,157,307
1111314,220,216,436
1111315,147,138,285
1111401,153,143,296
1111402,262,271,533
1111403,109,107,216
1111404,269,233,502
1111405,281,299,580
1111406,76,58,134
1111407,292,279,571
1111408,208,192,400
1111409,189,142,331
1111410,268,251,519
1111411,151,193,344
1111412,155,190,345
1111501,190,203,393
1111502,204,212,416
1111503,152,182,334
1111504,117,121,238
1111505,266,269,535
1111506,218,274,492
1111507,166,184,350
1111508,241,251,492
1111509,286,322,608
1111510,135,146,281
1111511,209,200,409
1111512,193,198,391
1111513,177,234,411
1111514,267,303,570
1111515,238,263,501
1111516,212,204,416
1111517,222,234,456
1111518,155,136,291
1111519,207,225,432
1111520,244,259,503
1111521,88,91,179
1111522,395,401,796
1111523,234,221,455
1111524,153,132,285
1111525,48,43,91
1111526,284,320,604
1111527,184,200,384
1111528,181,200,381
1111529,271,311,582
1111530,193,198,391
1111531,153,153,306
1111532,175,191,366
1111533,263,278,541
1111534,160,178,338
1111535,216,242,458
1111536,112,203,315
1111537,123,118,241
1111538,256,275,531
1111539,195,203,398
1111540,331,377,708
1111541,278,294,572
1111542,165,184,349
1111543,271,270,541
1111544,183,200,383
1111545,157,184,341
1111546,232,218,450
1111547,277,233,510
1111548,161,162,323
1111549,101,109,210
1111550,184,177,361
1111551,152,168,320
1111552,198,217,415
1111553,190,192,382
1111554,265,262,527
1111555,221,224,445
1111556,260,244,504
1111557,151,156,307
1111558,155,148,303
1111559,177,179,356
1111560,159,163,322
1111561,169,177,346
1111562,0,0,0
1111563,105,105,210
1111564,24,17,41
1111565,200,224,424
1111601,240,234,474
1111602,252,226,478
1111603,138,131,269
1111604,289,284,573
1111605,232,226,458
1111606,349,381,730
1111607,82,93,175
1111608,196,189,385
1111609,122,137,259
1111610,220,228,448
1111611,128,127,255
1111612,290,333,623
1111613,151,174,325
1111614,206,238,444
1111615,204,204,408
1111616,158,168,326
1111701,121,129,250
1111702,215,243,458
1111703,303,288,591
1111704,193,207,400
1111705,191,206,397
1111706,128,138,266
1111707,78,96,174
1111708,222,251,473
1111709,130,134,264
1111710,196,222,418
1111711,254,289,543
1111712,346,341,687
1111713,264,275,539
1111714,310,298,608
1111715,138,157,295
1111716,229,283,512
1111717,220,217,437
1111718,235,243,478
1111719,278,298,576
1111720,171,187,358
1111721,199,193,392
1111722,217,232,449
1111723,279,292,571
1111724,229,226,455
1111725,215,231,446
1111726,115,121,236
1111727,118,107,225
1111728,94,119,213
1111729,312,362,674
1111730,120,116,236
1111731,226,242,468
1111732,310,285,595
1111733,214,239,453
1111734,183,168,351
1111735,150,157,307
1111736,236,260,496
1111737,222,228,450
1111738,231,261,492
1111739,355,381,736
1111740,146,156,302
1111741,175,179,354
1111742,137,149,286
1111743,174,184,358
1111744,10,6,16
1111801,278,285,563
1111802,177,176,353
1111803,151,152,303
1111804,293,247,540
1111805,255,244,499
1111806,265,240,505
1111807,195,219,414
1111808,223,229,452
1111809,164,167,331
1111810,231,250,481
1111811,166,158,324
1111812,263,240,503
1111813,118,104,222
1111814,100,84,184
1111815,0,0,0
1111816,284,290,574
1111817,169,152,321
1111818,191,166,357
1111819,246,265,511
1111820,131,147,278
1111821,222,254,476
1111822,264,256,520
1111901,138,138,276
1111902,201,189,390
1111903,269,261,530
1111904,196,195,391
1111905,278,286,564
1111906,135,120,255
1111907,56,55,111
1111908,0,0,0
1111909,84,91,175
1111910,124,119,243
1111911,131,138,269
1111912,135,147,282
1111913,205,222,427
1111914,164,182,346
1111915,248,251,499
1111916,208,177,385
1111917,0,0,0
1111918,135,142,277
1112001,5,7,12
1112002,189,167,356
1112003,155,143,298
1112004,224,221,445
1112005,3,3,6
1112006,271,320,591
1112007,121,120,241
1112008,245,276,521
1112009,274,255,529
1112010,303,303,606
1112011,138,125,263
1112012,168,153,321
1112013,209,184,393
1112014,229,232,461
1112015,103,108,211
1112016,260,284,544
1112017,0,0,0
1112018,232,286,518
1112101,285,291,576
1112102,219,212,431
1112103,157,163,320
1112104,129,139,268
1112105,141,155,296
1112106,205,232,437
1112107,111,107,218
1112108,226,244,470
1112109,198,227,425
1112110,115,128,243
1112111,0,0,0
1112112,0,0,0
1112113,5,0,5
1112114,8,9,17
1112115,204,250,454
1112116,198,172,370
1112117,35,13,48
1112118,176,182,358
1112119,202,263,465
1112120,131,147,278
1112121,48,30,78
1112122,103,93,196
1112123,207,276,483
1112124,213,212,425
1112125,190,206,396
1112126,117,115,232
1112127,222,233,455
1112128,171,182,353
1112129,129,136,265
1112130,178,193,371
1112131,282,256,538
1112132,394,393,787
1112133,170,176,346
1112134,261,351,612
1112135,30,33,63
1112136,216,218,434
1112137,187,212,399
1112138,295,320,615
1112139,164,177,341
1112140,139,162,301
1112141,234,230,464
1112142,175,178,353
1112143,234,271,505
1112144,150,151,301
1112145,268,240,508
1112146,206,321,527
1112147,145,136,281
1112148,195,213,408
1112149,227,213,440
1112150,124,153,277
1112151,203,255,458
1112152,159,174,333
1112153,172,172,344
1112154,191,222,413
1112155,156,175,331
1112156,156,157,313
1112201,328,350,678
1112202,184,87,271
1112203,0,0,0
1112204,192,185,377
1112205,200,220,420
1112206,211,213,424
1112207,225,267,492
1112208,144,189,333
1112209,198,206,404
1112210,279,302,581
1112211,166,176,342
1112212,282,313,595
1112213,118,108,226
1112214,183,199,382
1112215,221,245,466
1112216,169,169,338
1112217,233,244,477
1112218,174,176,350
1112219,225,227,452
1112220,151,179,330
1112221,266,282,548
1112222,219,262,481
1112223,244,280,524
1112224,174,171,345
1112225,215,219,434
1112226,262,266,528
1112227,288,312,600
1112228,266,261,527
1112229,281,315,596
1112230,282,210,492
1112231,117,118,235
1112232,4,3,7
1112233,99,108,207
1112234,148,130,278
1112301,104,104,208
1112302,149,136,285
1112303,218,207,425
1112304,214,202,416
1112305,259,264,523
1112306,97,89,186
1112307,122,112,234
1112308,214,224,438
1112309,152,161,313
1112310,294,310,604
1112311,177,182,359
1112312,160,168,328
1112313,200,217,417
1112314,151,173,324
1112315,117,126,243
1112401,120,123,243
1112402,143,148,291
1112403,168,176,344
1112404,178,199,377
1112405,254,281,535
1112406,154,162,316
1112407,95,118,213
1112408,178,139,317
1112409,124,125,249
1112410,207,194,401
1112411,239,227,466
1112412,113,117,230
1112413,224,198,422
1112414,50,45,95
1112415,0,0,0
1112416,0,0,0
1112501,95,78,173
1112502,214,199,413
1112503,146,149,295
1112504,162,168,330
1112505,0,0,0
1112506,267,258,525
1112507,291,290,581
1112508,0,0,0
1112509,147,19,166
1112510,145,112,257
1112511,212,224,436
1112512,158,161,319
1112513,259,273,532
1112514,49,58,107
1112515,197,179,376
1112516,192,167,359
1112517,152,198,350
1112518,233,241,474
1112519,185,178,363
1112520,166,154,320
1112521,251,282,533
1112522,179,184,363
1112523,166,178,344
1112524,256,269,525
1112525,239,246,485
1112526,155,155,310
1112527,277,308,585
1112528,230,246,476
1112529,176,172,348
1112530,273,280,553
1112531,146,148,294
1112532,129,122,251
1112533,0,0,0
1112534,101,103,204
1112535,168,160,328
1112536,114,136,250
1112537,200,159,359
1112601,86,71,157
1112602,332,45,377
1112603,192,182,374
1112604,186,195,381
1112605,157,153,310
1112606,130,107,237
1112607,162,173,335
1112608,105,85,190
1112609,230,211,441
1112610,247,252,499
1112611,114,112,226
1112612,143,141,284
1112613,223,216,439
1112614,225,221,446
1112615,71,54,125
1112616,110,109,219
1112617,277,254,531
1112618,172,152,324
1112619,88,102,190
1112620,226,190,416
1112621,246,252,498
1112622,251,248,499
1112623,221,208,429
1112624,187,173,360
1112625,183,156,339
1112626,122,137,259
1112627,181,196,377
1112628,118,90,208
1112629,184,183,367
1112630,287,270,557
1112631,325,364,689
1112632,93,118,211
1112633,119,129,248
1112634,148,108,256
1112635,0,0,0
1112701,211,224,435
1112702,164,156,320
1112703,203,195,398
1112704,0,0,0
1112705,105,90,195
1112706,241,193,434
1112707,111,112,223
1112708,171,158,329
1112709,200,201,401
1112710,261,260,521
1112711,152,128,280
1112712,230,230,460
1112801,219,283,502
1112802,232,247,479
1112803,183,195,378
1112804,268,279,547
1112805,199,206,405
1112806,200,201,401
1112807,128,129,257
1112808,183,182,365
1112809,248,286,534
1112810,301,297,598
1112811,276,260,536
1112812,224,232,456
1112813,205,231,436
1112901,203,193,396
1112902,260,270,530
1112903,265,237,502
1112904,219,193,412
1112905,114,84,198
1112906,162,155,317
1112907,153,145,298
1112908,160,163,323
1112909,137,150,287
1112910,161,162,323
1112911,93,95,188
1112912,149,126,275
1112913,198,172,370
1112914,128,129,257
1112915,140,139,279
1112916,223,214,437
1112917,183,167,350
1112918,140,133,273
1112919,114,99,213
1112920,131,125,256
1112921,174,192,366
1112922,222,257,479
1112923,290,258,548
1113001,164,187,351
1113002,279,275,554
1113003,151,188,339
1113004,242,256,498
1113005,275,315,590
1113006,315,311,626
1113007,240,233,473
1113008,276,291,567
1113009,154,175,329
1113010,270,282,552
1113011,150,164,314
1113012,178,178,356
1113013,233,233,466
1113014,230,254,484
1113015,210,211,421
1113016,230,214,444
1113017,225,222,447
1113018,11,16,27
1113019,271,201,472
1113020,203,118,321
1113021,266,282,548
1113022,210,204,414
1113023,175,175,350
1113024,220,240,460
1113025,210,211,421
1113026,196,181,377
1113027,201,182,383
1113028,245,240,485
1113029,201,201,402
1113030,221,207,428
1113031,274,256,530
1113032,143,116,259
1113033,226,235,461
1113034,178,171,349
1113035,5,8,13
1113036,174,162,336
1113037,0,0,0
1113038,224,232,456
1113039,5,4,9
1113040,127,123,250
1113041,318,305,623
1113042,200,196,396
1113043,260,317,577
1113044,212,253,465
1113045,142,131,273
1113046,275,300,575
1113047,148,123,271
1113048,270,282,552
1113049,274,301,575
1113050,231,209,440
1113051,0,0,0
1113052,146,147,293
1113053,266,268,534
1113054,113,113,226
1113055,248,243,491
1113056,64,58,122
1113057,486,455,941
1113058,114,115,229
1113059,225,247,472
1113060,169,161,330
1113061,221,242,463
1113062,242,191,433
1113063,299,300,599
1113064,136,122,258
1113065,207,199,406
1113066,150,229,379
1113067,89,85,174
1113101,143,164,307
1113102,183,156,339
1113103,162,183,345
1113104,131,145,276
1113105,269,271,540
1113106,152,176,328
1113107,191,182,373
1113108,160,166,326
1113109,266,281,547
1113110,110,112,222
1113111,165,168,333
1113112,3,3,6
1113113,173,179,352
1113114,346,347,693
1113115,187,206,393
1113116,99,115,214
1113117,261,309,570
1113118,273,297,570
1113119,225,225,450
1113120,213,224,437
1113121,118,99,217
1113122,126,128,254
1113123,165,159,324
1113124,196,201,397
1113125,123,115,238
1113126,240,253,493
1113127,225,224,449
1113128,263,299,562
1113129,222,202,424
1113130,154,150,304
1113131,203,208,411
1113132,161,148,309
1113133,122,131,253
1113134,224,306,530
1113135,141,145,286
1113136,137,118,255
1113137,317,287,604
1113138,247,366,613
1113139,240,331,571
1113140,162,185,347
1113141,108,113,221
1113142,106,103,209
1113143,258,256,514
1113144,196,200,396
1113145,155,145,300
1113146,229,220,449
1113147,211,206,417
1113148,231,242,473
1113149,167,182,349
1113150,289,305,594
1113151,131,139,270
1113152,241,257,498
1113153,113,118,231
1113154,212,248,460
1113155,209,233,442
1113156,107,115,222
1113157,266,258,524
1113158,245,237,482
1113201,171,168,339
1113202,165,167,332
1113203,173,142,315
1113204,276,280,556
1113205,182,187,369
1113206,194,203,397
1113207,173,186,359
1113208,93,91,184
1113209,96,100,196
1113210,165,173,338
1113211,298,310,608
1113212,142,130,272
1113213,228,227,455
1113214,239,259,498
1113215,299,333,632
1113216,189,187,376
1113217,262,293,555
1113218,148,131,279
1113219,177,179,356
1113301,24,4,28
1113401,0,0,0
1113402,209,215,424
1113403,209,217,426
1113404,224,226,450
1113405,112,95,207
1113406,255,278,533
1113407,156,162,318
1113408,146,148,294
1113409,110,117,227
1113410,150,146,296
1113411,153,150,303
1113412,123,128,251
1113413,136,124,260
1113414,182,173,355
1113415,243,231,474
1113416,172,164,336
1113417,162,289,451
1113418,157,140,297
1113419,212,238,450
1113420,258,256,514
1113421,216,192,408
1113422,283,272,555
1113423,170,189,359
1113424,299,260,559
1113425,123,105,228
1113426,179,188,367
1113427,86,96,182
1113428,112,113,225
1113429,196,212,408
1113430,165,198,363
1113431,148,138,286
1113432,159,155,314
1113433,164,145,309
1113434,225,238,463
1113435,192,263,455
1113436,167,165,332
1113437,100,125,225
1113438,187,183,370
1113439,153,283,436
1113440,155,173,328
1113441,6,0,6
1113442,258,263,521
1113443,145,137,282
1113444,134,140,274
1113445,100,110,210
1113501,6,6,12
1113601,216,247,463
1113602,179,181,360
1113603,229,259,488
1113604,191,209,400
1113605,205,186,391
1113606,95,80,175
1113607,230,185,415
1113608,71,86,157
1113609,212,232,444
1113610,294,300,594
1113611,172,171,343
1113612,192,211,403
1113613,230,279,509
1113614,242,253,495
1113615,323,329,652
1113616,0,0,0
1113617,218,267,485
1113618,211,212,423
1113619,226,218,444
1113620,183,193,376
1113621,202,226,428
1113622,277,253,530
1113623,196,210,406
1113624,149,172,321
1113625,238,259,497
1113626,109,119,228
1113627,106,116,222
1113628,141,128,269
1113629,175,185,360
1113630,180,179,359
1113631,108,120,228
1113632,163,139,302
1113633,283,326,609
1113634,153,157,310
1113635,269,258,527
1113701,110,140,250
1113702,276,310,586
1113703,4,0,4
1113704,147,150,297
1113705,170,142,312
1113706,222,252,474
1113707,142,140,282
1113708,139,129,268
1113709,146,160,306
1113710,204,289,493
1113711,235,219,454
1113712,188,202,390
1113713,272,275,547
1113714,238,272,510
1113715,224,204,428
1113716,209,213,422
1113717,148,156,304
1113718,162,181,343
1113719,3,3,6
1113720,0,0,0
1113721,9,6,15
1113722,145,161,306
1113801,174,163,337
1113802,138,157,295
1113803,143,134,277
1113804,165,160,325
1113805,198,286,484
1113806,161,181,342
1113807,159,168,327
1113808,144,142,286
1113809,274,261,535
1113810,157,159,316
1113811,240,255,495
1113812,198,214,412
1113813,184,200,384
1113814,147,145,292
1113815,225,246,471
1113816,132,126,258
1113817,126,117,243
1113818,68,83,151
1113819,45,37,82
1113820,210,208,418
1113821,217,215,432
1113901,13,17,30
1113902,3,3,6
1113903,100,111,211
1113904,243,261,504
1113905,249,231,480
1113906,146,167,313
1113907,184,176,360
1113908,260,287,547
1113909,206,199,405
1113910,148,157,305
1113911,0,0,0
1113912,240,230,470
1113913,149,141,290
1113914,157,182,339
1113915,200,180,380
1113916,178,204,382
1113917,115,111,226
1113918,0,0,0
1113919,247,247,494
1114001,243,262,505
1114002,80,76,156
1114003,200,176,376
1114004,149,169,318
1114005,102,110,212
1114006,273,268,541
1114007,294,321,615
1114008,105,114,219
1114009,273,284,557
1114010,138,145,283
1114011,197,200,397
1114012,243,254,497
1114013,178,183,361
1114014,125,241,366
1114015,120,108,228
1114016,87,120,207
1114017,202,214,416
1114018,142,142,284
1114019,144,116,260
1114020,113,119,232
1114101,245,258,503
1114102,0,0,0
1114103,74,80,154
1114104,212,217,429
1114105,111,113,224
1114106,180,197,377
1114107,169,167,336
1114108,204,213,417
1114109,443,466,909
1114110,202,201,403
1114111,0,0,0
1114112,305,322,627
1114113,178,193,371
1114114,190,198,388
1114115,161,139,300
1114116,274,253,527
1114117,203,230,433
1114118,137,142,279
1114119,246,254,500
1114120,224,212,436
1114121,229,226,455
1114122,285,325,610
1114123,279,276,555
1114124,129,136,265
1114125,343,351,694
1114126,86,96,182
1114127,195,177,372
1114128,304,313,617
1114129,248,245,493
1114130,315,301,616
1114131,214,231,445
1114132,243,282,525
1114201,260,272,532
1114202,175,213,388
1114203,11,9,20
1114204,165,178,343
1114205,196,212,408
1114206,183,212,395
1114207,181,198,379
1114208,224,249,473
1114209,150,170,320
1114210,103,123,226
1114211,226,224,450
1114212,188,195,383
1114213,173,167,340
1114214,193,186,379
1114215,142,157,299
1114216,179,194,373
1114217,210,186,396
1114218,262,256,518
1114219,133,149,282
1114220,180,208,388
1114221,22,11,33
1114222,269,269,538
1114223,160,157,317
1114224,183,199,382
1114225,251,255,506
1114226,193,225,418
1114301,134,166,300
1114302,276,267,543
1114303,192,204,396
1114304,168,184,352
1114305,116,136,252
1114306,192,210,402
1114307,179,199,378
1114308,149,160,309
1114309,156,145,301
1114310,227,229,456
1114311,207,236,443
1114312,0,0,0
1114313,184,185,369
1114314,171,188,359
1114315,225,253,478
1114316,178,168,346
1114317,306,318,624
1114318,179,190,369
1114319,241,228,469
1114320,178,206,384
1114321,305,298,603
1114322,145,143,288
1114323,173,200,373
1114324,127,135,262
1114325,263,288,551
1114326,238,257,495
1114327,142,132,274
1114328,161,154,315
1114329,119,142,261
1114330,162,146,308
1114331,195,199,394
1114332,152,189,341
1114333,213,230,443
1114334,303,255,558
1114335,263,244,507
1114336,229,239,468
1114337,201,205,406
1114338,147,165,312
1114339,207,223,430
1114340,132,142,274
1114341,164,166,330
1114342,177,195,372
1114343,172,163,335
1114344,278,252,530
1114345,242,276,518
1114346,266,273,539
1114347,258,245,503
1114348,195,232,427
1114349,293,296,589
1114350,253,271,524
1114401,215,214,429
1114402,306,290,596
1114403,122,112,234
1114404,222,238,460
1114405,198,197,395
1114406,178,169,347
1114407,259,257,516
1114408,144,173,317
1114409,119,136,255
1114410,166,166,332
1114411,197,190,387
1114412,115,103,218
1114413,164,161,325
1114414,225,254,479
1114415,67,98,165
1114416,123,115,238
1114417,296,318,614
1114418,240,217,457
1114419,128,124,252
1114420,61,63,124
1114421,203,232,435
1114422,236,256,492
1114423,306,320,626
1114424,246,234,480
1114425,259,268,527
1114426,277,277,554
1114427,207,244,451
1114428,262,310,572
1114429,220,216,436
1114430,198,229,427
1114431,276,315,591
1114432,198,208,406
1114433,290,325,615
1114434,216,218,434
1114435,266,250,516
1114436,304,271,575
1114437,247,227,474
1114438,129,118,247
1114439,165,170,335
1114440,185,190,375
1114441,184,176,360
1114442,186,198,384
1114443,211,215,426
1114444,302,373,675
1114445,280,279,559
1114446,172,163,335
1114447,176,171,347
1114448,105,112,217
1114501,140,159,299
1114502,252,282,534
1114503,202,223,425
1114504,178,172,350
1114505,265,279,544
1114506,0,0,0
1114507,170,164,334
1114508,164,181,345
1114509,201,193,394
1114510,221,245,466
1114511,164,185,349
1114512,192,197,389
1114513,103,108,211
1114514,155,147,302
1114515,179,186,365
1114516,305,329,634
1114517,194,210,404
1114518,270,246,516
1114519,197,160,357
1114520,221,253,474
1114521,143,163,306
1114522,164,192,356
1114523,249,270,519
1114524,144,146,290
1114525,151,155,306
1114526,197,189,386
1114527,212,239,451
1114528,263,312,575
1114529,241,261,502
1114530,46,60,106
1114531,173,200,373
1114532,144,162,306
1114533,249,229,478
1114534,227,232,459
1114535,253,286,539
1114536,125,96,221
1114537,133,159,292
1114538,216,221,437
1114539,233,270,503
1114601,146,137,283
1114602,211,220,431
1114603,284,253,537
1114604,178,177,355
1114605,246,248,494
1114606,211,242,453
1114607,194,180,374
1114608,189,176,365
1114609,326,314,640
1114610,252,258,510
1114611,238,237,475
1114612,194,197,391
1114613,140,143,283
1114614,351,345,696
1114615,232,213,445
1114616,241,219,460
1114617,236,190,426
1114618,252,211,463
1114619,103,106,209
1114620,123,139,262
1114621,123,121,244
1114622,252,264,516
1114623,186,187,373
1114624,193,205,398
1114625,223,231,454
1114626,307,336,643
1114627,277,314,591
1114628,197,200,397
1114629,209,202,411
1114630,289,285,574
1114631,183,189,372
1114632,173,192,365
1114633,143,178,321
1114634,233,241,474
1114635,304,287,591
1114636,194,237,431
1114637,301,284,585
1114638,25,22,47
1114639,151,97,248
1114640,278,267,545
1114641,184,188,372
1114642,188,202,390
1114643,200,231,431
1114644,206,191,397
1114645,280,311,591
1114646,276,274,550
1114701,289,282,571
1114702,272,261,533
1114703,148,155,303
1114704,216,226,442
1114705,230,256,486
1114706,159,124,283
1114707,0,0,0
1114708,228,238,466
1114709,166,147,313
1114710,4,4,8
1114711,215,241,456
1114712,236,222,458
1114713,309,308,617
1114714,115,100,215
1114715,96,94,190
1114716,154,106,260
1114717,38,37,75
1114718,162,141,303
1114719,139,136,275
1114720,192,193,385
1114721,207,208,415
1114722,227,244,471
1114723,236,223,459
1114724,219,259,478
1114801,210,201,411
1114802,220,195,415
1114803,153,137,290
1114804,250,252,502
1114805,157,166,323
1114806,0,0,0
1114807,167,180,347
1114808,229,244,473
1114809,147,166,313
1114810,217,230,447
1114811,240,224,464
1114812,0,0,0
1114813,188,202,390
1114814,84,112,196
1114815,135,142,277
1114816,141,140,281
1114817,0,0,0
1114818,113,84,197
1114819,124,131,255
1114820,150,142,292
1114821,197,215,412
1114822,227,253,480
1114823,143,136,279
1114824,239,259,498
1114825,199,260,459
1114826,333,339,672
1114827,238,262,500
1114828,179,170,349
1114829,153,134,287
1114830,160,191,351
1114831,209,212,421
1114901,0,0,0
1114902,252,257,509
1114903,207,197,404
1114904,106,87,193
1114905,249,256,505
1114906,90,98,188
1114907,214,216,430
1114908,334,351,685
1114909,217,233,450
1114910,151,158,309
1114911,291,281,572
1114912,228,226,454
1114913,161,142,303
1114914,177,167,344
1114915,185,179,364
1114916,271,250,521
1114917,336,337,673
1114918,149,149,298
1114919,305,294,599
1114920,179,186,365
1114921,391,364,755
1114922,273,255,528
1114923,332,294,626
1114924,256,248,504
1114925,263,270,533
1114926,349,312,661
1114927,272,302,574
1114928,301,274,575
1114929,365,318,683
1114930,279,253,532
1114931,179,158,337
1114932,360,337,697
1114933,186,168,354
1114934,319,290,609
1114935,224,208,432
1114936,196,172,368
1114937,276,215,491
1114938,248,225,473
1114939,272,278,550
1114940,6,3,9
1114941,263,230,493
1114942,150,141,291
1114943,201,207,408
1114944,97,107,204
1114945,308,238,546
1114946,241,213,454
1114947,197,189,386
1114948,227,241,468
1114949,211,204,415
1114950,196,203,399
1114951,245,199,444
1114952,262,248,510
1114953,380,370,750
1114954,241,223,464
1114955,165,155,320
1114956,543,517,1060
1114957,171,197,368
1114958,139,159,298
1114959,168,165,333
1114960,173,203,376
1114961,197,216,413
1115001,164,176,340
1115002,262,267,529
1115003,315,281,596
1115004,236,243,479
1115005,216,228,444
1115006,304,290,594
1115007,185,208,393
1115008,216,253,469
1115009,148,188,336
1115010,167,185,352
1115011,205,213,418
1115012,102,119,221
1115013,102,106,208
1115014,303,340,643
1115015,235,237,472
1115016,120,140,260
1115017,289,288,577
1115018,139,144,283
1115019,239,262,501
1115020,164,180,344
1115021,215,263,478
1115022,322,356,678
1115023,195,208,403
1115024,212,340,552
1115025,112,127,239
1115026,176,186,362
1115027,334,351,685
1115028,102,99,201
1115029,221,246,467
1115030,246,283,529
1115031,277,281,558
1115032,160,168,328
1115033,286,293,579
1115034,149,142,291
1115035,205,200,405
1115036,332,359,691
1115037,126,128,254
1115038,165,164,329
1115039,152,154,306
1115040,292,337,629
1115041,237,211,448
1115042,217,208,425
1115043,10,6,16
1115044,145,161,306
1115101,327,324,651
1115102,88,87,175
1115103,142,137,279
1115104,161,161,322
1115105,189,161,350
1115106,104,92,196
1115107,105,102,207
1115108,203,203,406
1115109,142,128,270
1115110,203,195,398
1115111,340,360,700
1115112,228,234,462
1115113,0,0,0
1115114,162,150,312
1115201,241,280,521
1115202,159,186,345
1115203,191,176,367
1115204,266,283,549
1115205,240,247,487
1115206,233,243,476
1115207,155,157,312
1115208,263,262,525
1115209,137,135,272
1115210,226,238,464
1115211,191,228,419
1115212,166,223,389
1115213,167,195,362
1115214,268,304,572
1115215,5,6,11
1115216,218,218,436
1115217,166,161,327
1115218,312,333,645
1115219,203,230,433
1115220,124,156,280
1115221,255,298,553
1115222,144,150,294
1115223,0,0,0
1115224,58,62,120
1115225,196,196,392
1115226,143,154,297
1115227,103,142,245
1115228,206,209,415
1115229,177,193,370
1115230,204,216,420
1115231,246,258,504
1115232,169,186,355
1115233,295,292,587
1115234,115,220,335
1115235,184,196,380
1115236,126,115,241
1115301,173,151,324
1115302,91,112,203
1115303,318,319,637
1115304,255,240,495
1115305,102,104,206
1115306,127,110,237
1115307,265,246,511
1115308,142,112,254
1115309,106,110,216
1115310,121,97,218
1115311,214,203,417
1115312,132,124,256
1115313,216,194,410
1115314,113,118,231
1115315,216,218,434
1115316,282,284,566
1115401,213,313,526
1115402,0,0,0
1115403,0,0,0
1115404,97,136,233
1115405,280,284,564
1115406,173,154,327
1115407,109,117,226
1115408,216,223,439
1115409,151,189,340
1115410,155,176,331
1115411,148,204,352
1115412,173,195,368
1115413,301,302,603
1115414,197,204,401
1115415,162,146,308
1115416,151,175,326
1115417,8,5,13
1115418,116,125,241
1115419,104,105,209
1115501,266,265,531
1115502,168,180,348
1115503,102,100,202
1115504,210,210,420
1115505,123,151,274
1115506,170,194,364
1115507,134,152,286
1115508,159,183,342
1115509,169,154,323
1115510,196,213,409
1115511,231,251,482
1115512,245,262,507
1115513,105,137,242
1115514,204,254,458
1115515,169,194,363
1115516,146,184,330
1115517,232,286,518
1115518,138,157,295
1115519,185,267,452
1115520,124,129,253
1115521,251,293,544
1115522,272,280,552
1115523,130,141,271
1115524,144,184,328
1115525,135,151,286
1115526,190,224,414
1115527,176,218,394
1115528,148,167,315
1115529,180,190,370
1115530,176,160,336
1115531,136,125,261
1115532,301,272,573
1115533,115,97,212
1115534,141,130,271
1115535,450,27,477
1115536,123,135,258
1115537,72,59,131
1115538,205,184,389
1115539,47,39,86
1115540,204,230,434
1115601,142,131,273
1115602,182,167,349
1115603,180,146,326
1115604,161,157,318
1115605,155,150,305
1115606,149,153,302
1115607,141,123,264
1115608,161,143,304
1115609,197,162,359
1115610,137,127,264
1115611,185,202,387
1115612,198,193,391
1115613,153,126,279
1115614,184,166,350
1115615,204,223,427
1115616,98,106,204
1115617,101,107,208
1115618,106,88,194
1115619,151,130,281
1115620,244,222,466
1115621,123,103,226
1115622,188,184,372
1115623,177,155,332
1115624,294,260,554
1115625,145,133,278
1115626,142,119,261
1115627,160,148,308
1115628,191,165,356
1115701,265,271,536
1115702,120,120,240
1115703,104,99,203
1115704,181,214,395
1115705,123,131,254
1115706,151,176,327
1115707,104,97,201
1115708,111,121,232
1115709,202,186,388
1115710,132,189,321
1115711,170,227,397
1115712,107,129,236
1115713,151,169,320
1115714,202,206,408
1115715,79,96,175
1115801,219,220,439
1115802,236,252,488
1115803,130,162,292
1115804,243,295,538
1115805,250,292,542
1115806,175,209,384
1115807,0,0,0
1115808,0,0,0
1115809,105,144,249
1115810,148,155,303
1115811,206,235,441
1115812,3,0,3
1115813,136,156,292
1115814,282,313,595
1115815,157,161,318
1115816,252,271,523
1115817,183,225,408
1115818,248,249,497
1115819,193,158,351
1115901,227,200,427
1115902,115,148,263
1115903,221,244,465
1115904,53,54,107
1115905,424,407,831
1115906,203,181,384
1115907,120,100,220
1115908,179,169,348
1115909,263,259,522
1115910,130,120,250
1115911,193,184,377
1115912,149,132,281
1115913,67,82,149
1115914,161,161,322
1115915,172,169,341
1115916,224,164,388
1115917,159,151,310
1115918,163,168,331
1115919,48,55,103
1115920,221,254,475
1115921,113,118,231
1115922,108,99,207
1116001,237,263,500
1116002,145,154,299
1116003,125,125,250
1116004,115,174,289
1116005,163,171,334
1116006,198,204,402
1116007,182,171,353
1116008,78,84,162
1116009,180,166,346
1116010,0,0,0
1116011,60,76,136
1116012,0,0,0
1116013,226,222,448
1116014,166,162,328
1116015,183,184,367
1116016,121,132,253
1116017,242,245,487
1116101,175,185,360
1116201,215,204,419
1116202,107,96,203
1116203,172,170,342
1116204,291,323,614
1116205,109,112,221
1116206,227,240,467
1116207,130,151,281
1116208,140,143,283
1116209,118,108,226
1116210,279,276,555
1116211,165,185,350
1116212,96,104,200
1116213,108,165,273
1116214,116,134,250
1116215,157,154,311
1116216,72,54,126
1116217,168,176,344
1116218,223,218,441
1116219,140,131,271
1116220,177,183,360
1116221,108,106,214
1116222,118,122,240
1116223,150,153,303
1116224,173,158,331
1116225,144,134,278
1116226,8,8,16
1116227,120,116,236
1116228,135,131,266
1116229,243,288,531
1116230,219,221,440
1116231,140,147,287
1116232,256,242,498
1116233,6,6,12
1116234,127,152,279
1116235,120,124,244
1116236,143,166,309
1116237,262,265,527
1116238,64,57,121
1116239,181,187,368
1116240,0,0,0
1116241,146,135,281
1116242,225,196,421
1116243,210,225,435
1116244,178,198,376
1116245,106,103,209
1116246,149,147,296
1116247,222,307,529
1116248,176,215,391
1116249,263,344,607
1116250,0,0,0
1116251,84,81,165
1116301,189,199,388
1116302,144,190,334
1116303,249,332,581
1116304,221,241,462
1116305,206,223,429
1116306,128,161,289
1116307,319,423,742
1116308,266,269,535
1116309,183,244,427
1116310,157,171,328
1116311,273,295,568
1116312,227,236,463
1116313,175,171,346
1116314,125,144,269
1116315,258,255,513
1116316,191,171,362
1116317,147,206,353
1116318,200,208,408
1116319,0,0,0
1116320,186,280,466
1116321,161,168,329
1116322,161,158,319
1116323,129,168,297
1116324,138,155,293
1116325,0,0,0
1116326,236,239,475
1116327,197,222,419
1116328,138,142,280
1116329,142,148,290
1116330,122,141,263
1116331,129,140,269
1116332,174,177,351
1116333,150,165,315
1116334,163,182,345
1116335,208,183,391
1116336,159,183,342
1116337,193,209,402
1116338,208,199,407
1116339,222,235,457
1116340,116,144,260
1116341,318,347,665
1116342,269,258,527
1116343,183,212,395
1116344,108,112,220
1116345,174,191,365
1116346,282,283,565
1116347,133,147,280
1116348,145,166,311
1116349,234,224,458
1116350,273,307,580
1116351,186,191,377
1116352,211,214,425
1116353,158,165,323
1116354,251,253,504
1116355,191,203,394
1116356,118,150,268
1116357,209,222,431
1116358,240,239,479
1116359,268,282,550
1116360,195,232,427
1116361,243,240,483
1116362,129,255,384
1116363,289,312,601
1116364,269,267,536
1116365,182,184,366
1116366,186,197,383
1116367,297,357,654
1116401,191,139,330
1116402,232,257,489
1116403,24,18,42
1116404,131,162,293
1116405,230,257,487
1116406,201,360,561
1116407,297,303,600
1116408,230,249,479
1116409,163,170,333
1116410,296,348,644
1116411,253,287,540
1116412,193,174,367
1116413,259,295,554
1116414,194,154,348
1116415,114,123,237
1116416,183,213,396
1116417,101,102,203
1116418,182,191,373
1116419,255,282,537
1116420,193,208,401
1116421,216,321,537
1116422,285,349,634
1116423,236,287,523
1116424,257,310,567
1116425,276,302,578
1116426,200,185,385
1116427,217,258,475
1116428,179,226,405
1116429,134,171,305
1116430,212,243,455
1116431,119,123,242
1116432,97,151,248
1116433,199,209,408
1116434,173,262,435
1116435,0,0,0
1116436,125,98,223
1116437,11,7,18
1116438,156,192,348
1116501,195,186,381
1116502,118,136,254
1116503,107,114,221
1116504,141,124,265
1116505,215,182,397
1116506,192,182,374
1116507,190,189,379
1116508,78,70,148
1116509,192,200,392
1116510,111,97,208
1116511,133,132,265
1116512,159,134,293
1116513,199,185,384
1116514,166,162,328
1116515,155,139,294
1116516,236,217,453
1116601,96,102,198
1116602,140,165,305
1116603,181,194,375
1116604,244,246,490
1116605,190,203,393
1116606,188,223,411
1116607,224,227,451
1116608,174,195,369
1116609,161,267,428
1116610,153,147,300
1116611,276,311,587
1116612,170,175,345
1116613,72,67,139
1116614,274,296,570
1116615,196,197,393
1116616,128,127,255
1116617,3,3,6
1116618,209,216,425
1116619,281,286,567
1116620,226,213,439
1116621,162,166,328
1116622,208,199,407
1116623,116,99,215
1116624,139,154,293
1116625,117,130,247
1116626,185,210,395
1116627,155,164,319
1116628,91,109,200
1116629,170,194,364
1116701,152,160,312
1116702,231,239,470
1116703,135,170,305
1116704,119,144,263
1116705,149,122,271
1116706,126,146,272
1116707,17,6,23
1116708,259,280,539
1116709,140,128,268
1116710,123,118,241
1116711,196,163,359
1116712,101,91,192
1116713,244,274,518
1116714,208,207,415
1116715,227,186,413
1116801,258,285,543
1116802,108,98,206
1116803,241,204,445
1116804,145,156,301
1116805,218,239,457
1116806,310,310,620
1116807,136,114,250
1116808,191,212,403
1116809,149,170,319
1116810,20,28,48
1116811,108,104,212
1116812,229,226,455
1116813,183,182,365
1116814,112,96,208
1116815,272,273,545
1116816,214,228,442
1116817,99,118,217
1116818,143,212,355
1116819,217,250,467
1116820,182,231,413
1116821,70,70,140
1116822,190,209,399
1116823,126,141,267
1116824,171,178,349
1116825,206,228,434
1116826,88,108,196
1116827,93,95,188
1116828,0,0,0
1116829,153,154,307
1116901,224,285,509
1116902,160,175,335
1116903,171,246,417
1116904,172,191,363
1116905,133,149,282
1116906,90,66,156
1116907,216,204,420
1116908,156,139,295
1116909,184,181,365
1116910,135,128,263
1116911,160,161,321
1116912,162,183,345
1116913,179,209,388
1116914,129,146,275
1116915,254,273,527
1116916,259,279,538
1116917,139,170,309
1116918,249,247,496
1116919,163,205,368
1116920,142,164,306
1116921,116,135,251
1116922,222,273,495
1116923,199,170,369
1116924,104,159,263
1116925,89,96,185
1116926,177,179,356
1116927,58,87,145
1116928,202,197,399
1116929,226,235,461
1116930,134,125,259
1116931,228,241,469
1116932,111,123,234
1116933,159,157,316
1116934,130,149,279
1116935,181,193,374
1116936,109,108,217
1116937,171,159,330
1116938,122,155,277
1116939,129,150,279
1116940,153,146,299
1116941,138,161,299
1116942,137,140,277
1116943,234,255,489
1116944,110,139,249
1116945,94,104,198
1116946,187,203,390
1116947,84,85,169
1116948,234,258,492
1116949,292,313,605
1116950,162,196,358
1116951,39,33,72
1116952,169,246,415
1116953,43,47,90
1116954,208,191,399
1116955,179,174,353
1116956,170,153,323
1116957,157,205,362
1116958,152,152,304
1116959,190,229,419
1116960,134,203,337
1117001,380,395,775
1117002,0,0,0
1117003,127,87,214
1117004,142,161,303
1117005,206,181,387
1117006,189,189,378
1117007,130,91,221
1117008,181,203,384
1117009,0,0,0
1117010,153,137,290
1117011,0,0,0
1117012,294,272,566
1117013,166,181,347
1117014,221,201,422
1117015,251,242,493
1117016,148,118,266
1117017,165,157,322
1117018,0,0,0
1117019,134,123,257
1117020,162,165,327
1117021,178,162,340
1117022,208,192,400
1117023,152,157,309
1117024,178,161,339
1117025,142,122,264
1117026,132,115,247
1117027,196,189,385
1117028,129,151,280
1117029,58,62,120
1117030,79,98,177
1117031,200,192,392
1117032,240,226,466
1117033,169,171,340
1117034,248,240,488
1117035,3,7,10
1117036,51,44,95
1117037,164,168,332
1117038,109,109,218
1117039,184,186,370
1117101,120,125,245
1117102,220,242,462
1117103,143,177,320
1117104,185,191,376
1117105,189,211,400
1117106,243,258,501
1117107,220,246,466
1117108,210,238,448
1117109,185,162,347
1117110,130,122,252
1117111,196,200,396
1117112,83,96,179
1117113,167,175,342
1117114,126,184,310
1117115,120,139,259
1117201,212,199,411
1117202,260,286,546
1117203,187,234,421
1117204,178,209,387
1117205,206,233,439
1117206,325,316,641
1117207,207,202,409
1117208,249,241,490
1117209,167,188,355
1117210,212,225,437
1117211,180,182,362
1117212,183,195,378
1117213,151,170,321
1117214,239,238,477
1117215,144,144,288
1117216,148,172,320
1117217,273,239,512
1117218,131,116,247
1117219,153,247,400
1117220,279,314,593
1117221,369,478,847
1117222,197,239,436
1117223,357,376,733
1117224,197,204,401
1117225,85,86,171
1117226,97,93,190
1117227,318,319,637
1117228,192,206,398
1117229,259,281,540
1117230,4,0,4
1117301,57,56,113
1117302,139,150,289
1117303,127,148,275
1117304,206,243,449
1117305,192,199,391
1117306,282,270,552
1117307,289,293,582
1117308,131,142,273
1117309,279,265,544
1117310,104,78,182
1117311,265,281,546
1117312,193,244,437
1117313,113,127,240
1117314,187,190,377
1117315,160,162,322
1117316,160,200,360
1117317,131,151,282
1117318,183,223,406
1117319,167,196,363
1117320,189,182,371
1117321,251,280,531
1117322,202,204,406
1117323,45,57,102
1117324,137,140,277
1117325,140,141,281
1117326,182,191,373
1117401,157,153,310
1117402,228,262,490
1117403,237,258,495
1117404,273,252,525
1117405,229,262,491
1117406,247,278,525
1117407,254,251,505
1117408,212,191,403
1117409,252,202,454
1117410,299,332,631
1117411,169,184,353
1117412,103,141,244
1117413,166,204,370
1117414,180,323,503
1117415,260,268,528
1117416,204,222,426
1117417,179,204,383
1117418,251,258,509
1117419,0,4,4
1117420,0,0,0
1117421,4,0,4
1117422,0,4,4
1117423,139,146,285
1117424,147,136,283
1117425,195,232,427
1117426,234,272,506
1117427,104,117,221
1117428,186,188,374
1117429,131,137,268
1117501,222,264,486
1117502,129,127,256
1117503,200,191,391
1117504,188,177,365
1117505,204,223,427
1117506,157,173,330
1117507,202,214,416
1117508,261,244,505
1117509,206,211,417
1117510,112,102,214
1117511,198,215,413
1117512,137,133,270
1117513,200,175,375
1117514,195,201,396
1117515,119,106,225
1117516,186,190,376
1117517,177,160,337
1117518,129,120,249
1117519,142,149,291
1117520,113,105,218
1117521,117,123,240
1117522,207,207,414
1117523,196,171,367
1117524,176,158,334
1117525,163,146,309
1117526,130,125,255
1117527,162,164,326
1117528,263,291,554
1117529,162,154,316
1117530,3,3,6
1117531,177,143,320
1117532,78,78,156
1117533,107,102,209
1117534,53,59,112
1117601,289,291,580
1117602,144,134,278
1117603,150,173,323
1117604,252,284,536
1117605,243,240,483
1117606,154,173,327
1117607,283,274,557
1117608,161,171,332
1117609,172,205,377
1117610,281,279,560
1117611,209,220,429
1117612,169,212,381
1117613,250,262,512
1117614,182,245,427
1117615,208,237,445
1117616,155,177,332
1117617,166,175,341
1117618,124,146,270
1117619,140,142,282
1117620,269,271,540
1117621,162,174,336
1117622,198,221,419
1117623,119,116,235
1117624,166,168,334
1117625,79,70,149
1117626,4,0,4
1117627,197,208,405
1117628,248,249,497
1117629,78,90,168
1117630,109,106,215
1117631,183,173,356
1117632,199,199,398
1117633,266,295,561
1117634,348,342,690
1117635,109,112,221
1117636,292,332,624
1117701,161,160,321
1117702,114,108,222
1117703,91,90,181
1117704,192,193,385
1117705,149,162,311
1117706,82,76,158
1117707,127,139,266
1117708,112,120,232
1117709,93,120,213
1117710,91,71,162
1117711,115,93,208
1117712,165,158,323
1117801,166,149,315
1117802,201,212,413
1117803,111,98,209
1117804,153,130,283
1117805,200,173,373
1117806,0,0,0
1117807,129,137,266
1117808,122,125,247
1117809,101,108,209
1117810,54,76,130
1117811,105,132,237
1117812,144,135,279
1117813,171,139,310
1117814,142,138,280
1117815,171,200,371
1117816,10,10,20
1117817,216,197,413
1117818,102,118,220
1117819,151,128,279
1117820,124,111,235
1117821,210,209,419
1117822,136,126,262
1117901,190,165,355
1117902,74,62,136
1117903,223,218,441
1117904,197,131,328
1117905,122,105,227
1117906,247,131,378
1117907,249,217,466
1117908,224,225,449
1117909,170,152,322
1117910,191,190,381
1117911,95,80,175
1118001,106,107,213
1118002,89,69,158
1118003,221,220,441
1118004,172,234,406
1118005,152,162,314
1118006,154,160,314
1118007,199,223,422
1118008,145,145,290
1118009,65,90,155
1118010,126,103,229
1118011,164,172,336
1118012,234,231,465
1118013,284,337,621
1118014,6,3,9
1118015,4,4,8
1118016,0,0,0
1118017,129,170,299
1118018,103,111,214
1118019,41,35,76
1118020,208,216,424
1118021,108,95,203
1118101,166,144,310
1118102,258,249,507
1118103,120,111,231
1118104,160,151,311
1118105,90,82,172
1118106,202,195,397
1118107,0,0,0
1118108,178,167,345
1118109,179,175,354
1118110,155,145,300
1118111,213,191,404
1118112,126,112,238
1118113,151,152,303
1118114,202,224,426
1118115,196,165,361
1118116,284,240,524
1118117,131,109,240
1118118,190,173,363
1118119,175,196,371
1118120,171,179,350
1118201,114,121,235
1118202,4,0,4
1118203,135,151,286
1118204,180,167,347
1118205,140,144,284
1118206,105,125,230
1118207,203,188,391
1118208,104,111,215
1118209,122,130,252
1118210,134,143,277
1118211,184,171,355
1118212,141,172,313
1118213,214,233,447
1118214,188,215,403
1118215,155,170,325
1118216,134,161,295
1118217,143,166,309
1118218,130,151,281
1118219,225,234,459
1118220,186,200,386
1118221,130,135,265
1118222,231,241,472
1118223,0,0,0
1118224,145,145,290
1118301,138,106,244
1118302,231,214,445
1118303,102,100,202
1118304,125,150,275
1118305,262,297,559
1118306,153,161,314
1118307,93,88,181
1118308,165,165,330
1118309,151,126,277
1118310,136,120,256
1118311,141,103,244
1118312,188,186,374
1118313,161,131,292
1118314,134,98,232
1118315,219,195,414
1118316,195,180,375
1118317,268,251,519
1118318,194,180,374
1118319,201,195,396
1118320,139,135,274
1118321,76,70,146
1118322,34,36,70
1118401,229,251,480
1118402,112,118,230
1118403,263,244,507
1118404,151,157,308
1118405,45,39,84
1118406,77,102,179
1118407,248,243,491
1118408,192,192,384
1118409,146,181,327
1118410,143,177,320
1118411,215,204,419
1118412,217,193,410
1118413,164,132,296
1118414,148,154,302
1118415,183,209,392
1118501,166,175,341
1118502,210,196,406
1118503,263,275,538
1118504,178,200,378
1118505,317,328,645
1118506,210,214,424
1118507,112,121,233
1118508,135,127,262
1118509,133,121,254
1118510,165,170,335
1118511,93,76,169
1118512,170,148,318
1118513,163,129,292
1118514,96,70,166
1118515,130,129,259
1118516,192,206,398
1118517,222,222,444
1118518,166,180,346
1118519,207,232,439
1118520,140,153,293
1118521,153,151,304
1118522,95,78,173
1118523,200,200,400
1118524,198,179,377
1118525,172,162,334
1118526,143,181,324
1118527,227,223,450
1118601,387,470,857
1118602,219,211,430
1118603,230,247,477
1118604,327,328,655
1118605,239,238,477
1118606,190,180,370
1118607,215,233,448
1118608,165,182,347
1118609,210,225,435
1118610,152,169,321
1118611,114,133,247
1118612,213,222,435
1118613,137,185,322
1118614,206,212,418
1118615,235,273,508
1118616,189,226,415
1118617,144,180,324
1118618,268,272,540
1118619,102,95,197
1118620,196,222,418
1118621,176,181,357
1118622,206,231,437
1118623,211,217,428
1118624,288,292,580
1118625,88,130,218
1118626,116,163,279
1118627,194,245,439
1118628,125,150,275
1118629,165,209,374
1118630,255,297,552
1118631,174,193,367
1118632,206,231,437
1118633,152,160,312
1118634,103,119,222
1118635,95,109,204
1118636,182,193,375
1118637,253,271,524
1118638,196,290,486
1118639,268,140,408
1118640,194,216,410
1118641,203,243,446
1118642,245,300,545
1118643,270,271,541
1118644,253,269,522
1118645,169,210,379
1118646,109,105,214
1118647,142,160,302
1118648,202,217,419
1118649,240,322,562
1118650,230,249,479
1118651,180,204,384
1118652,183,226,409
1118653,101,167,268
1118654,336,346,682
1118701,230,241,471
1118702,185,183,368
1118703,239,273,512
1118704,294,302,596
1118705,91,92,183
1118706,167,171,338
1118707,229,207,436
1118708,180,152,332
1118709,115,114,229
1118710,131,102,233
1118711,152,138,290
1118712,164,140,304
1118801,187,196,383
1118802,194,182,376
1118803,213,253,466
1118804,130,175,305
1118805,217,205,422
1118806,195,193,388
1118807,181,181,362
1118808,144,134,278
1118809,87,84,171
1118810,237,220,457
1118811,106,115,221
1118812,115,104,219
1118813,94,96,190
1118814,158,167,325
1118815,175,145,320
1118816,138,119,257
1118817,159,154,313
1118818,159,185,344
1118819,93,110,203
1118901,112,109,221
1118902,138,148,286
1118903,172,179,351
1118904,119,135,254
1118905,181,189,370
1118906,134,114,248
1118907,182,187,369
1118908,200,185,385
1118909,74,68,142
1118910,69,70,139
1118911,133,129,262
1118912,89,78,167
1119001,118,101,219
1119002,215,228,443
1119003,145,155,300
1119004,159,160,319
1119005,150,146,296
1119006,184,197,381
1119007,143,147,290
1119008,200,207,407
1119009,214,248,462
1119010,204,226,430
1119011,142,169,311
1119012,183,236,419
1119013,298,352,650
1119014,136,135,271
1119015,177,207,384
1119016,121,155,276
1119017,190,217,407
1119018,211,186,397
1119019,72,55,127
1119020,107,99,206
1119021,366,239,605
1119022,190,163,353
1119023,123,117,240
1119024,123,123,246
1119025,113,112,225
1119101,225,228,453
1119102,197,173,370
1119103,175,166,341
1119104,114,117,231
1119105,122,141,263
1119106,227,267,494
1119107,172,194,366
1119108,157,171,328
1119109,177,207,384
1119110,200,203,403
1119111,272,295,567
1119112,213,223,436
1119113,250,275,525
1119114,279,322,601
1119115,94,162,256
1119116,104,90,194
1119117,243,232,475
1119118,241,250,491
1119119,247,273,520
1119120,201,211,412
1119121,136,171,307
1119122,215,195,410
1119123,254,266,520
1119124,206,207,413
1119125,279,324,603
1119126,113,114,227
1119127,234,214,448
1119128,169,182,351
1119201,135,141,276
1119202,98,116,214
1119203,145,124,269
1119204,123,134,257
1119205,184,164,348
1119206,197,207,404
1119207,197,196,393
1119208,206,186,392
1119209,105,91,196
1119210,215,181,396
1119211,206,209,415
1119212,286,281,567
1119213,152,153,305
1119214,109,92,201
1119215,321,320,641
1119301,119,146,265
1119302,172,153,325
1119303,97,103,200
1119304,167,155,322
1119305,70,55,125
1119306,155,161,316
1119307,163,145,308
1119308,136,128,264
1119309,176,145,321
1119310,139,131,270
1119311,119,83,202
1119312,107,100,207
1119313,119,126,245
1119314,141,158,299
1119315,157,185,342
1119316,234,248,482
1119317,142,149,291
1119318,112,120,232
1119319,186,202,388
1119320,101,108,209
1119401,72,56,128
1119402,169,209,378
1119403,211,226,437
1119404,149,178,327
1119405,113,121,234
1119406,220,174,394
1119407,184,166,350
1119408,190,180,370
1119409,107,113,220
1119410,115,110,225
1119411,111,98,209
1119412,237,208,445
1119413,111,100,211
1119414,157,146,303
1119415,121,136,257
1119416,124,147,271
1119417,140,171,311
1119418,196,169,365
1119419,159,144,303
1119420,82,66,148
1119421,64,75,139
1119422,166,190,356
1119423,99,119,218
1119424,85,114,199
1119501,24,22,46
1119502,116,125,241
1119503,247,314,561
1119504,269,285,554
1119505,160,156,316
1119506,202,180,382
1119507,134,144,278
1119508,216,228,444
1119509,206,182,388
1119510,238,234,472
1119511,195,197,392
1119512,49,48,97
1119513,191,198,389
1119514,173,187,360
1119515,145,162,307
1119516,234,223,457
1119517,217,221,438
1119518,147,147,294
1119519,271,281,552
1119520,216,176,392
1119521,161,192,353
1119522,177,169,346
1119523,180,146,326
1119524,0,0,0
1119525,0,4,4
1119601,126,127,253
1119602,72,65,137
1119603,92,94,186
1119604,155,128,283
1119605,311,239,550
1119606,196,152,348
1119607,111,115,226
1119608,217,207,424
1119609,99,105,204
1119610,56,38,94
1119611,101,92,193
1119612,238,185,423
1119613,124,117,241
1119614,224,261,485
1119615,138,117,255
1119616,180,159,339
1119617,162,122,284
1119618,334,290,624
1119701,135,126,261
1119702,146,143,289
1119703,130,136,266
1119704,104,108,212
1119705,179,182,361
1119706,184,187,371
1119707,135,166,301
1119708,196,182,378
1119709,139,156,295
1119710,191,220,411
1119711,156,155,311
1119712,141,110,251
1119713,150,168,318
1119714,177,188,365
1119715,173,167,340
1119716,6,6,12
1119717,171,218,389
1119718,110,113,223
1119719,135,150,285
1119720,129,145,274
1119721,276,301,577
1119722,244,202,446
1119801,239,218,457
1119802,105,120,225
1119803,224,209,433
1119804,200,186,386
1119805,106,97,203
1119806,142,122,264
1119807,93,97,190
1119808,274,251,525
1119809,142,120,262
1119810,83,63,146
1119811,214,193,407
1119812,174,170,344
1119813,288,272,560
1119814,202,214,416
1119901,272,253,525
1119902,192,221,413
1119903,238,243,481
1119904,149,152,301
1119905,244,238,482
1119906,202,212,414
1119907,260,239,499
1119908,218,238,456
1119909,130,131,261
1119910,102,99,201
1119911,88,88,176
1119912,252,256,508
1119913,201,201,402
1119914,174,176,350
1119915,330,344,674
1119916,302,349,651
1119917,130,139,269
1119918,206,250,456
1119919,194,216,410
1119920,74,87,161
1119921,320,344,664
1120001,307,282,589
1120002,205,200,405
1120003,212,247,459
1120004,100,76,176
1120005,134,104,238
1120006,204,176,380
1120007,171,153,324
1120008,135,121,256
1120009,130,123,253
1120010,188,169,357
1120011,116,108,224
1120012,288,252,540
1120013,163,155,318
1120101,290,287,577
1120102,99,100,199
1120103,185,173,358
1120104,155,154,309
1120105,217,213,430
1120106,232,270,502
1120107,119,124,243
1120108,173,226,399
1120109,143,134,277
1120110,192,182,374
1120111,170,187,357
1120112,120,109,229
1120113,159,161,320
1120114,153,135,288
1120115,254,205,459
1120116,243,244,487
1120117,230,192,422
1120118,117,129,246
1120119,149,143,292
1120120,133,101,234
1120121,204,185,389
1120122,52,38,90
1120201,297,305,602
1120202,121,115,236
1120203,211,227,438
1120204,441,443,884
1120205,251,297,548
1120206,165,176,341
1120207,306,340,646
1120208,149,166,315
1120209,289,303,592
1120210,121,106,227
1120211,327,31,358
1120212,194,212,406
1120213,133,144,277
1120214,274,278,552
1120215,135,141,276
1120216,127,123,250
1120217,113,115,228
1120218,158,164,322
1120219,168,183,351
1120220,224,210,434
1120221,104,106,210
1120222,103,139,242
1120223,234,230,464
1120224,102,111,213
1120225,229,232,461
1120226,155,171,326
1120227,219,213,432
1120228,136,137,273
1120229,0,0,0
1120230,171,165,336
1120231,278,326,604
1120232,164,193,357
1120233,75,72,147
1120234,140,155,295
1120235,246,244,490
1120236,149,167,316
1120237,211,227,438
1120238,113,133,246
1120239,190,189,379
1120240,216,212,428
1120241,213,238,451
1120242,152,156,308
1120243,213,223,436
1120244,219,238,457
1120245,197,193,390
1120246,172,190,362
1120247,105,110,215
1120248,230,243,473
1120249,141,159,300
1120250,215,230,445
1120251,190,236,426
1120252,141,163,304
1120253,185,206,391
1120301,152,200,352
1120302,158,232,390
1120303,120,138,258
1120304,204,128,332
1120305,152,171,323
1120306,205,302,507
1120307,135,183,318
1120308,150,197,347
1120309,226,276,502
1120310,133,150,283
1120311,134,106,240
1120312,130,161,291
1120313,132,141,273
1120314,248,263,511
1120315,171,219,390
1120316,177,178,355
1120317,138,175,313
1120318,204,220,424
1120319,222,250,472
1120320,251,291,542
1120321,167,187,354
1120322,237,304,541
1120323,191,259,450
1120324,210,211,421
1120325,403,451,854
1120326,242,273,515
1120327,203,185,388
1120328,159,182,341
1120329,247,246,493
1120330,203,207,410
1120331,19,25,44
1120332,3,3,6
1120333,147,173,320
1120334,113,118,231
1120335,246,274,520
1120336,112,124,236
1120401,28,22,50
1120402,151,135,286
1120403,195,166,361
1120404,165,141,306
1120405,167,188,355
1120406,177,214,391
1120407,365,342,707
1120408,252,281,533
1120409,200,202,402
1120410,222,232,454
1120411,262,283,545
1120412,266,287,553
1120413,174,208,382
1120501,55,47,102
1120502,104,90,194
1120503,92,85,177
1120504,101,100,201
1120505,103,121,224
1120506,298,275,573
1120507,225,203,428
1120508,135,109,244
1120509,116,116,232
1120510,122,122,244
1120511,112,102,214
1120512,555,592,1147
1120513,174,174,348
1120514,325,345,670
1120515,148,154,302
1120516,153,135,288
1120517,190,195,385
1120518,146,154,300
1120519,119,111,230
1120520,69,65,134
1120521,95,78,173
1120522,125,132,257
1120523,189,220,409
1120524,132,123,255
1120525,113,117,230
1120526,185,197,382
1120527,188,185,373
1120528,204,188,392
1120529,260,269,529
1120530,92,86,178
1120531,198,206,404
1120532,189,198,387
1120533,190,199,389
1120534,140,154,294
1120535,123,133,256
1120536,139,131,270
1120537,164,166,330
1120538,259,265,524
1120539,116,104,220
1120540,80,63,143
1120541,152,157,309
1120542,201,204,405
1120543,165,177,342
1120544,197,192,389
1120545,170,169,339
1120546,175,149,324
1120547,215,238,453
1120548,185,191,376
1120549,116,127,243
1120550,232,292,524
1120551,83,94,177
1120552,218,228,446
1120601,78,90,168
1120602,156,159,315
1120603,129,127,256
1120604,173,174,347
1120605,203,239,442
1120606,208,266,474
1120607,0,0,0
1120608,143,170,313
1120609,213,260,473
1120610,308,302,610
1120611,238,212,450
1120612,257,248,505
1120613,156,153,309
1120614,146,159,305
1120615,279,287,566
1120616,192,206,398
1120617,132,147,279
1120618,205,221,426
1120619,272,282,554
1120620,243,249,492
1120621,214,241,455
1120622,175,184,359
1120623,297,315,612
1120624,196,170,366
1120625,201,202,403
1120626,278,285,563
1120627,265,310,575
1120628,198,206,404
1120629,181,185,366
1120630,152,160,312
1120631,182,189,371
1120632,174,144,318
1120633,246,311,557
1120634,261,264,525
1120635,132,219,351
1120636,179,163,342
1120637,186,208,394
1120638,260,287,547
1120639,210,203,413
1120640,246,236,482
1120641,212,231,443
1120642,152,170,322
1120701,218,231,449
1120702,234,235,469
1120703,207,184,391
1120704,117,114,231
1120705,207,204,411
1120706,150,172,322
1120707,192,244,436
1120708,221,223,444
1120709,241,250,491
1120710,0,0,0
1120711,183,153,336
1120712,250,280,530
1120713,145,132,277
1120714,0,0,0
1120715,273,294,567
1120716,130,136,266
1120801,210,188,398
1120802,138,164,302
1120803,141,141,282
1120804,131,117,248
1120805,228,240,468
1120806,136,150,286
1120807,204,197,401
1120808,205,202,407
1120809,145,148,293
1120810,179,197,376
1120811,183,194,377
1120812,151,172,323
1120813,158,166,324
1120814,230,224,454
1120815,186,217,403
1120816,163,156,319
1120817,250,248,498
1120818,173,182,355
1120819,218,194,412
1120820,159,199,358
1120821,224,208,432
1120822,216,223,439
1120823,0,0,0
1120824,99,107,206
1120825,207,228,435
1120826,249,275,524
1120827,255,255,510
1120828,193,204,397
1120829,142,147,289
1120830,132,145,277
1120831,144,168,312
1120832,140,141,281
1120833,145,137,282
1120834,150,151,301
1120835,192,217,409
1120836,247,270,517
1120837,221,212,433
1120838,137,158,295
1120839,174,244,418
1120840,221,230,451
1120841,233,234,467
1120842,154,148,302
1120843,129,154,283
1120844,108,132,240
1120845,190,193,383
1120846,208,209,417
1120847,130,131,261
1120848,157,176,333
1120849,196,200,396
1120850,127,140,267
1120851,138,144,282
1120852,173,175,348
1120853,167,151,318
1120854,137,137,274
1120855,302,305,607
1120856,143,151,294
1120857,169,174,343
1120858,202,195,397
1120859,229,239,468
1120860,270,304,574
1120861,154,153,307
1120862,231,227,458
1120863,189,192,381
1120864,178,228,406
1120865,10,10,20
1120866,102,127,229
1120901,214,252,466
1120902,0,3,3
1120903,167,164,331
1120904,155,177,332
1120905,218,244,462
1120906,263,250,513
1120907,202,230,432
1120908,132,166,298
1120909,152,169,321
1120910,160,162,322
1120911,154,146,300
1120912,144,135,279
1120913,231,261,492
1120914,240,261,501
1120915,292,310,602
1120916,197,223,420
1120917,261,276,537
1120918,283,260,543
1120919,190,171,361
1120920,202,200,402
1120921,272,300,572
1120922,259,257,516
1120923,209,215,424
1120924,219,215,434
1120925,235,268,503
1120926,197,232,429
1120927,193,222,415
1120928,272,293,565
1120929,135,151,286
1120930,186,178,364
1120931,211,216,427
1120932,245,267,512
1120933,223,229,452
1120934,205,189,394
1120935,200,185,385
1120936,184,219,403
1120937,6,3,9
1120938,0,0,0
1120939,261,248,509
1120940,205,190,395
1120941,202,193,395
1120942,194,205,399
1120943,219,202,421
1120944,225,232,457
1120945,204,222,426
1120946,235,207,442
1120947,239,249,488
1120948,278,255,533
1120949,152,171,323
1120950,237,239,476
1120951,128,200,328
1120952,203,254,457
1120953,240,237,477
1120954,258,286,544
1120955,218,224,442
1120956,220,229,449
1121001,109,118,227
1121002,100,106,206
1121003,196,203,399
1121004,146,134,280
1121005,191,196,387
1121006,193,238,431
1121007,285,294,579
1121008,240,235,475
1121009,449,427,876
1121010,74,137,211
1121011,135,167,302
1121012,144,188,332
1121013,265,316,581
1121014,127,161,288
1121015,130,189,319
1121016,186,191,377
1121017,151,166,317
1121018,262,253,515
1121019,133,157,290
1121020,227,221,448
1121021,183,219,402
1121022,189,212,401
1121101,140,129,269
1121102,149,137,286
1121103,220,252,472
1121104,185,176,361
1121105,147,199,346
1121106,186,169,355
1121107,172,174,346
1121108,286,295,581
1121109,5,5,10
1121110,224,209,433
1121201,204,207,411
1121202,173,187,360
1121203,116,122,238
1121204,265,261,526
1121205,177,193,370
1121206,232,207,439
1121207,267,262,529
1121208,185,180,365
1121209,201,194,395
1121210,134,137,271
1121211,149,216,365
1121212,254,252,506
1121213,112,99,211
1121214,220,212,432
1121215,196,222,418
1121216,183,249,432
1121217,211,214,425
1121218,155,206,361
1121219,156,149,305
1121220,0,0,0
1121221,148,143,291
1121222,250,247,497
1121223,186,185,371
1121224,318,322,640
1121225,301,310,611
1121226,168,199,367
1121227,288,297,585
1121301,0,4,4
1121302,0,0,0
1121303,250,265,515
1121304,228,197,425
1121305,248,245,493
1121306,198,204,402
1121307,254,258,512
1121308,272,271,543
1121309,93,98,191
1121310,224,244,468
1121311,229,252,481
1121312,210,234,444
1121313,137,151,288
1121314,224,283,507
1121315,261,238,499
1121316,106,108,214
1121317,200,230,430
1121318,210,213,423
1121319,200,223,423
1121320,122,112,234
1121321,189,202,391
1121322,259,263,522
1121323,309,292,601
1121324,242,261,503
1121325,281,261,542
1121326,215,227,442
1121327,206,208,414
1121328,153,161,314
1121329,169,199,368
1121330,177,195,372
1121401,230,254,484
1121402,161,184,345
1121403,276,288,564
1121404,206,225,431
1121405,3,0,3
1121406,250,266,516
1121407,221,228,449
1121408,145,152,297
1121409,119,129,248
1121410,261,327,588
1121411,170,186,356
1121412,91,96,187
1121413,232,213,445
1121414,291,334,625
1121415,268,282,550
1121416,183,196,379
1121417,179,181,360
1121418,0,0,0
1121419,185,196,381
1121420,6,0,6
1121421,184,230,414
1121422,235,268,503
1121423,176,184,360
1121424,162,160,322
1121425,164,179,343
1121426,192,201,393
1121427,227,231,458
1121428,249,273,522
1121429,130,160,290
1121430,219,188,407
1121431,137,157,294
1121432,265,271,536
1121433,196,191,387
1121434,138,163,301
1121501,108,133,241
1121502,180,181,361
1121503,174,210,384
1121504,163,174,337
1121505,206,222,428
1121506,205,224,429
1121507,208,230,438
1121508,238,233,471
1121509,201,206,407
1121510,235,257,492
1121511,220,195,415
1121512,138,139,277
1121513,248,239,487
1121514,114,128,242
1121515,0,0,0
1121516,237,250,487
1121517,169,274,443
1121518,186,275,461
1121519,198,161,359
1121520,145,130,275
1121521,21,30,51
1121522,246,238,484
1121523,0,0,0
1121524,192,205,397
1121525,149,176,325
1121601,175,176,351
1121602,192,184,376
1121603,382,366,748
1121604,210,228,438
1121605,109,140,249
1121606,225,246,471
1121607,294,298,592
1121608,284,289,573
1121609,244,234,478
1121610,206,195,401
1121611,130,150,280
1121612,291,325,616
1121613,166,187,353
1121614,160,173,333
1121615,265,294,559
1121616,221,236,457
1121617,345,314,659
1121701,94,245,339
1121702,195,183,378
1121703,123,129,252
1121704,235,240,475
1121705,231,243,474
1121706,213,203,416
1121707,163,190,353
1121708,180,187,367
1121709,157,160,317
1121710,118,123,241
1121711,271,270,541
1121712,168,179,347
1121713,117,109,226
1121714,202,210,412
1121715,22,22,44
1121716,191,182,373
1121717,397,392,789
1121718,0,0,0
1121719,171,196,367
1121720,80,102,182
1121721,284,273,557
1121722,258,265,523
1121723,306,320,626
1121724,185,189,374
1121725,304,342,646
1121726,42,34,76
1121727,3,3,6
1121728,224,224,448
1121729,225,222,447
1121730,178,188,366
1121731,224,248,472
1121801,183,201,384
1121802,137,146,283
1121803,131,126,257
1121804,3,0,3
1121805,126,138,264
1121806,0,3,3
1121807,74,83,157
1121808,83,104,187
1121809,195,248,443
1121810,120,136,256
1121811,219,204,423
1121812,315,326,641
1121813,104,128,232
1121814,270,281,551
1121815,132,156,288
1121816,189,198,387
1121817,156,47,203
1121818,147,166,313
1121819,134,138,272
1121820,135,115,250
1121821,141,134,275
1121822,301,272,573
1121823,148,127,275
1121824,78,32,110
1121825,185,180,365
1121826,181,187,368
1121827,134,175,309
1121828,201,164,365
1121829,85,102,187
1121830,136,192,328
1121831,218,278,496
1121832,184,280,464
1121833,166,151,317
1121834,288,322,610
1121835,188,202,390
1121836,145,157,302
1121837,239,263,502
1121838,38,49,87
1121839,115,126,241
1121840,219,181,400
1121841,151,134,285
1121842,224,276,500
1121843,172,126,298
1121901,148,154,302
1121902,151,167,318
1121903,184,239,423
1121904,196,209,405
1121905,106,103,209
1121906,109,96,205
1121907,110,117,227
1121908,214,218,432
1121909,147,154,301
1121910,264,294,558
1121911,177,197,374
1121912,81,110,191
1121913,147,166,313
1121914,238,229,467
1121915,110,127,237
1121916,168,219,387
1121917,239,245,484
1121918,199,213,412
1121919,139,121,260
1121920,162,162,324
1121921,3,3,6
1121922,56,47,103
1121923,213,243,456
1121924,107,121,228
1121925,174,176,350
1121926,172,172,344
1121927,0,0,0
1121928,155,145,300
1121929,143,178,321
1121930,261,251,512
1121931,227,207,434
1121932,318,375,693
1121933,141,149,290
1121934,193,256,449
1121935,228,251,479
1121936,170,185,355
1121937,160,161,321
1121938,280,266,546
1121939,131,135,266
1122001,213,198,411
1122002,172,166,338
1122003,203,186,389
1122004,207,214,421
1122005,265,244,509
1122006,266,284,550
1122007,229,214,443
1122008,12,10,22
1122009,230,244,474
1122010,247,243,490
1122011,271,265,536
1122012,187,193,380
1122013,266,242,508
1122014,160,165,325
1122015,158,132,290
1122016,213,225,438
1122017,209,220,429
1122018,135,148,283
1122019,142,154,296
1122020,298,285,583
1122021,289,317,606
1122101,196,200,396
1122102,85,80,165
1122103,149,161,310
1122104,181,201,382
1122105,131,125,256
1122106,220,232,452
1122107,153,160,313
1122108,103,108,211
1122109,126,115,241
1122110,184,172,356
1122111,184,158,342
1122112,233,219,452
1122113,158,172,330
1122114,165,158,323
1122115,208,220,428
1122116,101,112,213
1122117,157,155,312
1122118,116,118,234
1122119,107,124,231
1122120,89,88,177
1122201,184,177,361
1122202,182,180,362
1122203,223,243,466
1122204,261,290,551
1122205,183,202,385
1122206,234,232,466
1122207,268,271,539
1122208,197,224,421
1122209,127,130,257
1122210,231,241,472
1122211,172,182,354
1122212,230,243,473
1122213,99,133,232
1122214,192,182,374
1122215,182,165,347
1122216,231,230,461
1122217,236,270,506
1122218,208,239,447
1122219,184,219,403
1122220,214,237,451
1122221,0,0,0
1122222,0,0,0
1122223,277,290,567
1122224,212,219,431
1122225,221,226,447
1122226,194,193,387
1122227,249,251,500
1122228,188,169,357
1122229,194,219,413
1122230,215,203,418
1122231,161,157,318
1122232,199,204,403
1122233,189,184,373
1122234,159,161,320
1122235,293,301,594
1122236,142,135,277
1122237,0,0,0
1122238,3,0,3
1122239,200,218,418
1122240,228,256,484
1122301,100,103,203
1122302,190,204,394
1122303,262,265,527
1122304,151,164,315
1122305,200,188,388
1122306,236,205,441
1122307,202,198,400
1122308,172,160,332
1122309,22,16,38
1122310,242,231,473
1122311,233,249,482
1122312,214,231,445
1122313,239,239,478
1122314,153,158,311
1122315,160,161,321
1122316,99,80,179
1122317,207,241,448
1122318,161,175,336
1122319,158,194,352
1122320,195,213,408
1122321,129,141,270
1122322,243,265,508
1122323,145,158,303
1122401,244,250,494
1122402,189,173,362
1122403,301,201,502
1122404,286,227,513
1122405,182,166,348
1122406,93,140,233
1122407,158,129,287
1122408,101,98,199
1122409,0,0,0
1122410,3,5,8
1122411,190,177,367
1122412,264,251,515
1122413,215,205,420
1122414,175,167,342
1122415,199,182,381
1122416,0,3,3
1122417,106,98,204
1122418,275,289,564
1122419,161,210,371
1122420,72,66,138
1122421,340,323,663
1122422,302,314,616
1122423,156,173,329
1122424,172,189,361
1122425,232,194,426
1122426,310,292,602
1122427,301,272,573
1122428,158,171,329
1122429,242,231,473
1122430,190,209,399
1122431,217,269,486
1122432,109,119,228
1122501,229,280,509
1122502,125,147,272
1122503,194,213,407
1122504,289,334,623
1122505,222,192,414
1122506,138,136,274
1122507,242,257,499
1122508,278,279,557
1122509,151,155,306
1122510,131,157,288
1122511,148,182,330
1122512,199,199,398
1122513,294,300,594
1122514,201,246,447
1122515,144,144,288
1122516,225,256,481
1122517,159,159,318
1122518,199,258,457
1122519,215,238,453
1122520,106,122,228
1122521,222,237,459
1122522,161,146,307
1122523,219,294,513
1122524,241,252,493
1122525,191,215,406
1122526,296,299,595
1122527,106,160,266
1122528,192,188,380
1122529,128,150,278
1122530,246,240,486
1122531,146,177,323
1122532,142,170,312
1122533,12,18,30
1122534,217,220,437
1122535,0,0,0
1122536,164,163,327
1122537,202,177,379
1122538,211,196,407
1122539,226,248,474
1122540,198,210,408
1122541,137,146,283
1122542,107,112,219
1122543,209,258,467
1122601,240,240,480
1122602,98,107,205
1122603,307,345,652
1122604,138,135,273
1122605,312,278,590
1122606,138,128,266
1122607,237,232,469
1122608,248,255,503
1122609,237,243,480
1122610,146,150,296
1122611,137,121,258
1122612,106,104,210
1122613,131,124,255
1122614,209,232,441
1122615,251,223,474
1122616,128,127,255
1122617,156,152,308
1122618,216,221,437
1122619,158,178,336
1122620,133,116,249
1122621,96,95,191
1122622,0,0,0
1122623,162,169,331
1122624,175,178,353
1122625,231,238,469
1122626,194,211,405
1122627,143,138,281
1122628,212,219,431
1122629,179,199,378
1122630,282,275,557
1122631,8,8,16
1122632,176,179,355
1122701,128,129,257
1122702,0,0,0
1122703,129,127,256
1122704,162,161,323
1122705,173,168,341
1122706,252,237,489
1122707,280,284,564
1122708,250,225,475
1122709,169,158,327
1122710,206,192,398
1122711,248,245,493
1122712,113,104,217
1122713,294,272,566
1122714,286,247,533
1122715,190,271,461
1122716,127,138,265
1122717,195,202,397
1122718,217,243,460
1122719,222,200,422
1122720,212,209,421
1122721,215,221,436
1122722,111,164,275
1122723,235,266,501
1122724,213,204,417
1122725,224,227,451
1122726,160,187,347
1122727,144,137,281
1122728,210,267,477
1122729,247,247,494
1122730,252,256,508
1122731,227,273,500
1122732,279,231,510
1122733,208,191,399
1122734,228,181,409
1122735,206,213,419
1122736,260,298,558
1122801,252,246,498
1122802,256,270,526
1122803,0,0,0
1122804,169,153,322
1122805,144,141,285
1122806,231,250,481
1122807,298,314,612
1122808,216,204,420
1122809,264,254,518
1122810,243,295,538
1122811,249,273,522
1122812,262,248,510
1122813,219,235,454
1122814,227,218,445
1122815,147,145,292
1122816,125,158,283
1122817,279,289,568
1122818,282,268,550
1122819,125,138,263
1122820,244,235,479
1122821,197,213,410
1122822,167,180,347
1122823,134,119,253
1122824,121,120,241
1122825,147,155,302
1122826,310,308,618
1122827,248,227,475
1122828,160,149,309
1122829,294,317,611
1122830,167,190,357
1122831,224,218,442
1122832,241,236,477
1122901,192,224,416
1122902,235,247,482
1122903,308,267,575
1122904,232,181,413
1122905,344,329,673
1122906,153,122,275
1122907,218,229,447
1122908,189,176,365
1122909,198,224,422
1122910,170,196,366
1122911,319,287,606
1122912,165,167,332
1122913,152,147,299
1122914,0,0,0
1122915,162,142,304
1122916,217,211,428
1122917,158,186,344
1122918,195,178,373
1122919,242,209,451
1122920,104,113,217
1122921,114,93,207
1122922,217,180,397
1122923,307,213,520
1122924,169,204,373
1122925,251,288,539
1122926,171,150,321
1123001,12,6,18
1123101,167,147,314
1123102,170,188,358
1123103,180,166,346
1123104,323,287,610
1123105,124,185,309
1123106,16,8,24
1123107,53,29,82
1123108,257,256,513
1123109,277,273,550
1123110,252,264,516
1123111,231,281,512
1123112,0,0,0
1123113,207,193,400
1123114,272,271,543
1123115,211,224,435
1123116,203,199,402
1123117,118,104,222
1123118,104,96,200
1123119,225,229,454
1123120,152,137,289
1123121,125,150,275
1123122,214,222,436
1123123,256,289,545
1123124,328,367,695
1123125,328,324,652
1123126,192,208,400
1123201,180,183,363
1123202,218,184,402
1123203,177,164,341
1123204,237,240,477
1123205,239,223,462
1123206,149,150,299
1123207,228,233,461
1123208,200,232,432
1123209,217,219,436
1123210,53,60,113
1123211,187,210,397
1123212,251,269,520
1123213,368,373,741
1123214,160,140,300
1123215,183,182,365
1123216,0,0,0
1123301,179,176,355
1123302,171,219,390
1123303,267,257,524
1123304,285,277,562
1123305,319,330,649
1123306,203,292,495
1123307,118,193,311
1123308,0,0,0
1123309,209,225,434
1123310,331,317,648
1123311,0,0,0
1123312,219,222,441
1123313,97,148,245
1123314,192,200,392
1123315,214,227,441
1123316,269,294,563
1123317,211,231,442
1123318,188,241,429
1123319,319,344,663
1123320,178,181,359
1123321,292,286,578
1123322,195,197,392
1123323,184,236,420
1123324,205,216,421
1123325,248,266,514
1123326,97,109,206
1123327,261,289,550
1123328,206,228,434
1123329,231,205,436
1123330,227,195,422
1123331,176,178,354
1123332,177,174,351
1123333,171,192,363
1123334,237,271,508
1123335,281,341,622
1123336,266,272,538
1123337,254,292,546
1123338,197,200,397
1123339,140,150,290
1123340,144,142,286
1123341,244,279,523
1123342,269,295,564
1123343,240,249,489
1123344,216,282,498
1123401,161,191,352
1123402,287,301,588
1123403,257,243,500
1123404,173,167,340
1123405,149,149,298
1123406,280,282,562
1123407,310,348,658
1123408,180,188,368
1123409,204,199,403
1123410,223,326,549
1123411,131,148,279
1123412,180,226,406
1123413,254,248,502
1123414,227,248,475
1123415,201,186,387
1123416,297,309,606
1123417,213,227,440
1123418,163,189,352
1123419,149,156,305
1123420,222,204,426
1123421,207,230,437
1123422,180,245,425
1123423,178,216,394
1123424,139,231,370
1123425,317,323,640
1123426,174,199,373
1123427,220,208,428
1123501,125,123,248
1123502,312,294,606
1123503,343,299,642
1123504,251,246,497
1123505,195,180,375
1123506,0,0,0
1123507,225,257,482
1123508,187,163,350
1123509,197,215,412
1123510,179,184,363
1123511,252,251,503
1123512,246,252,498
1123513,213,182,395
1123514,209,216,425
1123515,117,145,262
1123516,279,293,572
1123517,186,156,342
1123518,134,130,264
1123519,222,216,438
1123601,287,310,597
1123602,0,0,0
1123603,0,0,0
1123604,75,70,145
1123605,29,30,59
1123606,0,0,0
1123607,0,0,0
1123608,191,205,396
1123609,210,208,418
1123610,134,131,265
1123611,192,216,408
1123612,181,178,359
1123613,102,124,226
1123614,134,311,445
1123615,183,170,353
1123616,182,206,388
1123617,239,253,492
1123618,351,406,757
1123619,194,229,423
1123620,153,171,324
1123621,165,164,329
1123622,198,226,424
1123623,174,177,351
1123624,138,129,267
1123625,113,120,233
1123626,139,148,287
1123627,192,206,398
1123628,192,175,367
1123629,191,197,388
1123630,284,306,590
1123631,143,160,303
1123632,139,155,294
1123633,234,250,484
1123634,169,278,447
1123635,172,181,353
1123636,225,257,482
1123637,126,174,300
1123638,261,282,543
1123639,165,187,352
1123640,176,236,412
1123641,118,108,226
1123642,163,185,348
1123643,130,126,256
1123644,194,245,439
1123645,134,159,293
1123646,230,297,527
1123647,208,206,414
1123701,200,222,422
1123702,107,129,236
1123703,172,233,405
1123704,246,269,515
1123705,145,151,296
1123706,246,250,496
1123707,49,49,98
1123708,202,193,395
1123709,185,171,356
1123710,135,120,255
1123711,133,121,254
1123712,230,224,454
1123713,90,85,175
1123714,150,129,279
1123715,69,120,189
1123716,198,189,387
1123717,395,476,871
1123718,180,169,349
1123719,139,128,267
1123720,138,139,277
1123721,165,137,302
1123722,135,127,262
1123723,97,97,194
1123724,238,222,460
1123725,219,208,427
1123726,131,119,250
1123727,163,146,309
1123728,98,110,208
1123729,98,86,184
1123730,101,94,195
1123731,142,132,274
1123732,205,251,456
1123733,170,173,343
1123734,247,224,471
1123735,327,321,648
1123736,166,180,346
1123737,155,190,345
1123738,151,156,307
1123739,205,226,431
1123740,162,206,368
1123741,201,258,459
1123742,162,247,409
1123743,100,145,245
1123744,163,170,333
1123745,75,102,177
1123746,153,160,313
1123801,99,100,199
1123802,160,146,306
1123803,218,204,422
1123804,133,144,277
1123805,125,122,247
1123806,117,122,239
1123807,199,185,384
1123808,154,167,321
1123809,131,112,243
1123810,122,123,245
1123811,148,152,300
1123812,76,96,172
1123813,98,90,188
1123814,130,136,266
1123815,163,191,354
1123816,155,147,302
1123817,211,215,426
1123818,192,248,440
1123901,206,232,438
1123902,262,255,517
1123903,97,127,224
1123904,93,99,192
1123905,184,226,410
1123906,193,189,382
1123907,77,81,158
1123908,0,0,0
1123909,184,234,418
1123910,269,301,570
1123911,121,150,271
1123912,0,0,0
1123913,225,254,479
1123914,254,269,523
1123915,3,4,7
1123916,10,15,25
1123917,187,201,388
1123918,256,249,505
1123919,161,185,346
1123920,224,237,461
1123921,148,145,293
1123922,107,128,235
1123923,101,112,213
1123924,162,173,335
1123925,180,169,349
1124001,164,197,361
1124002,115,104,219
1124003,126,129,255
1124004,200,206,406
1124005,216,238,454
1124006,151,176,327
1124007,118,127,245
1124008,187,179,366
1124009,127,136,263
1124010,93,96,189
1124011,267,294,561
1124012,161,140,301
1124013,221,238,459
1124014,199,202,401
1124015,260,209,469
1124016,149,152,301
1124017,93,126,219
1124018,186,193,379
1124019,147,147,294
1124020,110,114,224
1124021,238,211,449
1124022,275,268,543
1124023,266,243,509
1124024,125,100,225
1124025,119,115,234
1124101,194,156,350
1124102,156,133,289
1124103,223,213,436
1124104,113,114,227
1124105,152,172,324
1124106,201,227,428
1124107,187,173,360
1124108,265,246,511
1124109,287,275,562
1124110,251,292,543
1124111,153,141,294
1124112,146,140,286
1124113,74,69,143
1124114,131,113,244
1124115,0,4,4
1124201,137,179,316
1124202,173,172,345
1124203,188,196,384
1124204,94,108,202
1124205,269,271,540
1124206,260,266,526
1124207,33,26,59
1124208,48,44,92
1124209,303,297,600
1124210,4,5,9
1124211,247,257,504
1124212,192,220,412
1124213,167,185,352
1124214,309,362,671
1124215,202,199,401
1124216,179,194,373
1124217,271,320,591
1124218,224,205,429
1124219,262,271,533
1124301,104,123,227
1124302,138,144,282
1124303,187,176,363
1124304,277,274,551
1124305,115,78,193
1124306,178,164,342
1124307,97,135,232
1124308,212,241,453
1124309,168,198,366
1124310,144,197,341
1124311,199,258,457
1124312,115,175,290
1124313,182,205,387
1124314,121,135,256
1124315,177,210,387
1124316,166,151,317
1124317,139,132,271
1124318,213,230,443
1124319,309,263,572
1124320,160,144,304
1124321,146,147,293
1124401,48,36,84
1124402,200,224,424
1124403,300,290,590
1124404,268,286,554
1124405,116,110,226
1124406,218,249,467
1124407,173,192,365
1124408,177,231,408
1124409,278,272,550
1124410,111,110,221
1124411,201,215,416
1124412,233,254,487
1124413,198,182,380
1124414,80,79,159
1124415,59,42,101
1124416,147,151,298
1124417,0,0,0
1124418,139,179,318
1124419,23,19,42
1124420,0,0,0
1124421,93,98,191
1124422,96,88,184
1124423,217,230,447
1124424,187,200,387
1124425,263,257,520
1124426,151,153,304
1124427,143,200,343
1124428,267,271,538
1124429,203,207,410
1124430,225,232,457
1124431,255,280,535
1124432,200,239,439
1124433,129,110,239
1124434,169,207,376
1124435,161,216,377
1124501,141,144,285
1124502,92,111,203
1124503,128,149,277
1124504,176,183,359
1124505,112,116,228
1124506,76,69,145
1124507,137,136,273
1124508,127,97,224
1124509,101,96,197
1124510,131,128,259
1124511,73,58,131
1124512,137,138,275
1124513,121,111,232
1124514,125,122,247
1124515,80,77,157
1124516,185,160,345
1124517,205,174,379
1124518,82,92,174
1124519,139,126,265
1124520,99,100,199
1124521,105,105,210
1124522,139,116,255
1124523,123,125,248
1124524,118,127,245
1124525,158,122,280
1124526,156,153,309
1124527,131,105,236
1124528,136,124,260
1124601,137,165,302
1124602,72,73,145
1124603,177,222,399
1124604,263,300,563
1124605,147,182,329
1124606,150,163,313
1124607,222,256,478
1124608,301,307,608
1124609,171,196,367
1124610,282,302,584
1124611,183,256,439
1124612,164,197,361
1124613,198,240,438
1124614,265,298,563
1124615,123,182,305
1124616,245,243,488
1124617,185,185,370
1124618,242,268,510
1124619,136,166,302
1124620,202,213,415
1124621,117,123,240
1124622,184,195,379
1124623,146,166,312
1124624,219,249,468
1124625,144,216,360
1124626,124,178,302
1124627,212,209,421
1124628,127,132,259
1124629,166,170,336
1124630,223,255,478
1124631,53,58,111
1124632,155,166,321
1124633,134,142,276
1124634,96,86,182
1124701,86,83,169
1124702,94,88,182
1124703,305,256,561
1124704,106,100,206
1124705,135,128,263
1124706,115,116,231
1124707,199,189,388
1124708,104,96,200
1124709,188,168,356
1124710,116,98,214
1124711,191,183,374
1124712,75,76,151
1124713,113,108,221
1124714,251,269,520
1124715,274,301,575
1124716,114,126,240
1124717,90,114,204
1124718,156,176,332
1124719,199,220,419
1124720,215,230,445
1124721,149,161,310
1124722,91,77,168
1124723,113,100,213
1124724,132,120,252
1124725,152,163,315
1124801,61,74,135
1124802,141,150,291
1124803,255,274,529
1124804,190,180,370
1124805,228,229,457
1124806,240,312,552
1124807,207,210,417
1124808,242,317,559
1124809,180,198,378
1124810,242,240,482
1124811,242,281,523
1124812,227,234,461
1124813,137,146,283
1124814,196,198,394
1124815,232,240,472
1124816,247,248,495
1124817,176,153,329
1124818,322,279,601
1124819,208,242,450
1124820,181,207,388
1124821,234,264,498
1124822,109,101,210
1124823,226,268,494
1124824,206,204,410
1124825,223,246,469
1124826,191,234,425
1124827,124,138,262
1124828,147,149,296
1124829,161,223,384
1124830,236,245,481
1124831,51,49,100
1124832,111,96,207
1124833,119,124,243
1124834,145,100,245
1124835,288,217,505
1124836,200,152,352
1124837,229,221,450
1124838,92,83,175
1124839,199,181,380
1124840,200,205,405
1124901,263,303,566
1124902,115,116,231
1124903,124,104,228
1124904,247,233,480
1124905,141,128,269
1124906,173,158,331
1124907,82,94,176
1124908,174,177,351
1124909,217,210,427
1124910,252,260,512
1124911,227,219,446
1124912,334,327,661
1124913,172,165,337
1124914,157,175,332
1124915,119,126,245
1124916,189,191,380
1124917,179,178,357
1124918,105,88,193
1124919,242,243,485
1124920,138,159,297
1124921,204,203,407
1124922,259,264,523
1124923,106,91,197
1124924,168,183,351
1124925,155,165,320
1124926,158,167,325
1124927,98,114,212
1124928,0,0,0
1124929,136,129,265
1124930,228,240,468
1124931,120,115,235
1124932,91,77,168
1124933,256,234,490
1124934,239,206,445
1124935,118,116,234
1124936,152,122,274
1124937,193,178,371
1124938,138,108,246
1124939,181,152,333
1124940,132,139,271
1124941,118,117,235
1124942,222,219,441
1124943,197,182,379
1124944,128,132,260
1125001,283,261,544
1125002,446,448,894
1125003,374,390,764
1125004,435,474,909
1125005,256,270,526
1125006,153,166,319
1125007,308,316,624
1125008,266,274,540
1125009,290,306,596
1125010,0,0,0
1125011,214,254,468
1125012,197,218,415
1125013,247,292,539
1125014,153,194,347
1125015,162,173,335
1125016,160,223,383
1125017,296,352,648
1125018,133,148,281
1125019,207,158,365
1125020,316,313,629
1125021,247,241,488
1125022,171,152,323
1125101,196,219,415
1125102,127,123,250
1125103,227,254,481
1125104,148,152,300
1125105,249,325,574
1125106,130,135,265
1125107,201,209,410
1125108,292,298,590
1125109,36,33,69
1125110,5,5,10
1125111,228,212,440
1125112,145,160,305
1125113,215,260,475
1125114,179,183,362
1125115,297,350,647
1125116,131,215,346
1125117,129,139,268
1125118,4,4,8
1125119,220,274,494
1125120,186,169,355
1125121,191,225,416
1125122,235,276,511
1125123,114,123,237
1125201,164,155,319
1125202,123,124,247
1125203,244,241,485
1125204,113,106,219
1125205,228,213,441
1125206,191,193,384
1125207,104,119,223
1125208,123,124,247
1125209,118,137,255
1125210,179,156,335
1125211,146,138,284
1125212,201,194,395
1125213,140,146,286
1125214,169,178,347
1125215,109,99,208
1125216,91,97,188
1125217,140,134,274
1125218,162,155,317
1125219,153,156,309
1125220,166,163,329
1125221,122,116,238
1125222,170,156,326
1125223,111,102,213
1125224,163,157,320
1125225,141,140,281
1125226,149,149,298
1125227,182,181,363
1125228,96,108,204
1125229,232,236,468
1125230,102,112,214
1125231,133,140,273
1125232,147,134,281
1125301,171,202,373
1125302,199,178,377
1125303,235,229,464
1125304,145,142,287
1125305,220,201,421
1125306,156,138,294
1125307,163,119,282
1125308,344,340,684
1125309,442,522,964
1125310,239,238,477
1125311,211,238,449
1125312,206,232,438
1125313,197,209,406
1125314,289,286,575
1125315,195,213,408
1125316,276,268,544
1125317,163,150,313
1125318,181,205,386
1125319,0,0,0
1125320,282,300,582
1125321,131,132,263
1125322,122,140,262
1125323,299,297,596
1125324,0,0,0
1125325,225,240,465
1125326,156,187,343
1125327,233,242,475
1125328,237,241,478
1125329,265,266,531
1125401,205,222,427
1125402,159,210,369
1125403,77,72,149
1125404,118,127,245
1125405,179,248,427
1125406,155,150,305
1125407,174,189,363
1125408,240,281,521
1125409,132,146,278
1125410,202,214,416
1125411,177,207,384
1125412,165,195,360
1125413,123,125,248
1125414,179,203,382
1125415,191,218,409
1125416,99,116,215
1125417,104,136,240
1125418,203,223,426
1125419,174,153,327
1125420,194,203,397
1125421,207,253,460
1125422,257,237,494
1125423,165,169,334
1125424,206,216,422
1125425,188,215,403
1125426,200,204,404
1125427,116,109,225
1125428,148,148,296
1125429,249,209,458
1125430,132,137,269
1125431,184,226,410
1125432,248,287,535
1125433,236,269,505
1125434,164,165,329
1125435,313,311,624
1125436,140,138,278
1125437,83,75,158
1125438,197,228,425
1125439,189,182,371
1125440,382,410,792
1125441,211,283,494
1125442,246,254,500
1125443,130,133,263
1125444,282,311,593
1125445,137,199,336
1125446,276,274,550
1125447,191,197,388
1125501,297,384,681
1125502,206,219,425
1125503,175,207,382
1125504,103,129,232
1125505,0,0,0
1125506,145,146,291
1125507,182,178,360
1125508,245,283,528
1125509,78,106,184
1125510,163,169,332
1125511,301,340,641
1125512,160,145,305
1125513,355,355,710
1125514,144,152,296
1125515,143,148,291
1125516,283,277,560
1125517,115,103,218
1125518,288,309,597
1125519,110,154,264
1125520,145,182,327
1125521,258,291,549
1125522,121,139,260
1125523,5,4,9
1125524,256,259,515
1125525,195,254,449
1125526,145,169,314
1125527,143,150,293
1125528,243,277,520
1125529,95,107,202
1125530,244,271,515
1125531,275,282,557
1125532,192,213,405
1125533,153,182,335
1125534,151,153,304
1125535,0,0,0
1125536,218,253,471
1125537,84,116,200
1125538,133,147,280
1125539,194,182,376
1125540,85,121,206
1125541,134,229,363
1125542,226,227,453
1125543,289,313,602
1125544,206,314,520
1125545,156,168,324
1125546,180,200,380
1125547,215,262,477
1125548,148,149,297
1125549,123,104,227
1125550,230,285,515
1125551,177,186,363
1125552,178,180,358
1125553,246,218,464
1125554,277,285,562
1125555,121,153,274
1125556,166,173,339
1125557,215,216,431
1125558,243,302,545
1125559,170,121,291
1125560,326,415,741
1125561,210,278,488
1125562,217,249,466
1125563,115,190,305
1125564,229,225,454
1125565,138,123,261
1125566,276,295,571
1125567,265,330,595
1125601,162,166,328
1125602,130,143,273
1125603,127,134,261
1125604,192,168,360
1125605,139,130,269
1125606,201,255,456
1125607,310,313,623
1125608,291,264,555
1125609,186,188,374
1125610,127,129,256
1125611,154,168,322
1125612,126,125,251
1125613,249,283,532
1125614,295,317,612
1125615,174,189,363
1125616,285,297,582
1125617,171,164,335
1125618,13,12,25
1125619,173,192,365
1125620,211,228,439
1125621,249,275,524
1125622,243,226,469
1125623,284,244,528
1125624,238,268,506
1125625,200,228,428
1125626,201,219,420
1125627,209,235,444
1125628,179,190,369
1125629,391,401,792
1125630,242,208,450
1125631,92,96,188
1125632,148,156,304
1125633,173,147,320
1125634,336,296,632
1125635,207,254,461
1125636,177,158,335
1125637,273,247,520
1125638,231,233,464
1125639,160,179,339
1125640,157,128,285
1125641,81,73,154
1125642,245,247,492
1125643,126,125,251
1125644,205,197,402
1125645,117,138,255
1125701,132,123,255
1125702,86,71,157
1125703,257,222,479
1125704,158,153,311
1125705,70,66,136
1125706,114,77,191
1125707,230,204,434
1125708,156,143,299
1125709,231,199,430
1125710,241,176,417
1125711,238,203,441
1125712,255,233,488
1125713,141,135,276
1125714,126,107,233
1125715,148,113,261
1125716,113,84,197
1125717,165,131,296
1125718,148,138,286
1125719,97,72,169
1125720,209,183,392
1125721,160,149,309
1125722,195,177,372
1125723,159,152,311
1125724,110,111,221
1125725,128,136,264
1125726,241,247,488
1125727,154,157,311
1125728,177,176,353
1125729,100,107,207
1125730,204,175,379
1125731,111,105,216
1125732,256,248,504
1125733,161,133,294
1125734,181,169,350
1125735,147,112,259
1125736,159,185,344
1125737,123,100,223
1125738,133,126,259
1125739,0,0,0
1125740,143,128,271
1125741,219,195,414
1125742,106,81,187
1125801,132,145,277
1125802,313,336,649
1125803,10,13,23
1125804,193,199,392
1125805,126,159,285
1125806,22,23,45
1125807,136,155,291
1125808,94,95,189
1125809,146,167,313
1125810,178,168,346
1125811,179,196,375
1125812,43,82,125
1125813,162,149,311
1125814,123,122,245
1125815,146,175,321
1125816,183,186,369
1125817,162,188,350
1125818,244,266,510
1125819,104,107,211
1125820,199,176,375
1125821,203,187,390
1125822,167,129,296
1125823,125,112,237
1125824,136,167,303
1125825,114,124,238
1125826,190,215,405
1125827,254,252,506
1125828,192,215,407
1125829,238,229,467
1125830,208,233,441
1125831,106,89,195
1125901,118,153,271
1125902,170,197,367
1125903,167,175,342
1125904,95,103,198
1125905,210,231,441
1125906,114,114,228
1125907,238,227,465
1125908,166,162,328
1125909,211,180,391
1125910,160,155,315
1125911,103,115,218
1125912,89,95,184
1125913,154,171,325
1125914,100,108,208
1125915,114,98,212
1125916,107,96,203
1125917,113,134,247
1125918,125,106,231
1125919,143,172,315
1125920,0,0,0
1125921,109,116,225
1125922,219,186,405
1126001,237,237,474
1126002,253,261,514
1126003,157,156,313
1126004,123,101,224
1126005,230,100,330
1126006,116,108,224
1126007,168,135,303
1126008,6,5,11
1126009,121,123,244
1126010,6,6,12
1126011,12,12,24
1126012,176,160,336
1126013,120,109,229
1126014,79,77,156
1126101,178,182,360
1126102,219,225,444
1126103,239,238,477
1126104,186,181,367
1126105,238,210,448
1126106,164,179,343
1126107,107,106,213
1126108,186,213,399
1126109,109,102,211
1126110,149,183,332
1126111,197,197,394
1126112,226,229,455
1126113,211,211,422
1126114,151,180,331
1126115,201,212,413
1126116,121,114,235
1126117,110,127,237
1126118,84,71,155
1126119,6,5,11
1126120,31,22,53
1126201,151,141,292
1126202,108,90,198
1126203,199,197,396
1126204,96,98,194
1126205,200,165,365
1126206,150,132,282
1126207,92,75,167
1126208,156,112,268
1126209,66,58,124
1126210,108,107,215
1126211,156,151,307
1126212,214,223,437
1126213,126,96,222
1126214,228,219,447
1126215,203,190,393
1126216,176,163,339
1126301,266,259,525
1126302,252,319,571
1126303,133,142,275
1126304,238,267,505
1126305,189,199,388
1126306,176,192,368
1126307,113,131,244
1126308,140,165,305
1126309,161,162,323
1126310,103,97,200
1126311,258,240,498
1126312,146,148,294
1126313,256,252,508
1126314,85,76,161
1126315,151,151,302
1126316,174,169,343
1126317,141,170,311
1126318,145,177,322
1126319,197,213,410
1126320,133,156,289
1126321,157,148,305
1126322,0,0,0
1126401,152,150,302
1126402,179,182,361
1126403,115,132,247
1126404,152,148,300
1126405,128,142,270
1126406,213,239,452
1126407,174,164,338
1126408,216,194,410
1126409,208,157,365
1126410,183,151,334
1126411,103,96,199
1126501,190,173,363
1126502,118,118,236
1126503,218,229,447
1126504,163,141,304
1126505,223,266,489
1126506,217,214,431
1126507,117,124,241
1126508,3,3,6
1126509,761,18,779
1126510,203,210,413
1126511,111,120,231
1126512,228,232,460
1126513,96,83,179
1126514,272,258,530
1126515,215,199,414
1126516,171,128,299
1126517,0,0,0
1126601,0,0,0
1126602,90,79,169
1126603,113,92,205
1126604,163,146,309
1126605,164,197,361
1126606,132,111,243
1126607,209,208,417
1126608,169,160,329
1126609,133,155,288
1126610,105,85,190
1126611,92,118,210
1126612,189,218,407
1126613,154,162,316
1126614,146,141,287
1126615,170,213,383
1126616,154,140,294
1126617,144,130,274
1126618,186,173,359
1126619,209,213,422
1126620,173,191,364
1126621,114,104,218
1126622,130,138,268
1126701,143,155,298
1126702,172,177,349
1126703,190,155,345
1126704,149,164,313
1126705,120,133,253
1126706,0,0,0
1126707,186,174,360
1126708,192,214,406
1126709,235,272,507
1126710,170,182,352
1126711,219,231,450
1126712,189,210,399
1126713,154,135,289
1126714,246,234,480
1126715,191,196,387
1126716,121,141,262
1126717,228,245,473
1126718,212,240,452
1126719,193,208,401
1126720,119,146,265
1126721,240,230,470
1126722,151,169,320
1126723,201,235,436
1126724,142,123,265
1126725,250,270,520
1126726,125,149,274
1126727,278,267,545
1126728,160,155,315
1126729,217,217,434
1126730,101,125,226
1126731,172,175,347
1126732,197,243,440
1126733,164,200,364
1126734,140,147,287
1126735,113,100,213
1126736,215,282,497
1126737,213,243,456
1126738,164,177,341
1126739,306,319,625
1126740,118,142,260
1126741,249,247,496
1126742,129,105,234
1126743,231,265,496
1126801,181,226,407
1126802,128,159,287
1126803,155,144,299
1126804,171,178,349
1126805,183,220,403
1126806,63,67,130
1126807,61,51,112
1126808,201,361,562
1126809,295,276,571
1126810,86,81,167
1126811,15,15,30
1126812,97,79,176
1126901,380,359,739
1126902,265,264,529
1126903,194,216,410
1126904,198,197,395
1126905,445,507,952
1126906,245,292,537
1126907,127,115,242
1126908,3,0,3
1126909,0,5,5
1126910,298,314,612
1126911,233,198,431
1126912,257,260,517
1126913,194,205,399
1126914,143,162,305
1126915,196,215,411
1126916,181,205,386
1126917,167,185,352
1126918,368,388,756
1126919,441,449,890
1126920,241,268,509
1126921,204,216,420
1126922,253,274,527
1126923,190,206,396
1126924,210,336,546
1126925,112,134,246
1126926,112,127,239
1126927,236,223,459
1126928,249,258,507
1126929,204,234,438
1126930,154,171,325
1126931,158,177,335
1126932,208,200,408
1126933,143,230,373
1126934,204,253,457
1126935,263,269,532
1126936,168,219,387
1126937,149,175,324
1126938,179,183,362
1126939,223,211,434
1126940,193,204,397
1126941,154,148,302
1126942,178,192,370
1126943,116,147,263
1126944,246,262,508
1126945,220,233,453
1126946,183,193,376
1126947,175,179,354
1126948,197,220,417
1126949,155,174,329
1127001,179,160,339
1127002,48,57,105
1127003,150,170,320
1127004,174,210,384
1127005,218,238,456
1127006,145,159,304
1127007,225,268,493
1127008,126,183,309
1127009,236,234,470
1127010,227,205,432
1127011,202,214,416
1127012,200,238,438
1127013,221,287,508
1127014,187,193,380
1127015,151,139,290
1127016,152,159,311
1127017,137,141,278
1127018,135,202,337
1127019,217,217,434
1127020,223,117,340
1127021,268,280,548
1127022,218,236,454
1127023,179,183,362
1127024,160,168,328
1127025,241,229,470
1127026,142,170,312
1127027,149,154,303
1127028,192,177,369
1127029,173,224,397
1127030,0,0,0
1127031,231,196,427
1127032,214,245,459
1127101,101,96,197
1127102,3,0,3
1127103,101,120,221
1127104,146,155,301
1127105,68,67,135
1127106,229,247,476
1127107,165,163,328
1127108,163,138,301
1127109,163,143,306
1127110,166,139,305
1127111,206,204,410
1127112,186,204,390
1127113,104,87,191
1127114,109,121,230
1127115,322,300,622
1127116,275,242,517
1127117,109,120,229
1127118,128,108,236
1127119,130,145,275
1127120,99,94,193
1127121,115,111,226
1127122,245,231,476
1127123,216,202,418
1127124,171,189,360
1127125,125,149,274
1127126,180,204,384
1127127,239,284,523
1127128,195,218,413
1127129,274,267,541
1127130,202,190,392
1127131,119,104,223
1127132,159,160,319
1127133,483,75,558
1127134,15,13,28
1127135,179,176,355
1127136,292,280,572
1127137,239,277,516
1127138,220,251,471
1127139,189,190,379
1127140,118,117,235
1127141,154,153,307
1127142,84,85,169
1127201,177,192,369
1127202,267,298,565
1127203,176,198,374
1127204,166,214,380
1127205,142,156,298
1127206,124,128,252
1127207,218,225,443
1127208,93,97,190
1127209,217,217,434
1127210,145,140,285
1127211,161,130,291
1127212,131,165,296
1127213,182,192,374
1127214,127,126,253
1127215,152,140,292
1127216,107,91,198
1127217,248,274,522
1127218,109,123,232
1127219,163,159,322
1127220,157,161,318
1127221,123,133,256
1127222,233,230,463
1127223,190,223,413
1127224,235,238,473
1127301,44,33,77
1127302,208,226,434
1127303,166,174,340
1127304,148,114,262
1127305,212,234,446
1127306,210,193,403
1127307,257,253,510
1127308,236,262,498
1127309,71,54,125
1127310,178,148,326
1127311,0,0,0
1127312,53,52,105
1127401,132,128,260
1127402,62,39,101
1127403,155,165,320
1127404,166,140,306
1127405,118,118,236
1127406,157,168,325
1127407,169,170,339
1127408,243,252,495
1127409,121,105,226
1127410,155,121,276
1127411,190,191,381
1127412,169,147,316
1127413,144,148,292
1127414,137,123,260
1127415,18,23,41
1127416,297,325,622
1127501,20,19,39
1127601,139,144,283
1127602,226,224,450
1127603,210,233,443
1127604,162,178,340
1127605,190,220,410
1127606,205,217,422
1127607,223,245,468
1127608,160,171,331
1127609,187,204,391
1127610,148,142,290
1127701,207,233,440
1127702,186,190,376
1127703,235,255,490
1127704,121,120,241
1127705,193,186,379
1127706,105,106,211
1127707,134,129,263
1127708,185,166,351
1127709,129,159,288
1127710,163,171,334
1127711,237,237,474
1127712,218,240,458
1127713,143,141,284
1127714,176,188,364
1127715,141,176,317
1127716,150,141,291
1127717,244,257,501
1127718,215,198,413
1127719,179,186,365
1127720,162,152,314
1127721,216,198,414
1127722,156,154,310
1127723,217,247,464
1127724,114,117,231
1127725,259,258,517
1127726,189,178,367
1127727,272,302,574
1127728,225,249,474
1127729,154,163,317
1127730,252,255,507
1127731,170,170,340
1127732,266,272,538
1127733,276,297,573
1127734,176,163,339
1127735,172,174,346
1127736,109,110,219
1127737,256,312,568
1127738,114,139,253
1127739,185,195,380
1127740,0,3,3
1127741,163,173,336
1127801,242,266,508
1127802,166,177,343
1127803,288,286,574
1127804,87,119,206
1127805,207,29,236
1127806,53,42,95
1127807,614,139,753
1127808,89,172,261
1127809,156,190,346
1127810,166,204,370
1127811,216,262,478
1127812,228,261,489
1127813,220,258,478
1127814,458,496,954
1127815,304,281,585
1127816,248,265,513
1127817,143,185,328
1127818,180,180,360
1127819,191,189,380
1127820,183,162,345
1127821,214,223,437
1127822,213,238,451
1127823,115,122,237
1127824,36,34,70
1127825,174,185,359
1127826,328,332,660
1127827,136,155,291
1127828,228,243,471
1127829,221,215,436
1127830,162,161,323
1127831,106,130,236
1127832,205,226,431
1127833,169,157,326
1127834,135,150,285
1127835,207,218,425
1127836,142,159,301
1127837,127,117,244
1127838,105,104,209
1127839,227,265,492
1127840,302,315,617
1127841,162,177,339
1127842,186,181,367
1127843,174,153,327
1127844,162,187,349
1127845,183,212,395
1127846,219,224,443
1127901,0,0,0
1127902,0,0,0
1127903,0,0,0
1127904,308,299,607
1127905,173,194,367
1127906,115,109,224
1127907,137,145,282
1127908,185,196,381
1127909,167,218,385
1127910,188,206,394
1127911,309,310,619
1127912,131,152,283
1127913,190,182,372
1127914,107,115,222
1127915,212,227,439
1127916,234,256,490
1127917,167,172,339
1127918,119,126,245
1127919,82,104,186
1127920,145,197,342
1127921,184,184,368
1127922,241,232,473
1127923,289,263,552
1127924,63,62,125
1127925,129,159,288
1127926,123,123,246
1127927,226,253,479
1127928,187,200,387
1127929,188,201,389
1127930,178,169,347
1127931,181,220,401
1127932,171,178,349
1127933,159,164,323
1127934,232,278,510
1127935,119,127,246
1127936,247,265,512
1127937,207,230,437
1127938,0,0,0
1128001,89,91,180
1128002,122,122,244
1128003,251,273,524
1128004,174,156,330
1128005,192,186,378
1128006,199,197,396
1128007,0,3,3
1128008,129,165,294
1128009,149,156,305
1128010,174,131,305
1128011,140,143,283
1128012,161,163,324
1128013,144,154,298
1128014,133,126,259
1128101,145,134,279
1128102,149,163,312
1128103,225,215,440
1128104,201,203,404
1128105,171,150,321
1128106,119,117,236
1128107,154,148,302
1128108,167,158,325
1128109,140,139,279
1128110,207,191,398
1128201,0,0,0
1128202,197,192,389
1128203,297,320,617
1128204,265,297,562
1128205,231,208,439
1128206,153,181,334
1128207,109,127,236
1128208,141,204,345
1128209,140,146,286
1128210,184,200,384
1128211,169,196,365
1128212,214,242,456
1128213,117,97,214
1128214,170,187,357
1128215,212,241,453
1128216,109,136,245
1128217,167,184,351
1128218,113,124,237
1128219,228,266,494
1128220,129,158,287
1128221,219,218,437
1128222,164,178,342
1128223,174,209,383
1128224,185,202,387
1128225,135,232,367
1128226,217,228,445
1128227,235,228,463
1128228,195,192,387
1128229,206,225,431
1128230,182,210,392
1128231,246,246,492
1128232,117,149,266
1128233,165,165,330
1128234,133,141,274
1128235,212,252,464
1128236,113,139,252
1128237,200,220,420
1128238,148,158,306
1128239,123,132,255
1128301,106,86,192
1128302,198,184,382
1128303,126,108,234
1128304,224,197,421
1128305,306,294,600
1128306,176,163,339
1128307,210,185,395
1128308,103,113,216
1128309,169,156,325
1128310,105,92,197
1128311,0,0,0
1128312,16,15,31
1128313,130,127,257
1128314,203,195,398
1128315,93,102,195
1128316,114,94,208
1128317,128,122,250
1128401,143,196,339
1128402,149,178,327
1128403,148,157,305
1128404,200,209,409
1128405,267,279,546
1128406,175,207,382
1128407,214,234,448
1128408,150,171,321
1128409,319,343,662
1128410,79,84,163
1128411,227,233,460
1128412,161,178,339
1128413,203,257,460
1128414,135,181,316
1128415,175,214,389
1128416,195,212,407
1128417,148,162,310
1128418,190,214,404
1128419,160,204,364
1128420,148,173,321
1128421,170,190,360
1128422,302,305,607
1128423,162,181,343
1128424,181,265,446
1128425,162,162,324
1128426,258,284,542
1128427,147,183,330
1128428,173,206,379
1128429,55,57,112
1128430,297,288,585
1128431,183,282,465
1128501,172,141,313
1128502,194,190,384
1128503,126,113,239
1128504,193,188,381
1128505,239,230,469
1128506,306,289,595
1128507,220,208,428
1128508,154,149,303
1128509,202,198,400
1128510,178,172,350
1128511,162,166,328
1128512,91,88,179
1128513,294,324,618
1128514,143,149,292
1128515,164,173,337
1128516,26,23,49
1128601,188,185,373
1128602,0,0,0
1128603,148,152,300
1128604,184,217,401
1128605,167,183,350
1128606,202,216,418
1128607,238,306,544
1128608,129,125,254
1128609,145,179,324
1128610,227,258,485
1128611,199,206,405
1128612,0,0,0
1128613,221,244,465
1128614,215,476,691
1128615,261,277,538
1128616,140,137,277
1128617,136,130,266
1128618,138,123,261
1128619,212,264,476
1128620,241,249,490
1128621,116,106,222
1128622,154,154,308
1128623,107,141,248
1128701,195,180,375
1128702,227,195,422
1128703,304,324,628
1128704,302,338,640
1128705,214,204,418
1128706,123,140,263
1128707,210,201,411
1128708,214,248,462
1128709,167,196,363
1128710,184,192,376
1128711,144,140,284
1128712,83,88,171
1128713,102,139,241
1128714,391,395,786
1128715,26,34,60
1128716,206,277,483
1128717,166,213,379
1128718,156,173,329
1128719,155,161,316
1128720,83,163,246
1128721,271,271,542
1128722,0,0,0
1128723,166,182,348
1128724,124,117,241
1128725,61,55,116
1128726,13,7,20
1128801,69,83,152
1128802,144,142,286
1128803,109,116,225
1128804,154,153,307
1128805,160,149,309
1128806,131,118,249
1128807,264,251,515
1128808,95,88,183
1128809,110,129,239
1128810,7,3,10
1128811,105,103,208
1128812,334,358,692
1128901,305,317,622
1128902,190,196,386
1128903,257,275,532
1128904,251,223,474
1128905,73,78,151
1128906,183,203,386
1128907,141,128,269
1128908,101,92,193
1128909,165,145,310
1128910,122,129,251
1128911,81,67,148
1128912,78,75,153
1128913,158,151,309
1128914,203,267,470
1128915,129,157,286
1128916,185,223,408
1128917,159,171,330
1128918,130,152,282
1128919,102,100,202
1129001,255,271,526
1129002,342,363,705
1129003,230,260,490
1129004,217,298,515
1129005,293,352,645
1129006,196,182,378
1129007,148,147,295
1129008,299,302,601
1129009,240,205,445
1129010,245,240,485
1129011,174,173,347
1129012,253,246,499
1129013,272,277,549
1129014,236,235,471
1129015,212,216,428
1129016,305,282,587
1129017,158,158,316
1129018,270,270,540
1129019,174,163,337
1129020,199,200,399
1129021,271,257,528
1129022,211,198,409
1129023,171,186,357
1129024,276,252,528
1129025,127,121,248
1129026,302,265,567
1129027,164,179,343
1129028,250,249,499
1129029,260,260,520
1129030,154,178,332
1129031,270,279,549
1129032,286,413,699
1129033,335,372,707
1129034,105,110,215
1129035,269,258,527
1129036,209,199,408
1129037,311,356,667
1129038,147,159,306
1129039,108,110,218
1129040,248,232,480
1129041,146,164,310
1129042,241,240,481
1129043,278,304,582
1129044,138,147,285
1129045,284,278,562
1129046,96,103,199
1129047,133,136,269
1129101,155,197,352
1129102,194,199,393
1129103,257,273,530
1129104,195,212,407
1129105,233,231,464
1129106,192,212,404
1129107,136,122,258
1129108,252,238,490
1129109,236,244,480
1129110,240,275,515
1129111,269,284,553
1129112,196,183,379
1129113,125,135,260
1129114,187,202,389
1129115,213,214,427
1129116,280,295,575
1129117,163,159,322
1129118,204,202,406
1129119,223,225,448
1129120,192,207,399
1129121,227,209,436
1129122,126,147,273
1129123,160,208,368
1129124,158,141,299
1129125,148,155,303
1129126,537,525,1062
1129127,7,14,21
1129128,262,273,535
1129129,288,279,567
1129130,89,108,197
1129131,185,184,369
1129132,100,120,220
1129133,225,238,463
1129134,126,117,243
1129135,151,152,303
1129136,102,121,223
1129137,224,242,466
1129138,0,0,0
1129139,197,196,393
1129140,221,265,486
1129141,184,186,370
1129142,270,235,505
1129143,343,350,693
1129144,227,226,453
1129145,277,226,503
1129146,184,213,397
1129147,0,3,3
1129201,142,143,285
1129202,252,254,506
1129203,195,203,398
1129204,239,245,484
1129205,153,156,309
1129206,225,253,478
1129207,149,174,323
1129208,134,136,270
1129209,191,209,400
1129210,257,251,508
1129211,155,231,386
1129212,241,241,482
1129213,294,281,575
1129214,0,0,0
1129215,147,147,294
1129216,122,128,250
1129217,308,283,591
1129218,304,315,619
1129219,292,295,587
1129220,199,246,445
1129221,221,219,440
1129222,183,164,347
1129223,170,150,320
1129224,165,176,341
1129225,336,314,650
1129226,110,103,213
1129227,281,287,568
1129228,271,256,527
1129229,147,122,269
1129230,280,317,597
1129231,239,258,497
1129232,112,112,224
1129233,203,199,402
1129234,189,199,388
1129235,188,214,402
1129236,201,202,403
1129237,254,309,563
1129238,239,256,495
1129239,233,219,452
1129240,210,222,432
1129241,331,334,665
1129242,278,282,560
1129243,8,8,16
1129244,174,162,336
1129245,250,288,538
1129246,280,303,583
1129247,198,197,395
1129248,310,332,642
1129249,322,332,654
1129250,217,232,449
1129251,304,341,645
1129252,0,0,0
1129253,179,187,366
1129254,183,190,373
1129255,145,145,290
1129256,146,153,299
1129257,230,228,458
1129258,217,221,438
1129259,242,246,488
1129260,189,213,402
1129261,560,567,1127
1129262,254,263,517
1129263,110,125,235
1129264,132,119,251
1129301,167,194,361
1129302,200,201,401
1129303,288,292,580
1129304,145,141,286
1129305,262,275,537
1129306,157,168,325
1129307,164,175,339
1129308,232,269,501
1129309,116,106,222
1129310,173,169,342
1129311,144,136,280
1129312,106,110,216
1129313,146,148,294
1129314,140,132,272
1129315,240,253,493
1129316,141,173,314
1129317,246,252,498
1129318,140,146,286
1129319,200,198,398
1129320,181,189,370
1129321,185,214,399
1129322,138,135,273
1129323,94,93,187
1129324,119,121,240
1129325,199,225,424
1129326,117,97,214
1129327,199,191,390
1129328,167,169,336
1129329,186,157,343
1129330,169,188,357
1129331,239,246,485
1129332,184,197,381
1129333,255,240,495
1129334,208,225,433
1129335,154,154,308
1129336,246,266,512
1129337,321,310,631
1129338,192,167,359
1129339,198,222,420
1129340,173,175,348
1129341,123,130,253
1129342,97,188,285
1129343,0,0,0
1129344,151,239,390
1129345,445,1063,1508
1129346,0,0,0
1129347,223,211,434
1129348,208,219,427
1129349,128,138,266
1129350,115,121,236
1129351,307,302,609
1129352,205,234,439
1129353,172,177,349
1129354,153,149,302
1129355,160,149,309
1129356,239,212,451
1129357,213,211,424
1129358,237,232,469
1129359,173,188,361
1129360,187,192,379
1129361,122,124,246
1129362,221,239,460
1129363,266,299,565
1129364,167,176,343
1129401,304,284,588
1129402,179,179,358
1129403,110,133,243
1129404,42,54,96
1129405,173,206,379
1129406,160,159,319
1129407,148,156,304
1129408,230,236,466
1129409,172,170,342
1129410,150,128,278
1129411,114,101,215
1129412,202,225,427
1129413,297,312,609
1129414,172,198,370
1129415,170,224,394
1129416,224,220,444
1129501,117,122,239
1129502,260,271,531
1129503,215,224,439
1129504,286,314,600
1129505,351,336,687
1129506,258,251,509
1129507,167,157,324
1129508,187,195,382
1129509,363,371,734
1129510,235,245,480
1129511,196,210,406
1129512,333,311,644
1129513,221,196,417
1129514,300,303,603
1129515,289,285,574
1129516,311,356,667
1129517,149,138,287
1129518,233,282,515
1129519,254,252,506
1129520,252,244,496
1129521,149,153,302
1129522,315,363,678
1129523,277,281,558
1129524,329,314,643
1129525,260,274,534
1129526,213,198,411
1129527,263,261,524
1129528,170,189,359
1129529,221,242,463
1129530,245,246,491
1129531,123,137,260
1129532,164,186,350
1129533,192,234,426
1129534,185,185,370
1129535,414,415,829
1129536,213,232,445
1129537,266,292,558
1129538,305,288,593
1129539,167,175,342
1129540,225,230,455
1129541,144,146,290
1129542,241,263,504
1129543,216,254,470
1129544,272,299,571
1129545,281,264,545
1129546,365,415,780
1129547,209,214,423
1129548,275,269,544
1129601,177,155,332
1129602,160,160,320
1129603,195,194,389
1129604,117,119,236
1129605,172,184,356
1129606,219,225,444
1129607,127,133,260
1129608,123,143,266
1129609,177,168,345
1129610,279,307,586
1129611,203,208,411
1129612,168,162,330
1129613,167,181,348
1129614,302,327,629
1129615,217,222,439
1129616,214,213,427
1129617,202,182,384
1129618,92,167,259
1129619,199,213,412
1129620,263,246,509
1129621,188,188,376
1129622,288,288,576
1129623,178,184,362
1129624,134,121,255
1129625,211,244,455
1129626,122,131,253
1129627,186,199,385
1129628,252,247,499
1129629,237,229,466
1129630,153,160,313
1129631,174,185,359
1129632,227,244,471
1129701,198,197,395
1129702,174,188,362
1129703,203,215,418
1129704,167,173,340
1129705,153,146,299
1129706,99,98,197
1129707,135,112,247
1129708,131,132,263
1129709,225,218,443
1129710,182,185,367
1129711,108,112,220
1129712,178,170,348
1129713,207,346,553
1129714,267,221,488
1129715,187,167,354
1129716,115,108,223
1129717,136,127,263
1129718,187,195,382
1129719,194,177,371
1129720,167,180,347
1129721,135,128,263
1129722,235,215,450
1129723,154,143,297
1129724,132,137,269
1129725,138,153,291
1129726,141,135,276
1129727,99,85,184
1129728,153,161,314
1129729,143,146,289
1129730,113,115,228
1129731,162,156,318
1129732,204,220,424
1129733,179,192,371
1129734,245,282,527
1129735,160,195,355
1129736,210,233,443
1129737,216,227,443
1129738,155,174,329
1129739,197,183,380
1129740,105,130,235
1129741,133,130,263
1129742,145,135,280
1129743,185,184,369
1129744,197,187,384
1129745,135,132,267
1129746,182,172,354
1129747,222,223,445
1129748,236,220,456
1129749,168,193,361
1129750,205,200,405
1129751,212,202,414
1129752,224,202,426
1129753,262,263,525
1129754,193,192,385
1129755,179,186,365
1129756,229,225,454
1129757,99,117,216
1129758,149,129,278
1129801,161,158,319
1129802,135,148,283
1129803,200,204,404
1129804,137,142,279
1129805,108,86,194
1129806,211,186,397
1129807,203,204,407
1129808,138,174,312
1129809,155,158,313
1129810,116,97,213
1129811,136,141,277
1129812,170,164,334
1129813,56,85,141
1129814,220,265,485
1129815,137,147,284
1129816,97,104,201
1129817,122,121,243
1129901,184,157,341
1129902,311,281,592
1129903,176,156,332
1129904,156,125,281
1129905,129,132,261
1129906,99,98,197
1129907,195,133,328
1129908,165,140,305
1130001,210,211,421
1130002,245,254,499
1130003,126,122,248
1130004,210,206,416
1130005,138,131,269
1130006,138,141,279
1130007,180,171,351
1130008,0,0,0
1130009,124,138,262
1130010,168,181,349
1130011,150,164,314
1130012,139,125,264
1130013,148,170,318
1130014,160,161,321
1130015,142,134,276
1130016,313,286,599
1130017,116,131,247
1130018,190,192,382
1130019,260,263,523
1130020,93,99,192
1130021,140,112,252
1130022,235,230,465
1130023,250,256,506
1130024,146,135,281
1130025,192,172,364
1130026,191,199,390
1130027,127,136,263
1130028,152,153,305
1130029,260,241,501
1130030,114,80,194
1130031,203,220,423
1130032,139,145,284
1130033,157,169,326
1130034,208,199,407
1130035,215,223,438
1130036,172,172,344
1130037,226,211,437
1130038,156,170,326
1130039,0,0,0
1130040,140,119,259
1130041,224,210,434
1130042,234,231,465
1130043,256,277,533
1130044,150,138,288
1130045,196,180,376
1130046,125,104,229
1130047,263,265,528
1130048,227,205,432
1130049,236,242,478
1130050,196,178,374
1130051,174,163,337
1130052,181,169,350
1130053,152,159,311
1130054,221,221,442
1130055,136,157,293
1130056,232,203,435
1130057,129,107,236
1130058,173,175,348
1130059,55,43,98
1130060,101,107,208
1130061,61,57,118
1130062,248,251,499
1130063,173,171,344
1130101,249,188,437
1130102,117,115,232
1130103,166,201,367
1130104,285,296,581
1130105,155,151,306
1130106,209,186,395
1130107,243,246,489
1130108,179,168,347
1130109,291,295,586
1130110,222,209,431
1130111,168,138,306
1130112,183,176,359
1130113,151,122,273
1130114,208,195,403
1130115,230,197,427
1130116,306,333,639
1130117,157,175,332
1130118,280,281,561
1130119,202,195,397
1130120,215,212,427
1130121,228,220,448
1130122,132,138,270
1130201,255,231,486
1130202,165,162,327
1130203,212,215,427
1130204,359,353,712
1130205,290,302,592
1130206,306,271,577
1130207,122,113,235
1130208,250,221,471
1130209,184,185,369
1130210,259,255,514
1130211,230,271,501
1130212,213,203,416
1130213,128,109,237
1130214,266,236,502
1130215,231,222,453
1130216,168,176,344
1130217,194,167,361
1130218,267,217,484
1130219,306,303,609
1130220,276,260,536
1130221,165,158,323
1130222,195,205,400
1130223,163,161,324
1130224,217,228,445
1130225,169,170,339
1130226,232,225,457
1130227,178,175,353
1130228,196,209,405
1130229,197,181,378
1130230,192,175,367
1130231,280,267,547
1130232,169,175,344
1130233,161,162,323
1130234,191,178,369
1130235,208,193,401
1130236,204,219,423
1130237,252,261,513
1130238,192,212,404
1130239,8,7,15
1130240,213,206,419
1130241,193,195,388
1130242,172,165,337
1130243,241,250,491
1130244,132,120,252
1130301,115,105,220
1130302,152,123,275
1130303,3,3,6
1130304,212,194,406
1130305,183,188,371
1130306,265,269,534
1130307,214,195,409
1130308,260,243,503
1130309,3,0,3
1130310,165,172,337
1130311,253,213,466
1130312,183,187,370
1130313,3,0,3
1130314,216,215,431
1130315,242,250,492
1130316,92,101,193
1130317,130,135,265
1130318,160,197,357
1130319,327,285,612
1130320,251,227,478
1130321,109,112,221
1130322,230,226,456
1130323,191,192,383
1130324,191,200,391
1130325,285,287,572
1130326,182,210,392
1130327,212,218,430
1130328,401,362,763
1130329,260,242,502
1130330,3,3,6
1130331,470,400,870
1130332,59,91,150
1130333,338,289,627
1130334,256,238,494
1130335,332,331,663
1130336,149,152,301
1130337,0,0,0
1130338,247,229,476
1130339,168,160,328
1130340,15,6,21
1130341,206,184,390
1130342,179,174,353
1130401,180,160,340
1130402,176,166,342
1130403,249,244,493
1130404,254,297,551
1130405,179,191,370
1130406,198,196,394
1130407,233,244,477
1130408,164,156,320
1130409,168,178,346
1130410,210,199,409
1130411,171,169,340
1130412,149,166,315
1130413,309,335,644
1130414,188,301,489
1130415,148,148,296
1130416,254,243,497
1130417,296,321,617
1130418,370,338,708
1130419,202,205,407
1130420,221,228,449
1130421,199,176,375
1130422,149,133,282
1130423,128,130,258
1130424,331,318,649
1130425,213,223,436
1130426,306,282,588
1130427,0,0,0
1130428,196,194,390
1130429,169,180,349
1130430,206,212,418
1130431,89,81,170
1130432,292,275,567
1130433,189,189,378
1130434,207,205,412
1130435,261,235,496
1130436,201,200,401
1130437,198,209,407
1130438,148,135,283
1130439,250,262,512
1130440,161,172,333
1130441,0,0,0
1130442,180,177,357
1130501,263,242,505
1130502,170,185,355
1130503,209,213,422
1130504,170,149,319
1130505,219,209,428
1130506,298,308,606
1130507,165,178,343
1130508,199,211,410
1130509,333,351,684
1130510,207,198,405
1130511,208,223,431
1130512,134,135,269
1130513,178,172,350
1130514,252,258,510
1130515,142,158,300
1130516,253,246,499
1130517,309,318,627
1130518,166,182,348
1130519,188,196,384
1130520,92,91,183
1130521,230,237,467
1130522,153,181,334
1130523,129,150,279
1130524,266,274,540
1130525,144,132,276
1130526,111,144,255
1130527,291,334,625
1130528,212,217,429
1130529,222,230,452
1130530,163,173,336
1130531,189,178,367
1130532,148,159,307
1130533,224,220,444
1130534,304,290,594
1130535,182,195,377
1130536,255,238,493
1130537,178,168,346
1130538,240,280,520
1130539,236,241,477
1130540,160,155,315
1130541,162,146,308
1130542,207,212,419
1130543,183,188,371
1130544,154,146,300
1130545,188,196,384
1130546,178,192,370
1130547,214,203,417
1130548,230,315,545
1130549,256,256,512
1130550,294,327,621
1130551,244,225,469
1130552,145,132,277
1130553,193,175,368
1130554,211,222,433
1130555,285,273,558
1130556,240,256,496
1130557,212,239,451
1130558,158,209,367
1130559,246,279,525
1130560,146,169,315
1130561,255,267,522
1130562,180,177,357
1130563,301,326,627
1130601,272,272,544
1130602,219,237,456
1130603,584,588,1172
1130604,0,0,0
1130605,123,141,264
1130606,212,191,403
1130607,149,138,287
1130608,323,318,641
1130609,143,148,291
1130610,116,148,264
1130611,239,235,474
1130612,216,231,447
1130613,217,222,439
1130614,190,213,403
1130615,190,206,396
1130616,147,160,307
1130617,215,241,456
1130618,165,142,307
1130619,256,268,524
1130620,243,261,504
1130621,215,233,448
1130622,202,185,387
1130623,122,119,241
1130624,220,212,432
1130625,270,271,541
1130626,218,189,407
1130627,177,223,400
1130628,171,184,355
1130629,4,0,4
1130630,260,223,483
1130631,204,181,385
1130632,188,206,394
1130633,154,170,324
1130634,165,174,339
1130635,119,142,261
1130636,116,130,246
1130637,118,132,250
1130638,283,269,552
1130639,207,193,400
1130640,166,168,334
1130641,245,262,507
1130642,168,184,352
1130643,130,186,316
1130644,91,113,204
1130645,183,196,379
1130646,218,212,430
1130647,186,219,405
1130648,157,163,320
1130649,150,184,334
1130650,249,258,507
1130701,276,273,549
1130702,185,202,387
1130703,196,233,429
1130704,119,106,225
1130705,187,207,394
1130706,168,168,336
1130707,219,228,447
1130708,234,211,445
1130709,259,227,486
1130710,216,249,465
1130711,241,244,485
1130712,197,197,394
1130713,183,165,348
1130714,259,261,520
1130715,182,173,355
1130716,228,260,488
1130717,279,266,545
1130718,183,199,382
1130719,191,230,421
1130720,269,285,554
1130721,3,4,7
1130722,153,151,304
1130723,203,190,393
1130724,142,156,298
1130725,202,216,418
1130726,289,275,564
1130727,182,181,363
1130728,87,129,216
1130729,168,185,353
1130730,260,319,579
1130731,192,186,378
1130732,138,136,274
1130733,161,166,327
1130734,235,237,472
1130735,267,246,513
1130736,242,254,496
1130737,161,150,311
1130738,209,239,448
1130739,211,200,411
1130740,241,224,465
1130741,220,223,443
1130742,246,268,514
1130743,139,143,282
1130744,264,272,536
1130745,270,269,539
1130746,197,200,397
1130747,233,229,462
1130748,263,315,578
1130749,275,284,559
1130750,265,261,526
1130751,180,170,350
1130752,237,203,440
1130753,214,236,450
1130754,300,307,607
1130755,246,247,493
1130756,277,265,542
1130801,199,206,405
1130802,231,257,488
1130803,200,207,407
1130804,116,132,248
1130805,245,250,495
1130806,176,176,352
1130807,259,276,535
1130808,166,154,320
1130809,239,251,490
1130810,326,348,674
1130811,225,286,511
1130812,204,230,434
1130813,269,244,513
1130814,252,284,536
1130815,204,193,397
1130816,184,203,387
1130817,175,176,351
1130818,24,19,43
1130819,142,177,319
1130820,282,317,599
1130821,265,269,534
1130822,168,168,336
1130823,342,337,679
1130824,151,129,280
1130825,122,137,259
1130826,190,211,401
1130827,277,258,535
1130828,264,273,537
1130829,328,324,652
1130830,264,216,480
1130831,133,148,281
1130832,267,273,540
1130833,308,285,593
1130834,211,198,409
1130835,180,178,358
1130836,234,232,466
1130837,269,253,522
1130838,259,243,502
1130839,159,172,331
1130840,168,188,356
1130841,0,0,0
1130842,283,311,594
1130843,271,247,518
1130844,270,244,514
1130845,313,286,599
1130846,259,275,534
1130847,162,176,338
1130848,250,246,496
1130849,270,293,563
1130850,189,210,399
1130851,208,197,405
1130901,266,242,508
1130902,213,232,445
1130903,185,192,377
1130904,198,204,402
1130905,221,218,439
1130906,277,277,554
1130907,180,170,350
1130908,201,200,401
1130909,152,172,324
1130910,226,217,443
1130911,186,199,385
1130912,261,257,518
1130913,132,148,280
1130914,308,308,616
1130915,153,160,313
1130916,144,151,295
1130917,180,174,354
1130918,282,303,585
1130919,309,282,591
1130920,159,144,303
1130921,159,170,329
1130922,369,339,708
1130923,197,194,391
1130924,333,358,691
1130925,271,283,554
1130926,128,141,269
1130927,147,142,289
1130928,255,277,532
1130929,228,236,464
1130930,224,217,441
1130931,221,231,452
1130932,218,190,408
1130933,124,113,237
1130934,215,194,409
1130935,162,156,318
1130936,160,169,329
1131001,581,584,1165
1131002,445,460,905
1131003,1003,987,1990
1131004,276,288,564
1131005,283,295,578
1131006,117,122,239
1131007,118,141,259
1131008,203,220,423
1131009,455,485,940
1131010,542,532,1074
1131011,155,144,299
1131012,165,195,360
1131013,176,189,365
1131014,198,212,410
1131015,177,193,370
1131016,505,506,1011
1131017,252,278,530
1131018,279,308,587
1131019,283,237,520
1131020,227,218,445
1131021,127,170,297
1131022,185,195,380
1131023,515,536,1051
1131024,735,0,735
1131025,271,263,534
1131026,725,692,1417
1131027,228,258,486
1131028,886,885,1771
1131029,393,393,786
1131030,243,237,480
1131031,719,724,1443
1131101,332,353,685
1131102,260,261,521
1131103,324,338,662
1131104,302,311,613
1131105,238,246,484
1131106,108,115,223
1131107,182,188,370
1131108,232,243,475
1131109,256,229,485
1131110,218,231,449
1131111,144,177,321
1131112,241,264,505
1131113,70,40,110
1131114,316,299,615
1131115,218,209,427
1131116,436,441,877
1131117,193,205,398
1131118,255,266,521
1131119,138,138,276
1131120,231,203,434
1131121,250,267,517
1131122,203,195,398
1131123,226,226,452
1131124,317,294,611
1131125,169,154,323
1131126,228,214,442
1131127,243,234,477
1131128,157,159,316
1131129,188,189,377
1131130,186,172,358
1131131,213,230,443
1131132,138,145,283
1131133,237,274,511
1131134,126,159,285
1131135,165,157,322
1131136,139,157,296
1131137,219,251,470
1131138,221,227,448
1131139,217,226,443
1131140,295,279,574
1131141,139,152,291
1131142,142,146,288
1131143,177,217,394
1131144,207,207,414
1131145,299,292,591
1131146,182,170,352
1131147,151,150,301
1131148,177,165,342
1131149,188,186,374
1131150,203,202,405
1131151,333,298,631
1131152,224,255,479
1131153,297,308,605
1131154,143,140,283
1131155,243,239,482
1131156,283,298,581
1131157,253,246,499
1131158,357,355,712
1131201,114,100,214
1131202,352,289,641
1131203,95,81,176
1131204,191,232,423
1131205,209,254,463
1131206,153,152,305
1131207,162,184,346
1131208,175,197,372
1131209,201,215,416
1131210,237,244,481
1131211,136,116,252
1131212,101,88,189
1131213,183,172,355
1131214,180,173,353
1131215,239,238,477
1131216,122,130,252
1131217,217,237,454
1131218,158,143,301
1131219,133,124,257
1131220,212,190,402
1131221,7,3,10
1131222,198,202,400
1131223,160,155,315
1131224,165,140,305
1131225,0,0,0
1131226,289,314,603
1131227,221,184,405
1131228,115,103,218
1131229,193,140,333
1131230,169,136,305
1131231,180,184,364
1131232,242,222,464
1131233,197,187,384
1131301,125,140,265
1131302,108,112,220
1131303,267,327,594
1131304,263,315,578
1131305,216,227,443
1131306,195,203,398
1131307,174,201,375
1131308,116,124,240
1131309,202,214,416
1131310,228,245,473
1131311,174,196,370
1131312,155,164,319
1131313,118,110,228
1131314,232,245,477
1131315,152,143,295
1131316,113,134,247
1131317,220,220,440
1131318,264,238,502
1131319,180,182,362
1131320,222,245,467
1131321,155,174,329
1131322,182,248,430
1131323,176,202,378
1131324,0,0,0
1131325,272,283,555
1131326,92,110,202
1131327,287,275,562
1131328,257,238,495
1131329,0,0,0
1131330,119,164,283
1131331,0,0,0
1131332,207,204,411
1131333,216,232,448
1131334,116,113,229
1131335,204,210,414
1131336,277,281,558
1131337,160,176,336
1131338,179,175,354
1131339,139,169,308
1131340,101,94,195
1131341,170,178,348
1131342,234,259,493
1131343,120,107,227
1131344,0,0,0
1131345,214,202,416
1131346,173,179,352
1131347,260,281,541
1131348,195,163,358
1131349,219,227,446
1131350,324,316,640
1131351,189,182,371
1131352,111,115,226
1131401,214,232,446
1131402,269,265,534
1131403,210,192,402
1131404,198,206,404
1131405,236,288,524
1131406,226,208,434
1131407,214,236,450
1131408,237,249,486
1131409,166,167,333
1131410,159,147,306
1131411,265,272,537
1131412,204,197,401
1131413,172,163,335
1131414,128,145,273
1131415,227,214,441
1131416,140,149,289
1131417,245,232,477
1131418,0,0,0
1131419,176,165,341
1131420,4,0,4
1131421,3,0,3
1131422,177,165,342
1131423,178,183,361
1131501,172,172,344
1131502,176,189,365
1131503,141,125,266
1131504,267,256,523
1131505,227,222,449
1131506,339,345,684
1131507,0,0,0
1131508,176,167,343
1131509,126,157,283
1131510,166,171,337
1131511,143,141,284
1131512,230,248,478
1131513,221,230,451
1131514,319,323,642
1131515,216,210,426
1131516,281,281,562
1131517,237,237,474
1131518,229,236,465
1131519,177,189,366
1131520,313,314,627
1131521,187,211,398
1131522,245,250,495
1131523,291,296,587
1131524,239,245,484
1131525,210,231,441
1131526,119,129,248
1131527,207,193,400
1131528,192,190,382
1131529,250,223,473
1131530,206,216,422
1131531,146,145,291
1131532,209,203,412
1131533,248,266,514
1131534,149,137,286
1131535,283,300,583
1131536,133,182,315
1131537,304,313,617
1131538,173,166,339
1131539,227,211,438
1131540,193,223,416
1131541,176,168,344
1131542,230,212,442
1131543,244,244,488
1131544,290,285,575
1131545,178,186,364
1131546,231,229,460
1131601,0,0,0
1131602,111,102,213
1131603,88,117,205
1131604,735,743,1478
1131605,265,284,549
1131606,222,229,451
1131607,176,196,372
1131608,177,168,345
1131609,117,144,261
1131610,223,236,459
1131611,177,192,369
1131612,156,150,306
1131613,236,244,480
1131614,139,138,277
1131615,174,191,365
1131616,135,140,275
1131617,258,258,516
1131618,166,184,350
1131619,156,153,309
1131620,171,187,358
1131621,146,155,301
1131622,192,175,367
1131623,295,299,594
1131624,186,188,374
1131625,150,193,343
1131626,194,199,393
1131627,142,146,288
1131628,132,144,276
1131629,160,174,334
1131630,211,245,456
1131631,166,179,345
1131632,249,291,540
1131633,191,193,384
1131634,295,262,557
1131635,106,88,194
1131636,239,227,466
1131637,0,0,0
1131638,242,235,477
1131639,215,263,478
1131640,269,274,543
1131641,178,218,396
1131701,3,0,3
1131702,261,274,535
1131703,236,243,479
1131704,490,498,988
1131705,151,158,309
1131706,228,233,461
1131707,279,298,577
1131708,214,237,451
1131709,254,277,531
1131710,278,238,516
1131711,311,277,588
1131712,182,176,358
1131713,6,3,9
1131714,210,217,427
1131715,216,236,452
1131716,0,0,0
1131717,325,336,661
1131718,208,222,430
1131719,262,249,511
1131720,303,276,579
1131721,269,281,550
1131722,311,326,637
1131723,114,138,252
1131724,143,147,290
1131725,196,194,390
1131726,278,306,584
1131727,150,148,298
1131728,205,193,398
1131729,165,162,327
1131730,226,237,463
1131731,248,260,508
1131732,185,190,375
1131733,265,294,559
1131734,241,262,503
1131735,335,333,668
1131736,197,186,383
1131737,188,221,409
1131738,214,221,435
1131739,288,270,558
1131740,292,293,585
1131741,340,317,657
1131742,278,294,572
1131743,366,343,709
1131744,252,232,484
1131745,382,393,775
1131746,271,239,510
1131801,9,3,12
1131802,8,0,8
1131803,0,0,0
1131901,176,166,342
1131902,162,180,342
1131903,172,166,338
1131904,114,101,215
1131905,196,204,400
1131906,166,156,322
1131907,174,178,352
1131908,212,217,429
1131909,255,270,525
1131910,6,7,13
1131911,4,4,8
1131912,138,169,307
1131913,323,375,698
1131914,292,312,604
1131915,197,226,423
1131916,227,227,454
1131917,245,267,512
1131918,214,237,451
1131919,149,182,331
1131920,15,7,22
1131921,309,349,658
1131922,328,291,619
1131923,230,210,440
1131924,184,194,378
1131925,191,187,378
1131926,150,150,300
1131927,160,170,330
1131928,335,341,676
1131929,285,255,540
1131930,154,164,318
1131931,310,347,657
1131932,232,450,682
1131933,189,189,378
1131934,208,213,421
1131935,276,273,549
1131936,166,159,325
1131937,300,307,607
1131938,165,196,361
1131939,203,197,400
1131940,210,189,399
1131941,226,219,445
1131942,178,182,360
1131943,154,139,293
1131944,164,139,303
1131945,172,165,337
1131946,248,275,523
1131947,168,154,322
1131948,263,269,532
1132001,11,0,11
1132002,5,0,5
1132003,0,0,0
1132101,388,407,795
1132102,108,135,243
1132103,174,206,380
1132104,239,268,507
1132105,189,200,389
1132106,276,250,526
1132107,368,364,732
1132108,243,221,464
1132109,211,200,411
1132110,164,149,313
1132111,339,314,653
1132112,220,225,445
1132113,216,226,442
1132114,256,232,488
1132115,184,244,428
1132116,193,205,398
1132117,108,114,222
1132118,185,192,377
1132119,330,347,677
1132120,11,4,15
1132121,0,0,0
1132122,0,0,0
1132123,5,0,5
1132201,235,233,468
1132202,162,173,335
1132203,216,241,457
1132204,165,146,311
1132205,181,203,384
1132206,174,148,322
1132207,113,110,223
1132208,162,164,326
1132209,282,291,573
1132210,172,197,369
1132211,256,252,508
1132212,131,148,279
1132213,207,205,412
1132214,127,109,236
1132215,295,258,553
1132216,360,345,705
1132217,0,0,0
1132218,246,264,510
1132219,787,747,1534
1132220,96,112,208
1132221,302,265,567
1132222,155,149,304
1132223,213,174,387
1132224,185,224,409
1132225,106,134,240
1132226,123,135,258
1132227,304,333,637
1132228,171,180,351
1132229,228,197,425
1132230,149,151,300
1132231,263,252,515
1132232,217,229,446
1132233,197,197,394
1132234,283,260,543
1132235,244,254,498
1132236,250,260,510
1132237,205,225,430
1132238,220,229,449
1132239,250,242,492
1132240,248,222,470
1132241,211,249,460
1132242,228,202,430
1132243,111,134,245
1132244,224,235,459
1132245,138,160,298
1132246,151,148,299
1132247,170,171,341
1132248,0,0,0
1132301,162,170,332
1132302,127,137,264
1132303,223,233,456
1132304,181,168,349
1132305,256,281,537
1132306,196,305,501
1132307,103,120,223
1132308,181,258,439
1132309,212,237,449
1132310,211,184,395
1132311,186,188,374
1132312,176,163,339
1132313,213,210,423
1132314,204,220,424
1132315,170,195,365
1132316,177,177,354
1132317,254,255,509
1132318,119,126,245
1132319,161,163,324
1132320,245,240,485
1132321,0,0,0
1132322,219,220,439
1132323,185,193,378
1132324,0,0,0
1132325,228,211,439
1132326,152,174,326
1132327,287,250,537
1132328,238,213,451
1132329,118,122,240
1132401,3,0,3
1132501,4,0,4
1132601,160,176,336
1132602,200,220,420
1132603,127,113,240
1132604,189,194,383
1132605,202,228,430
1132606,275,249,524
1132607,316,280,596
1132608,228,229,457
1132609,219,247,466
1132610,238,239,477
1132611,298,310,608
1132612,173,204,377
1132613,178,199,377
1132614,182,163,345
1132615,208,231,439
1132616,226,253,479
1132617,172,171,343
1132618,194,232,426
1132619,219,225,444
1132620,274,277,551
1132621,143,139,282
1132622,234,266,500
1132623,348,353,701
1132624,195,159,354
1132625,184,189,373
1132626,125,145,270
1132627,209,196,405
1132628,219,233,452
1132629,247,236,483
1132630,214,226,440
1132631,135,158,293
1132632,241,225,466
1132633,234,221,455
1132634,104,109,213
1132635,119,133,252
1132636,148,136,284
1132637,164,158,322
1132638,200,196,396
1132639,138,142,280
1132640,179,164,343
1132641,87,98,185
1132642,132,126,258
1132643,204,202,406
1132644,221,222,443
1132645,162,171,333
1132646,98,112,210
1132647,281,237,518
1132648,275,250,525
1132649,182,235,417
1132650,194,192,386
1132651,251,311,562
1132652,281,265,546
1132653,291,241,532
1132654,124,142,266
1132655,191,155,346
1132656,206,209,415
1132657,177,204,381
1132658,16,10,26
1132659,183,216,399
1132660,133,137,270
1132661,193,192,385
1132662,252,250,502
1132701,170,195,365
1132702,189,188,377
1132703,181,180,361
1132704,226,210,436
1132705,185,185,370
1132706,312,278,590
1132707,243,249,492
1132708,248,272,520
1132709,246,224,470
1132710,192,210,402
1132711,257,257,514
1132712,116,120,236
1132713,243,243,486
1132714,216,242,458
1132715,137,142,279
1132716,200,214,414
1132717,105,89,194
1132718,238,292,530
1132719,215,174,389
1132720,154,133,287
1132721,154,186,340
1132722,134,161,295
1132723,199,187,386
1132724,158,148,306
1132725,300,279,579
1132726,110,118,228
1132727,114,112,226
1132728,157,158,315
1132729,213,209,422
1132730,159,136,295
1132731,170,192,362
1132732,206,210,416
1132733,209,235,444
1132734,199,190,389
1132735,133,146,279
1132736,129,149,278
1132737,234,232,466
1132738,221,279,500
1132739,177,223,400
1132740,189,127,316
1132741,113,100,213
1132742,184,211,395
1132743,171,173,344
1132744,123,107,230
1132745,177,172,349
1132746,119,130,249
1132747,243,176,419
1132748,160,174,334
1132749,230,219,449
1132750,198,203,401
1132801,220,244,464
1132802,216,197,413
1132803,107,106,213
1132804,129,107,236
1132805,22,23,45
1132806,150,156,306
1132807,284,264,548
1132808,160,160,320
1132809,106,108,214
1132810,271,255,526
1132811,251,234,485
1132812,182,168,350
1132813,6,9,15
1132814,165,158,323
1132815,152,137,289
1132816,3,4,7
1132817,278,242,520
1132818,141,117,258
1132819,153,158,311
1132820,203,192,395
1132821,286,241,527
1132822,230,196,426
1132901,189,148,337
1132902,7,10,17
1132903,357,236,593
1132904,181,97,278
1132905,221,150,371
1132906,124,147,271
1132907,212,176,388
1132908,229,102,331
1132909,439,276,715
1132910,245,153,398
1132911,115,94,209
1132912,178,176,354
1132913,200,180,380
1132914,193,183,376
1132915,102,66,168
1132916,135,91,226
1132917,264,144,408
1132918,208,101,309
1132919,256,204,460
1132920,195,114,309
1132921,289,232,521
1132922,244,175,419
1132923,162,126,288
1132924,237,133,370
1132925,142,110,252
1132926,280,208,488
1132927,321,199,520
1132928,179,117,296
1133001,187,154,341
1133002,402,367,769
1133003,228,242,470
1133004,220,230,450
1133005,114,120,234
1133006,206,215,421
1133007,196,191,387
1133008,284,244,528
1133009,277,231,508
1133010,243,266,509
1133011,257,238,495
1133012,385,341,726
1133013,151,148,299
1133014,6,0,6
1133015,199,180,379
1133016,299,258,557
1133017,136,171,307
1133018,20,15,35
1133019,325,298,623
1133020,0,0,0
1133021,158,121,279
1133022,135,134,269
1133023,150,124,274
1133024,381,347,728
1133025,341,325,666
1133026,239,245,484
1133027,199,198,397
1133028,264,285,549
1133029,207,238,445
1133030,253,233,486
1133031,354,309,663
1133032,330,282,612
1133101,0,0,0
1133102,144,142,286
1133103,248,215,463
1133104,566,507,1073
1133105,165,176,341
1133106,227,129,356
1133107,152,146,298
1133108,172,204,376
1133109,174,162,336
1133110,116,126,242
1133111,240,223,463
1133112,150,145,295
1133113,205,192,397
1133114,183,208,391
1133115,196,206,402
1133116,190,220,410
1133117,260,276,536
1133118,231,241,472
1133119,208,241,449
1133120,193,253,446
1133121,199,184,383
1133122,125,154,279
1133123,204,222,426
1133124,271,289,560
1133125,158,148,306
1133126,278,271,549
1133127,223,221,444
1133128,0,0,0
1133129,112,124,236
1133130,245,304,549
1133131,222,293,515
1133132,191,226,417
1133133,230,274,504
1133134,197,227,424
1133135,138,241,379
1133136,193,199,392
1133137,171,151,322
1133138,148,165,313
1133139,182,216,398
1133140,173,199,372
1133141,213,170,383
1133142,193,201,394
1133201,225,201,426
1133202,525,631,1156
1133203,0,0,0
1133204,246,236,482
1133205,226,217,443
1133206,263,287,550
1133207,176,150,326
1133208,227,255,482
1133209,195,191,386
1133210,161,110,271
1133211,204,136,340
1133212,196,186,382
1133213,150,177,327
1133214,207,256,463
1133215,140,151,291
1133216,162,179,341
1133217,177,208,385
1133218,162,133,295
1133219,150,206,356
1133220,223,228,451
1133221,146,179,325
1133222,229,274,503
1133223,277,246,523
1133224,260,293,553
1133225,139,164,303
1133226,241,243,484
1133227,269,247,516
1133228,190,188,378
1133229,176,204,380
1133230,225,211,436
1133231,168,170,338
1133232,238,227,465
1133233,139,130,269
1133234,272,259,531
1133235,207,208,415
1133236,269,215,484
1133237,166,166,332
1133238,177,174,351
1133239,171,183,354
1133240,327,319,646
1133241,181,166,347
1133242,176,158,334
1133243,217,226,443
1133244,189,156,345
1133245,230,236,466
1133246,124,134,258
1133247,199,207,406
1133248,233,189,422
1133249,328,276,604
1133250,219,194,413
1133251,199,165,364
1133252,185,203,388
1133301,50,49,99
1133302,168,140,308
1133303,108,119,227
1133304,162,94,256
1133305,324,308,632
1133306,320,247,567
1133307,293,247,540
1133308,198,135,333
1133309,142,94,236
1133310,311,206,517
1133311,199,155,354
1133312,178,125,303
1133313,306,204,510
1133314,286,217,503
1133315,112,115,227
1133316,110,110,220
1133317,299,96,395
1133318,188,141,329
1133319,183,178,361
1133320,302,242,544
1133321,226,91,317
1133322,216,157,373
1133323,177,177,354
1133324,222,156,378
1133325,214,178,392
1133326,169,137,306
1133327,70,70,140
1133328,111,113,224
1133329,234,226,460
1133330,147,137,284
1133331,244,213,457
1133332,84,97,181
1133333,204,219,423
1133334,193,202,395
1133335,105,103,208
1133336,196,188,384
1133337,95,125,220
1133338,240,219,459
1133339,150,126,276
1133340,226,174,400
1133341,176,210,386
1133342,203,198,401
1133343,238,200,438
1133344,146,133,279
1133345,313,276,589
1133346,213,192,405
1133347,284,339,623
1133348,250,247,497
1133349,174,160,334
1133401,84,90,174
1133402,321,273,594
1133403,325,300,625
1133404,167,178,345
1133405,166,182,348
1133406,219,227,446
1133407,452,395,847
1133408,245,215,460
1133409,208,190,398
1133410,236,234,470
1133411,212,183,395
1133412,374,391,765
1133413,205,194,399
1133414,0,0,0
1133415,507,519,1026
1133416,225,241,466
1133417,338,326,664
1133418,361,339,700
1133419,190,172,362
1133420,50,79,129
1133421,221,230,451
1133422,197,169,366
1133423,214,199,413
1133424,315,283,598
1133425,195,199,394
1133426,486,385,871
1133427,299,338,637
1133428,298,327,625
1133429,138,191,329
1133430,285,258,543
1133431,291,251,542
1133432,263,262,525
1133433,98,92,190
1133434,336,312,648
1133435,476,386,862
1133436,167,181,348
1133437,59,61,120
1133438,296,286,582
1133439,41,44,85
1133501,209,181,390
1133502,242,245,487
1133503,385,265,650
1133504,138,74,212
1133505,277,225,502
1133506,211,164,375
1133507,261,210,471
1133508,0,0,0
1133509,146,105,251
1133510,288,176,464
1133511,162,104,266
1133512,101,80,181
1133513,252,305,557
1133514,255,198,453
1133515,185,116,301
1133516,271,232,503
1133517,172,138,310
1133518,269,268,537
1133519,200,183,383
1133520,91,48,139
1133521,268,239,507
1133522,213,155,368
1133523,208,163,371
1133524,0,0,0
1133525,201,185,386
1133526,196,171,367
1133527,365,286,651
1133528,186,125,311
1133529,138,100,238
1133530,151,118,269
1133531,326,309,635
1133532,321,251,572
1133533,263,206,469
1133534,329,218,547
1133535,429,323,752
1133536,261,169,430
1133537,216,153,369
1133538,221,191,412
1133539,172,132,304
1133540,179,160,339
1133541,181,175,356
1133542,238,235,473
1133601,4,0,4
1133602,202,162,364
1133603,239,147,386
1133604,368,289,657
1133605,238,184,422
1133606,261,254,515
1133607,265,208,473
1133608,236,194,430
1133609,397,312,709
1133610,247,171,418
1133611,209,145,354
1133612,246,148,394
1133613,268,265,533
1133614,244,151,395
1133615,187,133,320
1133616,321,243,564
1133617,289,147,436
1133618,288,156,444
1133619,253,189,442
1133620,339,185,524
1133621,368,193,561
1133622,280,153,433
1133623,138,108,246
1133624,123,88,211
1133625,302,201,503
1133626,213,146,359
1133627,430,372,802
1133628,300,247,547
1133629,182,143,325
1133630,216,172,388
1133631,168,137,305
1133632,157,146,303
1133633,213,153,366
1133634,261,217,478
1133635,152,100,252
1133636,265,226,491
1133701,262,250,512
1133702,60,77,137
1133703,545,602,1147
1133704,129,103,232
1133705,260,200,460
1133706,275,212,487
1133707,429,387,816
1133708,144,171,315
1133709,495,428,923
1133710,252,258,510
1133711,375,422,797
1133712,997,963,1960
1133713,0,0,0
1133714,306,298,604
1133715,512,520,1032
1133716,356,320,676
1133717,253,210,463
1133718,382,320,702
1133719,360,313,673
1133720,3,0,3
1133721,702,733,1435
1133722,153,181,334
1133723,133,113,246
1133724,164,162,326
1133725,106,98,204
1133726,165,164,329
1133727,60,50,110
1133728,40,28,68
1133729,156,138,294
1133730,48,28,76
1133731,0,0,0
1133732,0,0,0
1133733,165,177,342
1133734,252,248,500
1133735,131,132,263
1133736,239,227,466
1133737,371,394,765
1133738,439,437,876
1133739,0,0,0
1133740,101,106,207
1133741,0,0,0
1133742,400,327,727
1133743,149,130,279
1133744,212,150,362
1133745,0,0,0
1133746,148,128,276
1133747,256,237,493
1133748,126,119,245
1133749,285,200,485
1133750,0,0,0
1133751,207,195,402
1133752,98,98,196
1133801,142,133,275
1133802,283,300,583
1133803,301,223,524
1133804,283,196,479
1133805,177,177,354
1133806,86,95,181
1133807,492,467,959
1133808,164,163,327
1133809,277,203,480
1133810,139,124,263
1133811,257,247,504
1133812,49,67,116
1133813,214,200,414
1133814,269,231,500
1133815,131,119,250
1133816,170,172,342
1133817,322,242,564
1133818,233,237,470
1133819,3,0,3
1133820,626,541,1167
1133821,220,215,435
1133822,359,290,649
1133823,495,492,987
1133824,245,251,496
1133825,980,954,1934
1133826,311,309,620
1133827,286,303,589
1133828,401,303,704
1133829,392,309,701
1133830,523,393,916
1133831,174,186,360
1133832,140,122,262
1133833,154,158,312
1133834,159,112,271
1133835,296,180,476
1133836,142,106,248
1133837,222,237,459
1133838,269,221,490
1133839,337,259,596
1133840,123,149,272
1133841,253,308,561
1133901,248,255,503
1133902,172,177,349
1133903,156,143,299
1133904,272,263,535
1133905,221,237,458
1133906,190,194,384
1133907,164,173,337
1133908,199,215,414
1133909,0,0,0
1133910,214,240,454
1133911,256,298,554
1133912,267,248,515
1133913,144,177,321
1133914,161,191,352
1133915,159,180,339
1133916,0,0,0
1133917,170,165,335
1133918,116,119,235
1133919,196,203,399
1133920,108,119,227
1133921,180,202,382
1133922,213,228,441
1133923,279,327,606
1133924,139,179,318
1133925,123,133,256
1133926,134,164,298
1133927,236,211,447
1133928,138,143,281
1133929,189,188,377
1133930,177,183,360
1133931,105,107,212
1133932,151,149,300
1133933,255,300,555
1133934,284,320,604
1133935,270,337,607
1133936,228,223,451
1133937,199,192,391
1133938,223,198,421
1133939,216,205,421
1133940,295,277,572
1133941,159,125,284
1133942,170,155,325
1133943,240,229,469
1133944,271,250,521
1133945,238,200,438
1133946,132,104,236
1133947,160,169,329
1134001,171,146,317
1134002,135,135,270
1134003,292,278,570
1134004,246,206,452
1134005,267,260,527
1134006,212,205,417
1134007,242,235,477
1134008,299,254,553
1134009,214,197,411
1134010,206,225,431
1134011,317,325,642
1134012,299,284,583
1134013,293,273,566
1134014,298,260,558
1134015,234,255,489
1134016,155,144,299
1134017,249,213,462
1134018,312,318,630
1134019,121,128,249
1134020,138,121,259
1134021,204,193,397
1134022,175,171,346
1134023,153,137,290
1134024,211,204,415
1134025,259,273,532
1134026,266,261,527
1134027,205,210,415
1134028,169,165,334
1134029,253,275,528
1134030,294,291,585
1134031,302,284,586
1134032,192,199,391
1134033,312,315,627
1134034,0,0,0
1134035,86,75,161
1134036,189,201,390
1134037,124,115,239
1134038,191,189,380
1134039,233,243,476
1134040,171,147,318
1134041,102,104,206
1134042,318,315,633
1134043,248,266,514
1134044,131,124,255
1134045,116,109,225
1134046,0,0,0
1134047,212,201,413
1134101,132,133,265
1134102,111,178,289
1134103,265,330,595
1134104,172,168,340
1134105,138,142,280
1134106,179,188,367
1134107,189,213,402
1134108,242,253,495
1134109,204,246,450
1134110,213,224,437
1134111,168,162,330
1134112,226,226,452
1134113,134,140,274
1134114,201,175,376
1134115,205,224,429
1134116,270,265,535
1134117,271,300,571
1134118,105,139,244
1134119,146,146,292
1134120,211,221,432
1134121,250,253,503
1134122,134,190,324
1134123,191,182,373
1134124,213,199,412
1134125,140,122,262
1134126,282,282,564
1134127,315,297,612
1134128,289,322,611
1134129,208,206,414
1134130,167,171,338
1134131,214,258,472
1134132,119,160,279
1134133,274,277,551
1134134,215,204,419
1134135,250,316,566
1134136,0,3,3
1134137,142,162,304
1134138,267,330,597
1134139,185,201,386
1134201,0,0,0
1134301,158,201,359
1134302,255,323,578
1134303,202,253,455
1134304,219,255,474
1134305,165,176,341
1134306,184,211,395
1134307,287,350,637
1134308,327,364,691
1134309,102,213,315
1134310,69,73,142
1134311,176,219,395
1134312,237,272,509
1134313,268,269,537
1134314,215,202,417
1134315,260,106,366
1134316,183,190,373
1134317,270,284,554
1134318,197,118,315
1134319,202,237,439
1134320,183,204,387
1134321,159,185,344
1134322,306,282,588
1134323,127,129,256
1134324,213,265,478
1134325,184,243,427
1134326,155,163,318
1134327,241,250,491
1134328,195,211,406
1134329,120,180,300
1134330,145,167,312
1134331,207,195,402
1134332,267,318,585
1134333,236,215,451
1134334,95,101,196
1134335,267,286,553
1134336,161,204,365
1134337,153,171,324
1134338,248,288,536
1134339,150,181,331
1134340,199,260,459
1134341,114,152,266
1134342,161,172,333
1134343,170,162,332
1134344,116,113,229
1134345,168,173,341
1134346,241,267,508
1134347,276,348,624
1134348,208,211,419
1134349,280,317,597
1134350,190,190,380
1134351,179,175,354
1134352,177,190,367
1134353,212,233,445
1134354,186,204,390
1134355,239,300,539
1134356,265,384,649
1134357,153,203,356
1134401,315,331,646
1134402,189,190,379
1134403,215,255,470
1134404,209,229,438
1134405,195,218,413
1134406,235,248,483
1134407,230,260,490
1134408,215,242,457
1134409,215,212,427
1134410,149,162,311
1134411,183,186,369
1134412,327,373,700
1134413,156,186,342
1134414,182,220,402
1134415,161,192,353
1134416,199,204,403
1134417,161,153,314
1134418,246,283,529
1134419,181,166,347
1134420,140,161,301
1134421,166,205,371
1134422,242,250,492
1134423,169,186,355
1134424,308,313,621
1134501,259,254,513
1134502,256,279,535
1134503,179,182,361
1134504,182,226,408
1134505,244,255,499
1134506,166,150,316
1134507,239,242,481
1134508,233,265,498
1134509,203,262,465
1134510,197,192,389
1134511,133,150,283
1134512,246,272,518
1134513,125,132,257
1134514,0,0,0
1134515,0,0,0
1134516,208,224,432
1134517,126,162,288
1134518,176,192,368
1134519,200,248,448
1134520,253,294,547
1134521,163,194,357
1134522,7,0,7
1134523,169,193,362
1134524,193,242,435
1134525,115,139,254
1134526,217,228,445
1134527,214,187,401
1134528,202,232,434
1134529,275,268,543
1134530,264,304,568
1134531,217,215,432
1134532,64,90,154
1134533,168,201,369
1134534,159,183,342
1134535,355,320,675
1134536,215,185,400
1134537,223,232,455
1134601,136,199,335
1134602,113,183,296
1134603,206,192,398
1134604,153,169,322
1134605,145,146,291
1134606,283,263,546
1134607,0,0,0
1134608,180,180,360
1134609,207,351,558
1134610,133,159,292
1134611,0,0,0
1134612,245,238,483
1134613,210,208,418
1134614,127,117,244
1134615,147,173,320
1134616,160,196,356
1134617,227,235,462
1134618,266,334,600
1134619,0,0,0
1134620,327,389,716
1134621,158,213,371
1134622,174,179,353
1134623,145,164,309
1134624,194,223,417
1134625,209,236,445
1134626,229,241,470
1134627,200,216,416
1134628,285,277,562
1134629,135,58,193
1134630,216,223,439
1134631,151,155,306
1134632,192,231,423
1134701,211,268,479
1134702,207,259,466
1134703,109,197,306
1134704,221,318,539
1134705,306,346,652
1134706,259,312,571
1134707,171,182,353
1134708,237,265,502
1134709,162,151,313
1134710,183,236,419
1134711,154,142,296
1134712,170,191,361
1134713,207,229,436
1134714,236,289,525
1134715,139,183,322
1134716,169,243,412
1134717,110,121,231
1134801,331,320,651
1134802,221,232,453
1134803,267,306,573
1134804,249,355,604
1134805,110,134,244
1134806,202,214,416
1134807,198,233,431
1134808,104,115,219
1134809,130,135,265
1134810,150,195,345
1134811,219,235,454
1134812,157,152,309
1134813,239,239,478
1134814,271,296,567
1134815,171,154,325
1134816,247,276,523
1134817,220,230,450
1134818,148,153,301
1134819,190,220,410
1134820,247,189,436
1134821,224,231,455
1134822,121,131,252
1134823,244,266,510
1134824,261,272,533
1134825,143,175,318
1134826,193,211,404
1134827,205,238,443
1134828,156,144,300
1134829,162,170,332
1134830,239,275,514
1134831,153,176,329
1134832,239,248,487
1134833,217,207,424
1134834,147,161,308
1134835,203,253,456
1134836,197,199,396
1134837,145,172,317
1134838,246,254,500
1134839,205,240,445
1134840,167,205,372
1134841,197,266,463
1134842,313,362,675
1134843,271,278,549
1134844,196,193,389
1134845,298,293,591
1134846,197,219,416
1134847,187,209,396
1134848,156,147,303
1134849,184,200,384
1134850,144,137,281
1134851,170,175,345
1134852,138,156,294
1134853,105,111,216
1134854,166,170,336
1134855,45,43,88
1134856,124,114,238
1134857,118,136,254
1134858,106,115,221
1134859,178,259,437
1134860,118,131,249
1134901,102,98,200
1134902,183,164,347
1134903,247,236,483
1134904,294,278,572
1134905,158,130,288
1134906,134,109,243
1134907,339,342,681
1134908,79,100,179
1134909,291,275,566
1134910,187,242,429
1134911,0,0,0
1134912,254,240,494
1134913,152,170,322
1134914,254,255,509
1134915,195,205,400
1134916,208,208,416
1134917,194,206,400
1134918,211,180,391
1134919,221,244,465
1134920,226,211,437
1134921,156,166,322
1134922,178,186,364
1134923,200,192,392
1134924,291,302,593
1134925,298,254,552
1134926,192,205,397
1134927,267,299,566
1134928,237,245,482
1134929,249,240,489
1134930,161,200,361
1134931,216,232,448
1134932,239,242,481
1134933,219,233,452
1134934,173,178,351
1134935,258,242,500
1134936,524,442,966
1134937,225,221,446
1134938,284,265,549
1134939,196,157,353
1134940,918,892,1810
1134941,142,139,281
1134942,275,304,579
1134943,220,254,474
1134944,224,239,463
1134945,131,140,271
1134946,157,143,300
1134947,268,226,494
1134948,291,293,584
1134949,141,128,269
1134950,171,177,348
1134951,314,288,602
1134952,250,202,452
1134953,148,126,274
1134954,294,237,531
1134955,399,371,770
1134956,200,185,385
1134957,205,174,379
1134958,190,185,375
1134959,175,167,342
1135001,174,220,394
1135002,216,227,443
1135003,262,281,543
1135004,163,175,338
1135005,320,314,634
1135006,229,241,470
1135007,45,44,89
1135008,205,184,389
1135009,213,220,433
1135010,165,200,365
1135011,203,190,393
1135012,211,216,427
1135013,199,287,486
1135014,131,124,255
1135015,188,206,394
1135016,591,663,1254
1135017,206,217,423
1135018,242,240,482
1135019,153,163,316
1135020,246,321,567
1135021,279,257,536
1135022,185,196,381
1135023,218,261,479
1135024,8,3,11
1135025,0,0,0
1135026,0,0,0
1135027,128,139,267
1135028,1381,17,1398
1135029,257,264,521
1135030,182,197,379
1135031,174,181,355
1135032,208,201,409
1135033,181,185,366
1135034,129,142,271
1135035,257,273,530
1135036,168,176,344
1135037,241,230,471
1135038,259,252,511
1135039,267,273,540
1135040,239,240,479
1135041,193,211,404
1135042,173,191,364
1135043,173,160,333
1135044,249,235,484
1135045,328,340,668
1135046,357,330,687
1135047,140,142,282
1135048,263,290,553
1135101,117,182,299
1135102,129,147,276
1135103,175,214,389
1135104,167,202,369
1135105,215,200,415
1135106,226,241,467
1135107,215,228,443
1135108,165,183,348
1135109,0,0,0
1135110,186,219,405
1135111,179,202,381
1135112,211,203,414
1135113,221,212,433
1135114,136,139,275
1135115,291,310,601
1135116,281,297,578
1135117,259,289,548
1135118,214,180,394
1135119,188,205,393
1135120,217,229,446
1135121,166,183,349
1135122,122,151,273
1135123,172,201,373
1135124,245,270,515
1135125,129,130,259
1135126,234,285,519
1135127,333,341,674
1135128,182,176,358
1135129,228,194,422
1135130,251,200,451
1135131,239,246,485
1135132,215,228,443
1135133,241,242,483
1135134,193,208,401
1135135,219,234,453
1135136,195,217,412
1135137,220,243,463
1135138,241,261,502
1135139,201,206,407
1135140,233,207,440
1135141,143,147,290
1135142,190,199,389
1135143,187,224,411
1135144,221,249,470
1135145,190,191,381
1135146,360,374,734
1135147,148,208,356
1135148,253,309,562
1135149,255,283,538
1135150,147,192,339
1135151,217,215,432
1135152,346,344,690
1135153,161,209,370
1135154,164,166,330
1135155,186,228,414
1135156,529,602,1131
1135157,155,172,327
1135158,328,368,696
1135159,213,214,427
1135160,276,299,575
1135161,262,272,534
1135162,219,228,447
1135163,184,223,407
1135164,303,304,607
1135165,255,246,501
1135166,151,176,327
1135167,170,178,348
1135201,34,12,46
1135202,186,162,348
1135203,205,219,424
1135204,160,163,323
1135205,344,360,704
1135206,184,329,513
1135207,149,147,296
1135208,118,72,190
1135209,207,197,404
1135210,221,227,448
1135211,194,188,382
1135212,124,147,271
1135213,257,247,504
1135214,130,124,254
1135215,204,243,447
1135216,81,99,180
1135217,274,319,593
1135218,196,201,397
1135219,201,188,389
1135220,211,235,446
1135221,199,175,374
1135222,292,333,625
1135223,211,226,437
1135224,129,150,279
1135225,223,258,481
1135226,207,210,417
1135227,221,283,504
1135228,114,163,277
1135229,183,237,420
1135230,305,347,652
1135231,184,211,395
1135232,162,206,368
1135233,116,126,242
1135234,276,285,561
1135235,166,162,328
1135236,199,222,421
1135237,150,167,317
1135238,218,250,468
1135239,175,196,371
1135240,181,192,373
1135241,210,143,353
1135242,255,280,535
1135243,114,121,235
1135244,175,200,375
1135245,219,275,494
1135246,169,204,373
1135247,261,269,530
1135248,153,168,321
1135249,223,295,518
1135250,195,217,412
1135251,117,132,249
1135252,160,180,340
1135253,189,184,373
1135254,135,156,291
1135255,205,215,420
1135256,256,290,546
1135257,176,192,368
1135258,129,145,274
1135259,313,334,647
1135260,161,227,388
1135261,296,380,676
1135262,210,239,449
1135263,238,297,535
1135264,271,257,528
1135265,213,262,475
1135266,164,237,401
1135267,232,242,474
1135268,136,163,299
1135301,158,133,291
1135302,0,0,0
1135303,273,253,526
1135304,363,336,699
1135305,217,222,439
1135306,3,0,3
1135307,152,172,324
1135308,5,3,8
1135309,128,122,250
1135310,727,705,1432
1135311,318,330,648
1135312,183,196,379
1135313,184,176,360
1135314,138,157,295
1135315,181,188,369
1135316,225,224,449
1135317,291,335,626
1135318,265,255,520
1135319,279,272,551
1135320,338,362,700
1135321,245,262,507
1135322,190,194,384
1135323,196,196,392
1135324,220,257,477
1135325,182,193,375
1135326,293,293,586
1135327,183,179,362
1135328,272,305,577
1135329,192,170,362
1135330,215,205,420
1135331,232,263,495
1135332,285,302,587
1135333,221,216,437
1135334,206,199,405
1135335,172,200,372
1135336,362,396,758
1135337,171,177,348
1135338,236,254,490
1135339,412,426,838
1135340,127,141,268
1135341,0,0,0
1135342,269,264,533
1135343,121,137,258
1135344,5,0,5
1135345,3,3,6
1135346,0,0,0
1135347,149,149,298
1135348,186,190,376
1135349,207,200,407
1135350,348,349,697
1135351,360,339,699
1135352,259,256,515
1135353,247,266,513
1135354,317,321,638
1135355,264,259,523
1135356,382,393,775
1135357,412,408,820
1135358,147,149,296
1135359,5,4,9
1135360,0,0,0
1135361,132,119,251
1135362,207,196,403
1135363,213,218,431
1135364,248,285,533
1135365,254,281,535
1135366,233,218,451
1135367,188,204,392
1135368,191,199,390
1135369,19,13,32
1135370,274,282,556
1135371,351,373,724
1135372,221,203,424
1135401,209,220,429
1135402,203,199,402
1135403,254,272,526
1135404,160,162,322
1135405,159,155,314
1135406,222,231,453
1135407,107,136,243
1135408,171,159,330
1135409,215,190,405
1135410,242,244,486
1135411,148,147,295
1135412,252,283,535
1135413,284,278,562
1135414,234,226,460
1135415,346,318,664
1135416,0,0,0
1135417,175,172,347
1135418,250,235,485
1135419,272,306,578
1135420,196,197,393
1135421,263,295,558
1135422,264,310,574
1135423,8,9,17
1135424,176,179,355
1135425,141,149,290
1135426,148,220,368
1135427,305,313,618
1135428,174,178,352
1135429,122,135,257
1135430,91,94,185
1135431,157,183,340
1135432,130,147,277
1135433,139,156,295
1135434,158,178,336
1135435,266,273,539
1135436,182,175,357
1135437,0,0,0
1135438,120,128,248
1135439,238,245,483
1135440,166,154,320
1135441,204,189,393
1135442,168,176,344
1135443,191,198,389
1135444,217,228,445
1135445,277,225,502
1135446,165,197,362
1135447,160,167,327
1135448,172,162,334
1135449,87,98,185
1135450,217,247,464
1135451,178,266,444
1135452,160,203,363
1135453,140,141,281
1135454,118,134,252
1135501,0,0,0
1135502,0,0,0
1135601,3,0,3
1135602,0,0,0
1135603,169,164,333
1135604,15,0,15
1135605,7,0,7
1135606,264,259,523
1135607,155,143,298
1135608,234,241,475
1135609,256,259,515
1135610,298,285,583
1135611,275,289,564
1135612,243,269,512
1135613,314,300,614
1135614,235,234,469
1135615,238,257,495
1135616,154,159,313
1135617,164,160,324
1135618,260,244,504
1135619,298,258,556
1135620,0,0,0
1135621,207,189,396
1135622,0,0,0
1135623,238,228,466
1135624,235,230,465
1135625,184,191,375
1135626,172,189,361
1135627,185,182,367
1135628,204,202,406
1135629,122,126,248
1135701,241,240,481
1135702,172,188,360
1135703,201,177,378
1135704,180,191,371
1135705,168,151,319
1135706,350,337,687
1135707,171,174,345
1135708,289,315,604
1135709,196,207,403
1135710,191,181,372
1135711,305,326,631
1135712,307,324,631
1135713,245,240,485
1135714,149,144,293
1135715,202,184,386
1135716,277,322,599
1135717,145,151,296
1135718,230,226,456
1135719,133,125,258
1135720,172,173,345
1135721,268,251,519
1135722,214,188,402
1135723,219,231,450
1135724,176,167,343
1135725,242,224,466
1135726,280,242,522
1135727,214,227,441
1135728,292,336,628
1135729,225,248,473
1135730,181,203,384
1135731,226,233,459
1135732,239,249,488
1135733,292,305,597
1135734,254,232,486
1135735,266,259,525
1135736,272,269,541
1135737,174,179,353
1135738,254,269,523
1135739,269,277,546
1135740,168,200,368
1135741,235,229,464
1135742,198,195,393
1135743,168,195,363
1135744,181,199,380
1135745,199,190,389
1135746,183,179,362
1135747,171,173,344
1135748,182,187,369
1135749,0,0,0
1135750,263,294,557
1135751,108,107,215
1135752,183,208,391
1135753,227,235,462
1135754,132,126,258
1135755,120,128,248
1135756,137,134,271
1135757,130,135,265
1135758,153,222,375
1135801,187,221,408
1135802,118,125,243
1135803,211,228,439
1135804,311,339,650
1135805,160,174,334
1135806,0,4,4
1135807,114,133,247
1135808,268,263,531
1135809,243,249,492
1135810,274,292,566
1135811,186,186,372
1135812,156,170,326
1135813,147,142,289
1135814,235,240,475
1135815,195,187,382
1135816,261,252,513
1135817,3,0,3
1135818,181,209,390
1135819,168,213,381
1135820,254,246,500
1135821,251,233,484
1135822,135,136,271
1135823,277,303,580
1135824,130,143,273
1135825,53,41,94
1135826,105,179,284
1135827,245,252,497
1135828,217,220,437
1135829,196,269,465
1135830,198,194,392
1135831,215,207,422
1135832,139,139,278
1135833,148,152,300
1135834,227,287,514
1135835,0,0,0
1135836,202,202,404
1135837,128,118,246
1135838,226,220,446
1135839,232,249,481
1135840,168,162,330
1135841,169,174,343
1135842,268,270,538
1135901,209,234,443
1135902,133,149,282
1135903,180,193,373
1135904,162,165,327
1135905,232,235,467
1135906,185,187,372
1135907,221,244,465
1135908,240,221,461
1135909,176,162,338
1135910,0,0,0
1135911,241,266,507
1135912,198,195,393
1135913,154,163,317
1135914,187,210,397
1135915,264,294,558
1135916,199,197,396
1135917,189,180,369
1135918,173,200,373
1135919,220,214,434
1135920,127,129,256
1135921,149,179,328
1135922,0,0,0
1135923,300,288,588
1135924,279,262,541
1135925,228,242,470
1135926,283,291,574
1135927,178,195,373
1135928,178,185,363
1135929,195,183,378
1135930,239,237,476
1135931,214,207,421
1135932,226,267,493
1135933,217,253,470
1135934,291,316,607
1135935,245,274,519
1135936,168,166,334
1135937,227,231,458
1135938,164,166,330
1135939,192,170,362
1135940,156,166,322
1135941,3,7,10
1135942,249,240,489
1135943,208,188,396
1135944,179,195,374
1135945,249,264,513
1135946,195,194,389
1135947,264,279,543
1135948,157,187,344
1135949,269,300,569
1135950,212,207,419
1135951,140,154,294
1135952,0,0,0
1135953,177,170,347
1135954,298,300,598
1135955,212,195,407
1135956,239,244,483
1135957,227,246,473
1135958,179,175,354
1135959,229,239,468
1135960,249,265,514
1135961,155,159,314
1136001,233,271,504
1136002,247,252,499
1136003,257,231,488
1136004,198,199,397
1136005,194,193,387
1136006,141,166,307
1136007,203,211,414
1136008,192,190,382
1136009,221,220,441
1136010,177,236,413
1136011,158,145,303
1136012,178,184,362
1136013,161,163,324
1136014,291,278,569
1136015,137,159,296
1136016,280,301,581
1136017,220,264,484
1136018,311,307,618
1136019,303,349,652
1136020,103,129,232
1136021,150,184,334
1136022,174,199,373
1136023,161,178,339
1136024,238,251,489
1136025,140,118,258
1136026,227,234,461
1136027,291,332,623
1136028,125,146,271
1136029,300,338,638
1136030,208,214,422
1136031,133,133,266
1136032,218,249,467
1136033,234,241,475
1136034,142,174,316
1136035,222,261,483
1136101,176,183,359
1136102,0,0,0
1136103,155,144,299
1136104,306,298,604
1136105,174,157,331
1136106,214,171,385
1136107,224,234,458
1136108,295,271,566
1136109,189,205,394
1136110,149,156,305
1136111,102,97,199
1136112,256,244,500
1136113,216,234,450
1136114,248,254,502
1136115,254,245,499
1136116,158,160,318
1136117,303,325,628
1136118,172,214,386
1136119,171,182,353
1136120,202,190,392
1136121,203,213,416
1136122,273,276,549
1136123,298,267,565
1136124,245,280,525
1136125,159,170,329
1136126,241,252,493
1136127,261,256,517
1136128,173,191,364
1136129,179,190,369
1136130,163,184,347
1136131,159,167,326
1136132,248,238,486
1136133,203,201,404
1136134,307,295,602
1136135,177,184,361
1136136,165,185,350
1136137,209,223,432
1136138,188,206,394
1136139,162,149,311
1136140,248,245,493
1136141,182,181,363
1136142,323,325,648
1136143,132,166,298
1136144,152,134,286
1136145,206,193,399
1136146,196,215,411
1136201,105,86,191
1136202,131,131,262
1136203,192,193,385
1136204,192,197,389
1136205,193,210,403
1136206,208,192,400
1136207,264,280,544
1136208,187,165,352
1136209,223,231,454
1136210,194,189,383
1136211,250,242,492
1136212,277,271,548
1136213,237,250,487
1136214,163,163,326
1136215,225,228,453
1136216,214,210,424
1136217,218,218,436
1136218,174,201,375
1136219,271,292,563
1136220,207,212,419
1136221,229,266,495
1136222,199,198,397
1136223,296,285,581
1136224,219,221,440
1136225,243,266,509
1136226,215,245,460
1136227,284,316,600
1136228,301,282,583
1136229,264,229,493
1136230,262,282,544
1136231,185,224,409
1136232,298,290,588
1136233,211,215,426
1136234,176,206,382
1136235,340,359,699
1136236,140,132,272
1136237,98,115,213
1136238,236,244,480
1136239,264,286,550
1136240,169,156,325
1136241,101,95,196
1136242,141,127,268
1136243,198,213,411
1136301,130,134,264
1136302,262,266,528
1136303,269,271,540
1136304,237,239,476
1136305,200,222,422
1136306,188,165,353
1136307,203,219,422
1136308,264,272,536
1136309,246,272,518
1136310,231,218,449
1136311,201,211,412
1136312,169,133,302
1136313,185,193,378
1136314,129,143,272
1136315,241,207,448
1136316,230,242,472
1136317,181,157,338
1136318,248,283,531
1136319,271,247,518
1136320,281,291,572
1136321,198,182,380
1136322,241,234,475
1136323,187,179,366
1136324,275,238,513
1136325,203,190,393
1136326,191,170,361
1136327,298,284,582
1136328,240,238,478
1136329,269,293,562
1136330,245,236,481
1136331,165,171,336
1136332,172,188,360
1136333,184,186,370
1136334,167,176,343
1136335,271,250,521
1136336,335,322,657
1136337,177,199,376
1136338,196,187,383
1136339,121,119,240
1136340,189,199,388
1136341,199,230,429
1136342,236,243,479
1136343,178,155,333
1136344,313,285,598
1136345,274,282,556
1136346,281,253,534
1136347,240,207,447
1136348,0,3,3
1136349,153,156,309
1136350,226,256,482
1136351,252,250,502
1136352,121,111,232
1136353,169,157,326
1136354,153,141,294
1136355,168,161,329
1136356,124,119,243
1136357,157,126,283
1136358,286,287,573
1136359,130,155,285
1136360,137,146,283
1136361,109,118,227
1136362,144,140,284
1136363,199,199,398
1136364,154,157,311
1136365,178,177,355
1136366,98,102,200
1136367,108,117,225
1136401,138,125,263
1136402,288,286,574
1136403,241,289,530
1136404,133,125,258
1136405,206,211,417
1136406,259,291,550
1136407,227,245,472
1136408,110,109,219
1136409,129,124,253
1136410,137,149,286
1136411,150,160,310
1136412,214,206,420
1136413,205,217,422
1136414,234,236,470
1136415,253,234,487
1136416,271,267,538
1136417,215,219,434
1136418,145,143,288
1136419,103,137,240
1136420,175,208,383
1136421,152,148,300
1136422,210,222,432
1136423,159,193,352
1136424,136,141,277
1136425,110,119,229
1136426,152,141,293
1136427,161,156,317
1136428,279,306,585
1136429,0,0,0
1136430,245,266,511
1136431,265,258,523
1136432,134,170,304
1136433,261,309,570
1136434,143,140,283
1136435,214,253,467
1136436,317,322,639
1136437,198,200,398
1136438,334,314,648
1136439,169,185,354
1136440,274,287,561
1136441,186,205,391
1136442,190,201,391
1136443,180,142,322
1136444,217,220,437
1136445,180,161,341
1136446,269,299,568
1136447,247,298,545
1136448,115,102,217
1136449,260,255,515
1136450,248,265,513
1136451,99,129,228
1136452,224,222,446
1136453,102,111,213
1136454,125,105,230
1136455,127,131,258
1136456,188,227,415
1136457,155,160,315
1136458,148,165,313
1136501,367,315,682
1136502,332,260,592
1136503,214,159,373
1136504,264,263,527
1136505,251,225,476
1136506,219,201,420
1136507,217,171,388
1136508,246,216,462
1136509,205,164,369
1136510,191,180,371
1136511,392,314,706
1136512,232,234,466
1136513,299,288,587
1136514,224,194,418
1136515,273,293,566
1136516,154,142,296
1136517,140,123,263
1136518,396,302,698
1136519,341,274,615
1136520,227,226,453
1136521,165,192,357
1136522,258,260,518
1136523,269,242,511
1136524,239,231,470
1136525,277,252,529
1136526,191,189,380
1136527,230,193,423
1136528,295,275,570
1136529,274,243,517
1136530,284,283,567
1136531,230,202,432
1136532,375,352,727
1136533,246,224,470
1136534,222,197,419
1136535,248,224,472
1136536,325,293,618
1136537,263,261,524
1136538,249,205,454
1136539,202,149,351
1136540,238,250,488
1136541,212,195,407
1136542,330,267,597
1136543,228,188,416
1136544,272,339,611
1136545,229,183,412
1136546,156,166,322
1136547,211,224,435
1136548,310,273,583
1136549,373,350,723
1136550,237,211,448
1136551,226,191,417
1136552,156,137,293
1136601,173,187,360
1136602,310,291,601
1136603,263,280,543
1136604,260,244,504
1136605,165,184,349
1136606,230,244,474
1136607,208,203,411
1136608,161,149,310
1136609,282,268,550
1136610,242,214,456
1136611,225,197,422
1136612,235,212,447
1136613,179,184,363
1136614,173,159,332
1136615,244,226,470
1136616,185,200,385
1136617,172,175,347
1136618,261,244,505
1136619,151,131,282
1136620,216,174,390
1136621,312,291,603
1136622,157,145,302
1136623,233,211,444
1136624,246,268,514
1136625,156,165,321
1136626,238,269,507
1136627,207,209,416
1136628,168,157,325
1136629,270,243,513
1136630,173,165,338
1136631,208,198,406
1136632,216,246,462
1136633,143,129,272
1136634,202,215,417
1136635,210,177,387
1136636,301,252,553
1136637,237,202,439
1136638,249,263,512
1136639,171,186,357
1136640,178,185,363
1136641,3,3,6
1136642,251,255,506
1136643,205,184,389
1136644,10,3,13
1136645,224,196,420
1136646,162,172,334
1136647,153,141,294
1136648,137,137,274
1136701,193,208,401
1136702,271,278,549
1136703,139,181,320
1136704,216,238,454
1136705,75,100,175
1136706,153,161,314
1136707,263,249,512
1136708,180,183,363
1136709,168,198,366
1136710,126,159,285
1136711,201,224,425
1136712,241,269,510
1136713,330,313,643
1136714,176,192,368
1136715,196,214,410
1136716,219,240,459
1136717,241,228,469
1136718,276,273,549
1136719,191,218,409
1136720,300,325,625
1136721,284,259,543
1136722,252,270,522
1136723,293,279,572
1136724,337,326,663
1136725,270,257,527
1136726,249,257,506
1136727,307,293,600
1136728,263,251,514
1136801,127,123,250
1136802,177,185,362
1136803,182,266,448
1136804,236,245,481
1136805,132,135,267
1136806,278,298,576
1136807,215,214,429
1136808,261,292,553
1136809,240,269,509
1136810,227,257,484
1136811,184,195,379
1136812,283,281,564
1136813,229,204,433
1136814,214,204,418
1136815,263,291,554
1136816,161,181,342
1136817,408,468,876
1136818,190,205,395
1136819,255,256,511
1136820,271,287,558
1136821,193,190,383
1136822,177,215,392
1136823,129,146,275
1136824,216,256,472
1136825,237,270,507
1136826,303,314,617
1136827,162,177,339
1136828,207,226,433
1136829,315,333,648
1136830,217,233,450
1136831,242,265,507
1136832,344,378,722
1136833,213,228,441
1136834,226,213,439
1136835,247,267,514
1136836,155,167,322
1136837,174,167,341
1136838,193,190,383
1136839,220,211,431
1136840,226,248,474
1136841,274,272,546
1136842,214,199,413
1136843,348,367,715
1136901,133,136,269
1136902,222,214,436
1136903,228,246,474
1136904,0,0,0
1136905,172,149,321
1136906,231,255,486
1136907,271,294,565
1136908,235,260,495
1136909,254,256,510
1136910,283,296,579
1136911,249,248,497
1136912,190,216,406
1136913,195,199,394
1136914,316,296,612
1136915,177,163,340
1136916,205,213,418
1136917,206,214,420
1136918,230,281,511
1136919,189,206,395
1136920,123,128,251
1136921,260,287,547
1136922,251,274,525
1136923,254,247,501
1136924,191,176,367
1136925,222,229,451
1136926,250,251,501
1136927,349,377,726
1136928,361,381,742
1136929,319,357,676
1136930,247,266,513
1136931,184,193,377
1136932,191,182,373
1136933,374,399,773
1136934,147,155,302
1136935,256,260,516
1136936,226,244,470
1136937,274,335,609
1136938,193,215,408
1136939,193,242,435
1136940,131,196,327
1136941,161,167,328
1136942,246,271,517
1136943,153,145,298
1136944,181,184,365
1136945,271,313,584
1136946,250,240,490
1136947,0,0,0
1136948,219,222,441
1136949,111,113,224
1136950,250,261,511
1137001,98,104,202
1137002,208,208,416
1137003,153,155,308
1137004,168,218,386
1137005,160,196,356
1137006,200,253,453
1137007,226,227,453
1137008,163,199,362
1137009,180,202,382
1137010,245,228,473
1137011,285,318,603
1137012,164,171,335
1137013,110,108,218
1137014,255,254,509
1137015,171,214,385
1137016,178,185,363
1137017,219,214,433
1137018,283,290,573
1137019,360,393,753
1137020,208,221,429
1137021,152,221,373
1137022,162,188,350
1137023,163,214,377
1137024,243,285,528
1137025,242,250,492
1137026,316,331,647
1137027,155,159,314
1137028,209,215,424
1137029,187,202,389
1137030,206,249,455
1137101,134,131,265
1137102,158,153,311
1137103,127,118,245
1137104,192,206,398
1137105,184,191,375
1137106,117,167,284
1137107,280,277,557
1137108,300,298,598
1137109,252,263,515
1137110,251,281,532
1137111,198,234,432
1137112,214,196,410
1137113,197,214,411
1137114,195,213,408
1137115,217,238,455
1137116,161,159,320
1137117,105,121,226
1137118,219,233,452
1137119,189,205,394
1137120,256,249,505
1137121,203,206,409
1137122,166,181,347
1137123,111,116,227
1137124,100,92,192
1137125,184,198,382
1137126,245,252,497
1137127,200,206,406
1137128,209,209,418
1137129,170,181,351
1137130,180,188,368
1137131,115,146,261
1137201,282,293,575
1137202,258,256,514
1137203,206,230,436
1137204,21,9,30
1137205,148,151,299
1137206,267,276,543
1137207,188,209,397
1137208,214,217,431
1137209,3,0,3
1137210,208,278,486
1137211,169,200,369
1137212,183,210,393
1137213,253,278,531
1137214,219,221,440
1137215,159,180,339
1137216,279,321,600
1137217,114,87,201
1137218,316,314,630
1137219,312,288,600
1137220,156,189,345
1137221,243,266,509
1137222,149,157,306
1137223,233,232,465
1137224,147,145,292
1137225,151,147,298
1137226,138,137,275
1137227,113,211,324
1137228,146,158,304
1137229,170,184,354
1137230,271,298,569
1137231,257,227,484
1137232,290,262,552
1137233,136,141,277
1137234,176,196,372
1137235,172,214,386
1137236,160,171,331
1137237,213,218,431
1137238,284,280,564
1137239,157,161,318
1137240,171,163,334
1137241,164,156,320
1137242,137,144,281
1137243,131,136,267
1137244,151,160,311
1137245,153,158,311
1137301,157,164,321
1137302,323,279,602
1137303,273,268,541
1137304,314,346,660
1137305,134,147,281
1137306,170,175,345
1137307,0,0,0
1137308,135,127,262
1137309,194,244,438
1137310,103,107,210
1137311,0,0,0
1137312,154,203,357
1137313,192,238,430
1137314,138,175,313
1137315,0,0,0
1137316,306,324,630
1137317,201,208,409
1137318,268,300,568
1137319,253,245,498
1137320,129,129,258
1137321,157,185,342
1137322,229,218,447
1137323,256,253,509
1137324,254,219,473
1137325,265,288,553
1137401,207,214,421
1137402,296,301,597
1137403,188,175,363
1137404,133,141,274
1137405,133,132,265
1137406,349,410,759
1137407,170,175,345
1137408,245,239,484
1137409,172,170,342
1137410,172,191,363
1137411,123,145,268
1137412,142,125,267
1137413,217,260,477
1137414,207,239,446
1137415,127,139,266
1137416,255,299,554
1137417,274,271,545
1137418,215,269,484
1137419,171,188,359
1137420,190,201,391
1137421,260,280,540
1137422,214,238,452
1137423,168,186,354
1137424,136,143,279
1137425,201,219,420
1137426,155,157,312
1137427,242,293,535
1137428,155,184,339
1137429,313,337,650
1137430,234,249,483
1137431,132,128,260
1137432,125,135,260
1137433,222,229,451
1137434,183,205,388
1137435,136,131,267
1137436,204,205,409
1137437,273,276,549
1137438,193,178,371
1137439,226,240,466
1137440,102,115,217
1137441,186,219,405
1137442,273,271,544
1137443,177,206,383
1137444,125,131,256
1137445,215,211,426
1137446,218,252,470
1137447,220,194,414
1137448,174,164,338
1137449,193,209,402
1137450,119,128,247
1137451,81,102,183
1137452,238,237,475
1137453,0,0,0
1137454,136,169,305
1137455,158,148,306
1137456,159,147,306
1137457,213,203,416
1137458,237,223,460
1137501,208,204,412
1137502,275,265,540
1137503,248,247,495
1137504,145,134,279
1137505,331,311,642
1137506,145,132,277
1137507,194,192,386
1137508,3,3,6
1137509,360,310,670
1137510,290,288,578
1137511,242,264,506
1137512,234,254,488
1137513,266,250,516
1137514,267,295,562
1137515,95,89,184
1137516,359,317,676
1137517,22,19,41
1137518,279,283,562
1137519,544,482,1026
1137520,220,210,430
1137521,0,0,0
1137522,205,251,456
1137523,178,172,350
1137524,180,185,365
1137525,166,161,327
1137526,181,177,358
1137527,127,192,319
1137528,205,201,406
1137529,136,173,309
1137530,121,114,235
1137531,243,246,489
1137532,244,234,478
1137533,201,227,428
1137534,269,244,513
1137535,203,173,376
1137601,175,168,343
1137602,257,274,531
1137603,224,194,418
1137604,195,157,352
1137605,214,211,425
1137606,259,260,519
1137607,150,138,288
1137608,376,337,713
1137609,97,95,192
1137610,219,203,422
1137611,114,129,243
1137612,123,138,261
1137613,158,181,339
1137614,286,342,628
1137615,231,259,490
1137616,297,281,578
1137617,274,236,510
1137618,197,171,368
1137619,241,219,460
1137620,199,203,402
1137621,134,135,269
1137622,136,146,282
1137623,151,151,302
1137624,252,244,496
1137625,243,257,500
1137626,263,278,541
1137627,320,316,636
1137628,227,253,480
1137629,166,158,324
1137630,297,267,564
1137631,197,189,386
1137632,246,281,527
1137633,232,271,503
1137634,220,189,409
1137635,222,228,450
1137636,277,299,576
1137637,142,166,308
1137638,251,314,565
1137639,224,245,469
1137640,275,248,523
1137641,283,320,603
1137642,251,280,531
1137643,217,224,441
1137644,249,240,489
1137645,203,205,408
1137646,120,100,220
1137647,248,253,501
1137648,228,213,441
1137649,200,201,401
1137650,175,186,361
1137651,226,251,477
1137652,182,182,364
1137653,215,230,445
1137654,237,254,491
1137655,176,202,378
1137656,258,264,522
1137657,205,247,452
1137701,146,177,323
1137702,123,144,267
1137703,108,113,221
1137704,196,187,383
1137705,174,179,353
1137706,126,142,268
1137707,231,221,452
1137708,189,190,379
1137709,138,118,256
1137710,154,163,317
1137711,110,108,218
1137712,143,142,285
1137713,153,145,298
1137714,198,215,413
1137715,195,192,387
1137716,143,154,297
1137717,141,150,291
1137718,196,185,381
1137719,193,211,404
1137720,121,109,230
1137721,229,233,462
1137722,250,298,548
1137723,175,179,354
1137724,194,211,405
1137725,173,195,368
1137726,110,152,262
1137727,304,270,574
1137728,201,200,401
1137729,291,294,585
1137730,198,202,400
1137731,104,113,217
1137732,150,141,291
1137733,192,179,371
1137734,169,183,352
1137801,139,142,281
1137802,282,234,516
1137803,234,216,450
1137804,148,168,316
1137805,241,223,464
1137806,276,266,542
1137807,176,199,375
1137808,199,217,416
1137809,0,0,0
1137810,167,180,347
1137811,189,250,439
1137812,0,0,0
1137813,227,253,480
1137814,100,113,213
1137815,0,0,0
1137816,184,209,393
1137817,236,216,452
1137818,134,139,273
1137819,237,264,501
1137820,103,107,210
1137821,174,173,347
1137822,275,254,529
1137823,116,138,254
1137824,121,123,244
1137825,234,237,471
1137826,327,354,681
1137827,203,199,402
1137901,163,156,319
1137902,258,279,537
1137903,285,308,593
1137904,326,381,707
1137905,171,161,332
1137906,270,262,532
1137907,307,309,616
1137908,181,164,345
1137909,137,159,296
1137910,154,159,313
1137911,141,145,286
1137912,339,378,717
1137913,196,226,422
1137914,138,149,287
1137915,213,275,488
1137916,106,94,200
1137917,208,201,409
1137918,275,274,549
1137919,284,298,582
1137920,214,219,433
1137921,252,244,496
1137922,157,149,306
1137923,257,241,498
1137924,143,150,293
1137925,208,206,414
1137926,0,3,3
1137927,125,128,253
1137928,121,119,240
1137929,159,166,325
1137930,212,232,444
1137931,134,149,283
1137932,165,175,340
1137933,251,249,500
1137934,214,203,417
1137935,215,243,458
1137936,141,152,293
1137937,152,145,297
1138001,218,228,446
1138002,216,271,487
1138003,135,132,267
1138004,145,150,295
1138005,157,178,335
1138006,176,178,354
1138007,164,180,344
1138008,224,209,433
1138009,220,255,475
1138010,272,286,558
1138011,256,305,561
1138012,78,94,172
1138013,145,161,306
1138014,220,265,485
1138015,112,112,224
1138016,146,129,275
1138017,251,263,514
1138018,234,306,540
1138019,218,219,437
1138020,256,268,524
1138021,144,170,314
1138022,221,196,417
1138023,275,317,592
1138024,216,229,445
1138025,154,137,291
1138026,289,298,587
1138027,244,292,536
1138028,229,251,480
1138029,150,164,314
1138030,235,221,456
1138031,201,206,407
1138032,130,123,253
1138101,189,147,336
1138102,126,193,319
1138103,188,155,343
1138104,265,248,513
1138105,363,310,673
1138106,147,110,257
1138107,122,130,252
1138108,119,114,233
1138109,214,229,443
1138110,127,124,251
1138111,272,258,530
1138112,181,170,351
1138113,184,172,356
1138114,200,181,381
1138115,0,0,0
1138116,185,149,334
1138117,238,249,487
1138118,287,284,571
1138119,444,412,856
1138120,103,93,196
1138121,231,197,428
1138122,153,144,297
1138123,424,402,826
1138124,262,240,502
1138125,141,147,288
1138126,228,202,430
1138127,157,133,290
1138128,4,6,10
1138129,183,173,356
1138130,468,402,870
1138131,249,236,485
1138132,179,186,365
1138133,316,295,611
1138134,280,321,601
1138135,148,146,294
1138136,195,185,380
1138137,239,270,509
1138138,213,192,405
1138139,9,8,17
1138140,187,181,368
1138141,141,140,281
1138142,144,136,280
1138143,112,117,229
1138144,190,211,401
1138145,234,215,449
1138146,114,140,254
1138147,209,203,412
1138201,112,102,214
1138202,168,197,365
1138203,196,206,402
1138204,114,112,226
1138205,197,207,404
1138206,212,241,453
1138207,275,323,598
1138208,229,269,498
1138209,187,190,377
1138210,173,205,378
1138211,184,191,375
1138212,183,184,367
1138213,85,116,201
1138214,236,249,485
1138215,139,170,309
1138216,91,119,210
1138217,218,242,460
1138218,110,156,266
1138219,193,188,381
1138220,202,216,418
1138221,136,164,300
1138222,273,288,561
1138223,169,197,366
1138224,233,281,514
1138225,184,217,401
1138226,148,148,296
1138227,172,188,360
1138228,166,230,396
1138229,288,375,663
1138230,233,226,459
1138231,130,149,279
1138232,160,144,304
1138233,181,169,350
1138234,198,206,404
1138235,199,210,409
1138236,226,242,468
1138237,135,161,296
1138238,158,176,334
1138239,96,142,238
1138301,276,310,586
1138302,200,236,436
1138303,0,0,0
1138304,143,150,293
1138305,0,0,0
1138306,237,253,490
1138307,261,284,545
1138308,174,197,371
1138309,202,181,383
1138310,188,199,387
1138311,185,178,363
1138312,232,222,454
1138313,174,168,342
1138314,256,258,514
1138315,235,247,482
1138316,151,147,298
1138317,128,146,274
1138318,104,101,205
1138319,247,251,498
1138320,351,375,726
1138321,188,190,378
1138322,227,226,453
1138323,212,230,442
1138324,211,208,419
1138325,249,262,511
1138326,239,266,505
1138327,160,168,328
1138328,205,238,443
1138329,261,299,560
1138330,247,264,511
1138331,252,259,511
1138332,0,0,0
1138333,178,182,360
1138334,241,274,515
1138335,266,268,534
1138336,0,0,0
1138337,249,257,506
1138338,232,249,481
1138339,163,175,338
1138340,274,314,588
1138341,192,219,411
1138342,105,108,213
1138343,108,118,226
1138344,385,369,754
1138345,171,201,372
1138346,0,0,0
1138347,249,242,491
1138348,246,261,507
1138349,265,299,564
1138401,156,153,309
1138402,204,224,428
1138403,140,182,322
1138404,92,96,188
1138405,0,0,0
1138406,156,167,323
1138407,262,306,568
1138408,247,261,508
1138409,140,158,298
1138410,208,202,410
1138411,183,171,354
1138412,21,12,33
1138413,0,0,0
1138414,0,0,0
1138415,131,150,281
1138416,1406,1499,2905
1138417,182,159,341
1138418,224,224,448
1138419,228,280,508
1138420,195,183,378
1138421,177,166,343
1138422,136,155,291
1138423,240,213,453
1138424,435,456,891
1138425,648,552,1200
1138426,0,0,0
1138427,590,466,1056
1138428,172,174,346
1138429,191,202,393
1138430,187,158,345
1138431,211,208,419
1138432,43,32,75
1138433,229,222,451
1138434,295,299,594
1138435,234,256,490
1138436,193,242,435
1138437,157,192,349
1138438,190,193,383
1138439,420,422,842
1138440,35,20,55
1138501,207,219,426
1138502,157,164,321
1138503,229,228,457
1138504,230,242,472
1138505,212,217,429
1138506,198,181,379
1138507,248,296,544
1138508,202,205,407
1138509,174,193,367
1138510,148,198,346
1138511,158,186,344
1138512,202,223,425
1138513,201,209,410
1138514,188,199,387
1138515,128,124,252
1138516,171,196,367
1138517,168,190,358
1138518,178,191,369
1138519,233,275,508
1138520,206,230,436
1138521,234,219,453
1138522,178,180,358
1138523,210,275,485
1138524,175,195,370
1138525,167,175,342
1138526,223,197,420
1138527,226,259,485
1138528,250,258,508
1138529,169,201,370
1138530,132,140,272
1138531,216,238,454
1138532,186,210,396
1138533,138,193,331
1138534,202,199,401
1138535,194,211,405
1138536,166,207,373
1138537,225,254,479
1138538,207,244,451
1138539,136,131,267
1138540,247,249,496
1138541,163,176,339
1138542,229,240,469
1138543,252,284,536
1138601,154,180,334
1138602,171,157,328
1138603,271,289,560
1138604,229,254,483
1138605,162,161,323
1138606,168,212,380
1138607,235,260,495
1138608,129,141,270
1138609,242,280,522
1138610,135,137,272
1138611,221,245,466
1138612,0,0,0
1138613,242,253,495
1138614,131,152,283
1138615,216,227,443
1138616,259,287,546
1138617,197,209,406
1138618,189,185,374
1138619,3,3,6
1138620,199,209,408
1138621,117,128,245
1138622,170,194,364
1138623,231,229,460
1138624,210,210,420
1138625,125,130,255
1138626,178,199,377
1138627,125,128,253
1138628,196,277,473
1138629,226,264,490
1138630,127,123,250
1138631,0,0,0
1138632,203,219,422
1138633,195,232,427
1138634,255,304,559
1138635,198,219,417
1138636,261,275,536
1138637,218,243,461
1138638,209,284,493
1138639,189,184,373
1138640,399,465,864
1138641,120,110,230
1138642,149,152,301
1138643,147,161,308
1138644,215,218,433
1138645,190,216,406
1138646,229,265,494
1138647,115,109,224
1138648,169,186,355
1138649,210,217,427
1138650,178,222,400
1138701,211,220,431
1138702,101,112,213
1138703,100,99,199
1138704,207,229,436
1138705,179,177,356
1138706,231,264,495
1138707,130,131,261
1138708,255,315,570
1138709,255,289,544
1138710,252,230,482
1138711,125,145,270
1138712,203,207,410
1138713,138,143,281
1138714,281,271,552
1138715,153,155,308
1138716,219,247,466
1138717,187,183,370
1138718,187,208,395
1138719,140,153,293
1138720,208,237,445
1138721,208,282,490
1138722,154,139,293
1138723,186,193,379
1138724,0,0,0
1138725,138,161,299
1138726,202,248,450
1138727,139,165,304
1138728,165,199,364
1138729,193,201,394
1138730,0,0,0
1138731,267,274,541
1138732,193,196,389
1138733,121,139,260
1138734,177,189,366
1138735,108,99,207
1138736,293,318,611
1138737,205,245,450
1138738,0,0,0
1138739,138,171,309
1138740,136,150,286
1138741,110,118,228
1138742,154,197,351
1138801,193,234,427
1138802,190,225,415
1138803,137,165,302
1138804,153,190,343
1138805,198,215,413
1138806,175,226,401
1138807,189,211,400
1138808,212,227,439
1138809,195,211,406
1138810,283,297,580
1138811,163,190,353
1138812,227,270,497
1138813,155,179,334
1138814,126,133,259
1138815,197,235,432
1138816,140,169,309
1138817,304,308,612
1138818,178,187,365
1138819,262,255,517
1138820,177,223,400
1138821,188,220,408
1138822,361,389,750
1138823,216,301,517
1138824,266,309,575
1138825,192,185,377
1138826,183,203,386
1138827,246,306,552
1138828,215,239,454
1138829,308,322,630
1138830,279,303,582
1138831,211,202,413
1138832,189,202,391
1138833,210,248,458
1138834,206,246,452
1138835,200,243,443
1138836,149,214,363
1138837,279,282,561
1138838,305,353,658
1138839,143,148,291
1138840,173,179,352
1138841,170,165,335
1138842,338,349,687
1138843,233,260,493
1138844,112,153,265
1138845,224,234,458
1138846,206,257,463
1138847,155,170,325
1138848,205,254,459
1138849,225,249,474
1138850,110,120,230
1138851,173,198,371
1138852,262,292,554
1138853,206,237,443
1138854,310,291,601
1138855,224,220,444
1138901,15,0,15
1138902,227,230,457
1138903,272,310,582
1138904,262,289,551
1138905,0,0,0
1138906,239,271,510
1138907,260,282,542
1138908,225,220,445
1138909,0,0,0
1138910,36,38,74
1138911,270,297,567
1138912,264,311,575
1138913,276,335,611
1138914,255,304,559
1138915,258,284,542
1138916,287,328,615
1138917,274,312,586
1138918,218,274,492
1138919,310,309,619
1138920,157,191,348
1138921,234,264,498
1138922,220,226,446
1138923,198,245,443
1138924,230,261,491
1138925,182,179,361
1138926,178,200,378
1138927,185,210,395
1138928,194,256,450
1138929,182,193,375
1138930,228,257,485
1139001,257,242,499
1139002,218,247,465
1139003,166,188,354
1139004,205,204,409
1139005,291,300,591
1139006,113,111,224
1139007,290,292,582
1139008,268,262,530
1139009,223,240,463
1139010,208,185,393
1139011,281,199,480
1139012,230,253,483
1139013,274,267,541
1139014,199,198,397
1139015,177,253,430
1139016,252,265,517
1139017,197,210,407
1139018,196,217,413
1139019,176,178,354
1139020,227,242,469
1139021,159,182,341
1139022,144,166,310
1139023,141,126,267
1139024,145,170,315
1139025,293,320,613
1139026,207,217,424
1139027,208,222,430
1139028,208,218,426
1139029,283,294,577
1139030,131,173,304
1139031,315,318,633
1139032,220,214,434
1139033,213,375,588
1139034,186,291,477
1139035,231,228,459
1139036,306,324,630
1139037,268,251,519
1139038,184,196,380
1139039,202,198,400
1139040,157,180,337
1139041,160,164,324
1139042,339,341,680
1139043,212,187,399
1139044,205,190,395
1139045,252,220,472
1139046,158,152,310
1139047,210,197,407
1139048,171,158,329
1139049,169,169,338
1139050,129,132,261
1139051,191,220,411
1139052,170,168,338
1139053,106,119,225
1139101,149,151,300
1139102,192,227,419
1139103,179,144,323
1139104,150,141,291
1139105,229,228,457
1139106,260,276,536
1139107,252,304,556
1139108,197,207,404
1139109,107,113,220
1139110,219,239,458
1139111,232,176,408
1139112,169,153,322
1139113,282,292,574
1139114,252,309,561
1139115,245,230,475
1139116,248,238,486
1139117,145,165,310
1139118,180,215,395
1139119,162,157,319
1139120,219,222,441
1139121,205,326,531
1139122,148,163,311
1139123,298,331,629
1139124,190,224,414
1139125,162,193,355
1139126,239,289,528
1139127,262,289,551
1139128,215,245,460
1139129,313,293,606
1139130,147,113,260
1139131,485,527,1012
1139132,197,233,430
1139133,115,116,231
1139134,229,252,481
1139135,216,212,428
1139136,134,144,278
1139137,155,158,313
1139138,169,185,354
1139139,270,260,530
1139140,178,181,359
1139141,225,254,479
1139142,232,200,432
1139143,197,227,424
1139144,248,255,503
1139145,206,220,426
1139146,236,241,477
1139147,209,238,447
1139148,104,86,190
1139149,157,172,329
1139201,205,198,403
1139202,197,204,401
1139203,117,113,230
1139204,194,192,386
1139205,235,239,474
1139206,170,164,334
1139207,259,285,544
1139208,143,130,273
1139209,8,4,12
1139210,139,154,293
1139211,211,220,431
1139212,221,210,431
1139213,200,231,431
1139214,126,148,274
1139215,238,244,482
1139216,253,252,505
1139217,151,157,308
1139218,140,150,290
1139219,224,222,446
1139220,207,220,427
1139221,209,235,444
1139222,223,222,445
1139223,148,147,295
1139224,131,145,276
1139225,123,170,293
1139226,130,127,257
1139301,236,233,469
1139302,180,219,399
1139303,238,258,496
1139304,201,230,431
1139305,169,180,349
1139306,136,166,302
1139307,140,136,276
1139308,123,161,284
1139309,194,224,418
1139310,108,134,242
1139311,187,188,375
1139312,197,224,421
1139313,248,271,519
1139314,245,286,531
1139315,175,181,356
1139316,205,223,428
1139317,247,267,514
1139318,159,159,318
1139319,268,275,543
1139320,249,253,502
1139321,326,335,661
1139322,179,181,360
1139323,154,166,320
1139324,135,155,290
1139325,155,140,295
1139326,245,277,522
1139327,188,170,358
1139328,171,196,367
1139329,197,185,382
1139330,237,250,487
1139331,190,260,450
1139332,251,288,539
1139333,152,185,337
1139334,227,249,476
1139335,189,223,412
1139336,228,246,474
1139337,153,165,318
1139338,259,300,559
1139339,124,123,247
1139340,169,204,373
1139401,338,384,722
1139402,113,120,233
1139403,205,206,411
1139404,231,242,473
1139405,175,189,364
1139406,272,321,593
1139407,250,277,527
1139408,153,184,337
1139409,159,178,337
1139410,193,216,409
1139411,216,239,455
1139412,156,157,313
1139413,108,139,247
1139414,182,197,379
1139415,165,166,331
1139416,179,219,398
1139417,220,270,490
1139418,237,273,510
1139419,173,196,369
1139420,241,225,466
1139421,146,162,308
1139422,148,161,309
1139423,214,238,452
1139424,235,286,521
1139425,200,212,412
1139426,119,149,268
1139427,150,168,318
1139428,264,283,547
1139429,185,211,396
1139430,289,296,585
1139431,209,218,427
1139432,283,275,558
1139433,132,148,280
1139434,257,277,534
1139435,168,185,353
1139436,194,209,403
1139437,162,160,322
1139438,113,117,230
1139439,160,145,305
1139501,193,195,388
1139502,207,206,413
1139503,247,229,476
1139504,150,129,279
1139505,125,125,250
1139506,260,308,568
1139507,203,208,411
1139508,214,225,439
1139509,232,272,504
1139510,135,141,276
1139511,148,165,313
1139512,216,225,441
1139513,191,192,383
1139514,215,219,434
1139515,194,194,388
1139516,212,227,439
1139517,173,180,353
1139518,215,229,444
1139519,232,234,466
1139520,172,248,420
1139521,204,237,441
1139522,203,209,412
1139523,224,230,454
1139524,189,208,397
1139525,193,232,425
1139526,155,169,324
1139527,174,185,359
1139528,233,214,447
1139529,198,245,443
1139530,238,239,477
1139531,228,248,476
1139532,244,245,489
1139601,364,349,713
1139602,275,331,606
1139603,170,177,347
1139604,439,381,820
1139605,90,87,177
1139606,197,220,417
1139607,211,172,383
1139608,320,276,596
1139609,171,128,299
1139610,282,261,543
1139611,169,158,327
1139612,326,209,535
1139613,191,209,400
1139614,215,168,383
1139615,309,252,561
1139616,266,274,540
1139617,273,256,529
1139618,266,272,538
1139619,160,144,304
1139620,197,208,405
1139621,3,3,6
1139622,5,5,10
1139623,4,0,4
1139624,298,310,608
1139625,409,382,791
1139626,437,377,814
1139627,0,0,0
1139628,128,127,255
1139629,326,288,614
1139701,208,232,440
1139702,192,178,370
1139703,0,0,0
1139704,0,0,0
1139705,334,261,595
1139706,270,298,568
1139707,258,276,534
1139708,283,286,569
1139709,179,185,364
1139710,179,170,349
1139711,218,196,414
1139712,184,183,367
1139713,298,251,549
1139714,239,229,468
1139715,293,300,593
1139716,267,204,471
1139717,148,148,296
1139718,166,207,373
1139719,218,185,403
1139720,241,251,492
1139721,159,121,280
1139722,194,204,398
1139723,280,263,543
1139724,199,193,392
1139725,260,257,517
1139726,257,337,594
1139727,327,366,693
1139728,94,84,178
1139729,304,306,610
1139730,424,403,827
1139731,185,128,313
1139732,60,54,114
1139733,467,269,736
1139734,300,292,592
1139735,253,272,525
1139736,215,220,435
1139737,190,201,391
1139738,166,197,363
1139739,198,216,414
1139740,224,247,471
1139741,188,187,375
1139742,253,231,484
1139743,265,260,525
1139744,204,198,402
1139745,264,231,495
1139746,179,186,365
1139747,135,147,282
1139748,181,204,385
1139749,138,143,281
1139750,182,197,379
1139751,257,288,545
1139752,241,279,520
1139753,19,16,35
1139754,210,221,431
1139755,178,184,362
1139756,190,200,390
1139757,222,240,462
1139758,234,257,491
1139759,257,216,473
1139760,140,161,301
1139761,189,222,411
1139801,0,0,0
1139802,148,197,345
1139803,211,228,439
1139804,186,273,459
1139805,272,275,547
1139806,244,287,531
1139807,226,235,461
1139808,223,323,546
1139809,236,245,481
1139810,116,126,242
1139811,238,258,496
1139812,228,259,487
1139813,207,187,394
1139814,233,234,467
1139815,246,270,516
1139816,235,278,513
1139817,147,135,282
1139818,112,137,249
1139819,149,147,296
1139820,144,188,332
1139821,125,136,261
1139822,263,276,539
1139823,156,187,343
1139824,198,194,392
1139825,176,202,378
1139826,138,171,309
1139827,224,227,451
1139828,159,150,309
1139829,122,157,279
1139830,410,460,870
1139831,239,257,496
1139832,225,273,498
1139833,240,295,535
1139834,116,127,243
1139835,211,204,415
1139836,267,281,548
1139837,130,129,259
1139838,173,158,331
1139839,135,103,238
1139840,198,216,414
1139841,122,147,269
1139842,113,122,235
1139843,225,232,457
1139844,366,411,777
1139845,215,241,456
1139846,251,269,520
1139847,180,220,400
1139848,146,149,295
1139849,487,619,1106
1139850,135,123,258
1139851,236,261,497
1139852,176,207,383
1139853,185,189,374
1139854,95,95,190
1139855,259,264,523
1139856,95,99,194
1139857,128,162,290
1139858,279,275,554
1139859,176,191,367
1139901,144,131,275
1139902,242,218,460
1139903,263,289,552
1139904,174,212,386
1139905,269,283,552
1139906,195,209,404
1139907,320,350,670
1139908,199,215,414
1139909,230,241,471
1139910,220,254,474
1139911,247,249,496
1139912,197,228,425
1139913,157,164,321
1139914,135,159,294
1139915,162,177,339
1139916,177,183,360
1139917,236,242,478
1139918,236,322,558
1139919,267,284,551
1139920,219,231,450
1139921,198,209,407
1139922,244,260,504
1139923,264,263,527
1139924,138,155,293
1139925,226,225,451
1139926,183,183,366
1139927,235,251,486
1139928,177,199,376
1139929,230,248,478
1139930,199,208,407
1139931,246,258,504
1139932,284,329,613
1139933,159,162,321
1139934,288,288,576
1139935,102,104,206
1139936,225,278,503
1139937,207,223,430
1139938,212,232,444
1139939,125,127,252
1139940,149,134,283
1139941,229,230,459
1139942,164,161,325
1140001,130,116,246
1140002,116,141,257
1140003,0,0,0
1140004,123,152,275
1140005,232,290,522
1140006,194,192,386
1140007,177,205,382
1140008,172,176,348
1140009,213,231,444
1140010,135,130,265
1140011,234,244,478
1140012,254,235,489
1140013,132,14,146
1140014,145,156,301
1140015,259,261,520
1140016,263,253,516
1140017,171,172,343
1140018,181,201,382
1140019,164,158,322
1140020,274,285,559
1140021,146,203,349
1140022,150,231,381
1140023,256,285,541
1140024,284,302,586
1140025,247,281,528
1140026,191,196,387
1140027,267,269,536
1140028,162,154,316
1140029,268,260,528
1140030,201,205,406
1140031,152,159,311
1140032,162,189,351
1140033,178,206,384
1140034,229,241,470
1140035,252,257,509
1140036,158,182,340
1140037,232,265,497
1140038,213,195,408
1140039,436,492,928
1140040,214,225,439
1140041,254,317,571
1140042,111,113,224
1140043,252,239,491
1140044,212,218,430
1140045,163,213,376
1140046,281,332,613
1140047,199,237,436
1140048,345,337,682
1140049,253,273,526
1140050,266,270,536
1140051,222,260,482
1140052,160,172,332
1140053,260,296,556
1140054,249,274,523
1140055,275,315,590
1140056,201,193,394
1140101,294,330,624
1140102,264,345,609
1140103,305,308,613
1140104,138,144,282
1140105,3,3,6
1140106,0,0,0
1140107,0,0,0
1140108,20,17,37
1140109,203,223,426
1140110,195,191,386
1140111,301,326,627
1140112,119,127,246
1140113,383,387,770
1140114,191,199,390
1140115,216,231,447
1140116,169,171,340
1140117,235,224,459
1140118,273,267,540
1140119,323,315,638
1140120,129,145,274
1140121,635,589,1224
1140122,156,169,325
1140201,228,230,458
1140202,222,239,461
1140203,296,323,619
1140204,216,214,430
1140205,244,265,509
1140206,366,343,709
1140207,329,337,666
1140208,230,295,525
1140209,147,159,306
1140210,214,212,426
1140211,326,351,677
1140212,158,164,322
1140213,202,206,408
1140214,210,244,454
1140215,188,203,391
1140216,239,241,480
1140217,144,138,282
1140218,221,244,465
1140219,142,134,276
1140220,166,159,325
1140221,128,128,256
1140222,219,242,461
1140223,233,242,475
1140224,176,176,352
1140225,225,231,456
1140226,152,135,287
1140227,163,165,328
1140228,260,262,522
1140229,217,239,456
1140230,168,180,348
1140231,195,191,386
1140232,0,0,0
1140233,287,269,556
1140234,175,168,343
1140235,135,163,298
1140236,162,195,357
1140237,168,187,355
1140238,227,249,476
1140239,217,223,440
1140240,249,238,487
1140241,294,321,615
1140242,262,277,539
1140243,226,290,516
1140244,169,219,388
1140245,246,239,485
1140246,264,282,546
1140247,228,233,461
1140248,156,192,348
1140249,218,231,449
1140250,251,302,553
1140251,193,211,404
1140252,253,277,530
1140253,213,188,401
1140254,110,98,208
1140255,110,162,272
1140256,190,216,406
1140257,193,195,388
1140301,187,197,384
1140302,193,214,407
1140303,207,213,420
1140304,318,310,628
1140305,96,117,213
1140306,106,117,223
1140307,0,0,0
1140308,151,144,295
1140309,128,125,253
1140310,179,185,364
1140311,320,324,644
1140312,246,219,465
1140313,190,188,378
1140314,245,253,498
1140315,159,157,316
1140316,184,193,377
1140317,212,223,435
1140318,254,259,513
1140319,220,226,446
1140320,150,161,311
1140321,262,240,502
1140322,263,255,518
1140323,209,215,424
1140324,316,327,643
1140325,197,230,427
1140326,171,167,338
1140327,140,145,285
1140328,214,209,423
1140329,217,227,444
1140330,200,211,411
1140331,160,184,344
1140332,268,257,525
1140333,157,153,310
1140334,139,127,266
1140335,0,0,0
1140336,226,214,440
1140337,143,147,290
1140338,248,243,491
1140339,179,175,354
1140340,290,282,572
1140341,218,222,440
1140342,254,276,530
1140343,138,155,293
1140344,0,0,0
1140345,0,0,0
1140346,193,204,397
1140347,4,0,4
1140348,3,5,8
1140349,0,0,0
1140350,254,241,495
1140401,271,273,544
1140402,0,0,0
1140403,137,129,266
1140404,233,278,511
1140405,194,183,377
1140406,73,67,140
1140407,128,127,255
1140408,108,113,221
1140409,278,272,550
1140410,205,199,404
1140411,166,157,323
1140412,248,228,476
1140413,151,164,315
1140414,228,203,431
1140415,212,211,423
1140416,63,49,112
1140417,173,173,346
1140418,198,213,411
1140419,258,266,524
1140420,168,169,337
1140421,251,260,511
1140422,165,158,323
1140423,149,153,302
1140424,164,174,338
1140425,201,204,405
1140426,160,141,301
1140427,315,299,614
1140428,0,0,0
1140429,207,215,422
1140430,234,221,455
1140431,255,237,492
1140432,130,138,268
1140501,167,164,331
1140502,178,184,362
1140503,130,130,260
1140504,227,233,460
1140505,225,250,475
1140506,197,229,426
1140507,508,491,999
1140508,242,253,495
1140509,113,111,224
1140510,105,128,233
1140511,212,316,528
1140512,331,340,671
1140513,290,283,573
1140514,153,162,315
1140515,208,269,477
1140516,179,213,392
1140517,143,175,318
1140518,302,305,607
1140519,309,345,654
1140520,247,255,502
1140521,168,263,431
1140522,262,287,549
1140523,187,213,400
1140524,222,227,449
1140525,0,0,0
1140526,140,138,278
1140527,219,252,471
1140528,254,274,528
1140529,252,254,506
1140530,144,127,271
1140531,0,0,0
1140532,109,106,215
1140533,129,117,246
1140534,242,243,485
1140535,127,114,241
1140536,194,207,401
1140537,202,200,402
1140538,239,258,497
1140539,226,218,444
1140540,132,130,262
1140541,145,165,310
1140542,201,204,405
1140543,298,322,620
1140544,144,146,290
1140545,258,258,516
1140546,187,199,386
1140547,161,145,306
1140548,184,200,384
1140549,194,189,383
1140550,141,156,297
1140551,104,112,216
1140552,174,187,361
1140553,141,135,276
1140554,230,222,452
1140555,177,176,353
1140556,136,126,262
1140557,134,147,281
1140558,168,160,328
1140559,196,207,403
1140560,244,268,512
1140561,117,154,271
1140562,251,271,522
1140563,194,178,372
1140564,189,205,394
1140565,516,505,1021
1140566,407,412,819
1140567,278,297,575
1140568,277,289,566
1140569,251,310,561
1140570,97,123,220
1140571,168,166,334
1140601,117,130,247
1140602,158,169,327
1140603,199,221,420
1140604,207,218,425
1140605,160,168,328
1140606,159,163,322
1140607,107,115,222
1140608,281,283,564
1140609,174,191,365
1140610,119,110,229
1140611,241,274,515
1140612,132,130,262
1140613,218,239,457
1140614,138,150,288
1140615,180,172,352
1140616,196,206,402
1140617,3,3,6
1140618,157,179,336
1140619,262,272,534
1140620,186,170,356
1140621,166,174,340
1140622,202,196,398
1140623,272,279,551
1140624,234,243,477
1140625,180,188,368
1140626,168,157,325
1140627,154,162,316
1140628,156,140,296
1140629,195,203,398
1140630,144,158,302
1140631,190,173,363
1140632,3,0,3
1140633,244,234,478
1140634,238,260,498
1140635,211,205,416
1140636,193,181,374
1140637,134,123,257
1140638,188,230,418
1140639,153,156,309
1140640,248,287,535
1140641,299,282,581
1140642,265,272,537
1140643,164,175,339
1140644,244,232,476
1140645,174,208,382
1140646,141,316,457
1140647,131,232,363
1140648,241,267,508
1140701,215,215,430
1140702,174,215,389
1140703,140,141,281
1140704,246,268,514
1140705,207,333,540
1140706,246,293,539
1140707,160,183,343
1140708,255,275,530
1140709,214,195,409
1140710,262,281,543
1140711,175,190,365
1140712,285,288,573
1140713,155,177,332
1140714,83,111,194
1140715,513,645,1158
1140716,0,0,0
1140717,374,441,815
1140718,133,141,274
1140719,164,167,331
1140720,0,0,0
1140721,129,157,286
1140722,148,157,305
1140723,210,195,405
1140724,159,180,339
1140725,185,208,393
1140726,164,190,354
1140727,258,268,526
1140728,196,207,403
1140729,191,180,371
1140730,124,122,246
1140731,136,137,273
1140732,233,244,477
1140733,135,130,265
1140734,150,122,272
1140735,187,176,363
1140736,201,195,396
1140737,193,309,502
1140738,141,192,333
1140739,193,186,379
1140740,385,417,802
1140741,257,287,544
1140742,243,299,542
1140743,252,306,558
1140744,95,158,253
1140745,136,174,310
1140746,132,150,282
1140801,166,163,329
1140802,131,127,258
1140803,184,217,401
1140804,237,241,478
1140805,233,215,448
1140806,193,199,392
1140807,244,236,480
1140808,103,181,284
1140809,129,144,273
1140810,212,236,448
1140811,113,126,239
1140812,228,219,447
1140813,195,215,410
1140814,176,178,354
1140815,173,190,363
1140816,131,141,272
1140817,203,194,397
1140818,142,134,276
1140819,156,192,348
1140820,164,168,332
1140821,254,273,527
1140822,216,230,446
1140823,168,177,345
1140824,96,107,203
1140825,196,204,400
1140826,243,289,532
1140827,141,123,264
1140828,337,384,721
1140829,192,187,379
1140830,111,111,222
1140831,224,267,491
1140832,180,237,417
1140833,120,137,257
1140834,224,244,468
1140835,192,206,398
1140836,180,189,369
1140837,360,427,787
1140838,295,325,620
1140839,131,131,262
1140840,196,204,400
1140841,197,200,397
1140842,174,162,336
1140843,176,213,389
1140844,247,259,506
1140845,287,274,561
1140846,165,179,344
1140847,164,190,354
1140848,198,201,399
1140849,163,151,314
1140850,198,206,404
1140851,178,197,375
1140852,176,167,343
1140853,250,278,528
1140854,96,95,191
1140901,0,0,0
1140902,198,231,429
1140903,184,205,389
1140904,193,203,396
1140905,194,205,399
1140906,150,187,337
1140907,273,257,530
1140908,225,241,466
1140909,176,188,364
1140910,149,129,278
1140911,225,211,436
1140912,117,141,258
1140913,187,213,400
1140914,283,284,567
1140915,194,217,411
1140916,149,160,309
1140917,240,221,461
1140918,171,175,346
1140919,185,210,395
1140920,292,331,623
1140921,182,214,396
1140922,166,166,332
1140923,179,213,392
1140924,268,408,676
1140925,394,484,878
1140926,157,181,338
1140927,262,278,540
1140928,185,247,432
1140929,237,268,505
1140930,107,116,223
1140931,247,262,509
1140932,202,248,450
1140933,266,300,566
1140934,146,169,315
1140935,189,241,430
1140936,229,259,488
1140937,212,254,466
1141001,183,186,369
1141002,155,167,322
1141003,242,249,491
1141004,145,150,295
1141005,129,132,261
1141006,197,198,395
1141007,285,302,587
1141008,184,225,409
1141009,217,229,446
1141010,242,261,503
1141011,325,328,653
1141012,245,252,497
1141013,273,292,565
1141014,124,114,238
1141015,201,194,395
1141016,218,218,436
1141017,291,321,612
1141018,214,212,426
1141019,0,0,0
1141020,229,235,464
1141021,193,205,398
1141022,237,259,496
1141023,164,167,331
1141024,208,216,424
1141025,226,238,464
1141026,0,0,0
1141027,252,283,535
1141028,212,227,439
1141029,154,164,318
1141030,268,240,508
1141031,220,212,432
1141032,193,197,390
1141033,140,160,300
1141034,337,425,762
1141035,226,229,455
1141036,503,530,1033
1141037,195,188,383
1141038,196,196,392
1141039,182,191,373
1141040,191,233,424
1141041,192,222,414
1141042,144,230,374
1141043,297,335,632
1141101,200,224,424
1141102,247,257,504
1141103,229,227,456
1141104,235,246,481
1141105,253,250,503
1141106,138,147,285
1141107,160,155,315
1141108,180,213,393
1141109,123,121,244
1141110,158,164,322
1141111,250,272,522
1141112,145,155,300
1141113,142,197,339
1141114,166,224,390
1141115,196,292,488
1141116,0,0,0
1141117,169,329,498
1141118,206,185,391
1141119,253,292,545
1141120,155,166,321
1141121,130,152,282
1141122,203,275,478
1141123,250,315,565
1141124,241,224,465
1141125,181,186,367
1141126,245,244,489
1141127,240,224,464
1141128,141,150,291
1141129,266,251,517
1141130,230,260,490
1141131,323,309,632
1141132,220,253,473
1141133,234,259,493
1141134,249,263,512
1141135,169,180,349
1141136,226,232,458
1141137,87,175,262
1141138,126,110,236
1141139,158,165,323
1141140,253,273,526
1141141,162,170,332
1141142,197,210,407
1141143,206,230,436
1141144,222,238,460
1141201,211,220,431
1141202,283,296,579
1141203,237,229,466
1141204,139,272,411
1141205,284,294,578
1141206,183,176,359
1141207,291,291,582
1141208,114,146,260
1141209,235,226,461
1141210,164,145,309
1141211,186,99,285
1141212,212,185,397
1141213,313,559,872
1141214,191,193,384
1141215,140,146,286
1141216,409,448,857
1141217,163,193,356
1141218,267,269,536
1141219,218,226,444
1141220,160,153,313
1141221,227,214,441
1141222,236,288,524
1141223,294,379,673
1141224,245,232,477
1141225,156,170,326
1141226,243,220,463
1141227,229,238,467
1141228,159,166,325
1141229,180,194,374
1141230,347,338,685
1141231,188,190,378
1141232,194,211,405
1141233,173,165,338
1141234,273,289,562
1141235,138,140,278
1141236,221,216,437
1141237,252,265,517
1141238,183,213,396
1141239,0,0,0
1141301,161,198,359
1141302,261,269,530
1141303,188,221,409
1141304,248,284,532
1141305,189,206,395
1141306,225,209,434
1141307,187,178,365
1141308,133,149,282
1141309,190,209,399
1141310,268,296,564
1141311,265,306,571
1141312,156,190,346
1141313,225,287,512
1141314,155,159,314
1141315,213,229,442
1141316,188,205,393
1141317,186,211,397
1141318,183,195,378
1141319,224,226,450
1141320,168,190,358
1141321,222,245,467
1141322,194,195,389
1141323,158,170,328
1141324,181,195,376
1141325,224,262,486
1141326,221,269,490
1141327,216,252,468
1141328,151,208,359
1141329,273,352,625
1141330,170,203,373
1141331,142,168,310
1141332,276,289,565
1141333,198,207,405
1141334,155,197,352
1141335,230,316,546
1141336,207,224,431
1141337,259,298,557
1141338,274,295,569
1141339,146,168,314
1141340,153,177,330
1141341,232,271,503
1141342,174,221,395
1141401,172,176,348
1141402,133,158,291
1141403,145,163,308
1141404,145,153,298
1141405,158,171,329
1141406,156,192,348
1141407,159,204,363
1141408,237,257,494
1141409,267,301,568
1141410,225,238,463
1141411,259,295,554
1141412,210,219,429
1141413,144,150,294
1141414,200,210,410
1141415,243,299,542
1141416,260,296,556
1141417,263,303,566
1141418,252,274,526
1141419,164,177,341
1141420,230,277,507
1141421,134,154,288
1141422,137,171,308
1141423,118,85,203
1141424,229,289,518
1141425,156,148,304
1141426,167,204,371
1141427,150,161,311
1141428,150,166,316
1141429,148,172,320
1141430,243,261,504
1141431,217,213,430
1141432,236,296,532
1141433,157,160,317
1141434,236,189,425
1141435,145,127,272
1141436,182,177,359
1141437,115,119,234
1141438,192,206,398
1141439,144,138,282
1141440,125,150,275
1141441,84,118,202
1141442,160,176,336
1141443,145,143,288
1141444,136,146,282
1141501,137,132,269
1141502,134,156,290
1141503,250,261,511
1141504,133,154,287
1141505,165,188,353
1141506,217,223,440
1141507,170,170,340
1141508,233,277,510
1141509,238,246,484
1141510,3,3,6
1141511,196,195,391
1141512,225,221,446
1141513,198,243,441
1141514,218,238,456
1141515,169,199,368
1141516,153,194,347
1141517,183,228,411
1141518,249,294,543
1141519,144,161,305
1141520,160,251,411
1141521,251,311,562
1141522,231,273,504
1141523,187,263,450
1141524,102,106,208
1141525,194,209,403
1141526,193,224,417
1141527,222,226,448
1141528,149,166,315
1141529,158,197,355
1141530,226,268,494
1141531,229,273,502
1141532,271,279,550
1141533,232,254,486
1141534,114,133,247
1141535,314,347,661
1141536,259,274,533
1141537,97,34,131
1141538,175,177,352
1141539,213,242,455
1141540,213,246,459
1141541,307,352,659
1141542,272,270,542
1141543,259,276,535
1141544,133,161,294
1141545,185,247,432
1141546,202,232,434
1141547,134,164,298
1141548,161,182,343
1141549,196,197,393
1141550,114,151,265
1141551,145,182,327
1141552,225,246,471
1141553,203,277,480
1141554,147,174,321
1141555,141,165,306
1141556,155,261,416
1141557,132,148,280
1141558,219,273,492
1141559,197,204,401
1141560,285,322,607
1141561,184,204,388
1141562,160,179,339
1141563,169,170,339
1141564,0,0,0
1141565,118,130,248
1141566,195,234,429
1141567,100,136,236
1141568,128,141,269
1141569,122,139,261
1141570,119,140,259
1141571,117,149,266
1141601,252,263,515
1141602,205,240,445
1141603,133,159,292
1141604,249,252,501
1141605,235,252,487
1141606,249,306,555
1141607,216,214,430
1141608,124,150,274
1141609,209,259,468
1141610,238,220,458
1141611,131,143,274
1141612,124,141,265
1141613,209,236,445
1141614,313,302,615
1141615,257,321,578
1141616,112,134,246
1141617,245,319,564
1141618,229,259,488
1141619,188,241,429
1141620,127,265,392
1141621,287,301,588
1141622,263,280,543
1141623,243,278,521
1141624,156,178,334
1141625,282,262,544
1141626,160,181,341
1141627,204,196,400
1141628,160,202,362
1141629,265,287,552
1141630,247,353,600
1141631,276,246,522
1141632,149,145,294
1141633,240,281,521
1141634,94,124,218
1141635,335,355,690
1141636,182,190,372
1141637,271,312,583
1141701,227,213,440
1141702,75,134,209
1141703,253,249,502
1141704,210,181,391
1141705,0,0,0
1141706,205,205,410
1141707,114,132,246
1141708,246,259,505
1141709,150,169,319
1141710,0,3,3
1141711,0,0,0
1141712,163,132,295
1141713,103,93,196
1141714,197,230,427
1141715,429,348,777
1141716,169,211,380
1141717,134,142,276
1141718,206,223,429
1141719,152,182,334
1141720,406,402,808
1141721,125,132,257
1141722,0,0,0
1141723,260,273,533
1141724,266,257,523
1141725,307,305,612
1141726,175,175,350
1141727,0,0,0
1141728,126,161,287
1141801,165,190,355
1141802,0,0,0
1141803,257,251,508
1141804,253,247,500
1141805,205,249,454
1141806,261,279,540
1141807,330,318,648
1141808,282,298,580
1141809,205,220,425
1141810,143,139,282
1141811,181,169,350
1141812,254,273,527
1141813,234,228,462
1141814,156,161,317
1141815,272,291,563
1141816,176,191,367
1141817,264,253,517
1141818,231,225,456
1141819,248,236,484
1141820,190,194,384
1141821,186,232,418
1141822,212,234,446
1141823,285,288,573
1141824,333,364,697
1141825,331,342,673
1141826,380,443,823
1141827,260,266,526
1141828,244,252,496
1141829,202,254,456
1141830,222,245,467
1141831,166,197,363
1141832,241,269,510
1141833,93,98,191
1141834,285,343,628
1141835,179,209,388
1141836,204,239,443
1141837,127,128,255
1141838,277,289,566
1141839,255,271,526
1141840,204,222,426
1141841,282,302,584
1141842,0,0,0
1141901,196,207,403
1141902,200,234,434
1141903,262,276,538
1141904,143,131,274
1141905,233,347,580
1141906,267,238,505
1141907,189,159,348
1141908,218,194,412
1141909,199,181,380
1141910,208,232,440
1141911,105,110,215
1141912,219,269,488
1141913,134,121,255
1141914,122,144,266
1141915,128,166,294
1141916,174,191,365
1141917,275,297,572
1141918,272,302,574
1141919,203,186,389
1141920,229,237,466
1141921,263,285,548
1141922,246,268,514
1141923,296,234,530
1141924,290,255,545
1141925,169,171,340
1141926,221,253,474
1141927,257,225,482
1141928,216,236,452
1141929,205,235,440
1141930,94,107,201
1141931,182,190,372
1141932,294,283,577
1141933,318,274,592
1141934,222,269,491
1141935,201,211,412
1141936,306,255,561
1141937,241,250,491
1141938,272,274,546
1141939,32,15,47
1141940,249,222,471
1141941,158,172,330
1141942,8,6,14
1141943,246,279,525
1141944,201,230,431
1141945,280,299,579
1141946,164,174,338
1141947,256,302,558
1141948,264,251,515
1142001,231,223,454
1142002,196,213,409
1142003,124,135,259
1142004,203,210,413
1142005,227,210,437
1142006,177,165,342
1142007,234,274,508
1142008,139,179,318
1142009,167,181,348
1142010,161,176,337
1142011,230,259,489
1142012,132,138,270
1142013,242,235,477
1142014,191,188,379
1142015,171,178,349
1142016,281,264,545
1142017,312,304,616
1142018,0,0,0
1142019,0,0,0
1142020,258,270,528
1142021,161,181,342
1142022,136,141,277
1142023,218,207,425
1142024,290,301,591
1142025,263,232,495
1142026,252,243,495
1142027,161,183,344
1142028,221,288,509
1142029,278,309,587
1142030,307,351,658
1142101,372,343,715
1142102,302,286,588
1142103,169,195,364
1142104,233,266,499
1142105,282,283,565
1142106,337,330,667
1142107,118,121,239
1142108,146,146,292
1142109,345,321,666
1142110,125,138,263
1142111,284,301,585
1142112,150,128,278
1142113,147,146,293
1142114,195,222,417
1142115,148,152,300
1142116,232,234,466
1142117,223,220,443
1142118,233,203,436
1142119,160,141,301
1142120,211,342,553
1142121,206,199,405
1142122,227,235,462
1142123,150,265,415
1142201,248,234,482
1142202,177,190,367
1142203,106,125,231
1142204,226,249,475
1142205,208,204,412
1142206,165,171,336
1142207,184,170,354
1142208,139,155,294
1142209,133,152,285
1142210,187,176,363
1142211,261,301,562
1142212,184,209,393
1142213,162,152,314
1142214,156,171,327
1142215,160,184,344
1142216,174,201,375
1142217,192,217,409
1142218,146,133,279
1142219,182,189,371
1142220,224,236,460
1142221,202,206,408
1142222,234,229,463
1142223,177,178,355
1142224,139,150,289
1142225,198,201,399
1142226,245,253,498
1142227,262,238,500
1142228,195,205,400
1142229,162,137,299
1142230,214,182,396
1142231,210,192,402
1142232,112,102,214
1142233,256,267,523
1142234,142,164,306
1142301,213,233,446
1142302,304,351,655
1142303,307,298,605
1142304,155,160,315
1142305,259,245,504
1142306,178,202,380
1142307,210,199,409
1142308,156,150,306
1142309,252,294,546
1142310,190,229,419
1142311,125,134,259
1142312,195,189,384
1142313,197,208,405
1142314,263,251,514
1142315,170,188,358
1142316,264,306,570
1142317,263,299,562
1142318,413,509,922
1142319,410,470,880
1142320,157,170,327
1142321,284,257,541
1142322,195,209,404
1142323,175,175,350
1142324,175,147,322
1142325,128,142,270
1142326,224,219,443
1142327,122,123,245
1142328,313,413,726
1142329,205,230,435
1142330,224,208,432
1142331,89,75,164
1142332,294,314,608
1142333,117,103,220
1142334,294,314,608
1142335,300,309,609
1142336,163,152,315
1142337,255,220,475
1142338,211,263,474
1142339,243,273,516
1142340,193,218,411
1142341,179,214,393
1142342,165,212,377
1142343,0,4,4
1142344,290,334,624
1142345,329,370,699
1142346,318,307,625
1142347,200,193,393
1142348,195,209,404
1142401,266,284,550
1142402,178,188,366
1142403,196,207,403
1142404,141,137,278
1142405,131,148,279
1142406,191,220,411
1142407,180,197,377
1142408,205,214,419
1142409,262,270,532
1142410,285,305,590
1142411,196,177,373
1142412,269,259,528
1142413,195,197,392
1142414,200,189,389
1142415,131,140,271
1142416,148,152,300
1142417,151,139,290
1142418,246,271,517
1142419,292,307,599
1142420,157,168,325
1142421,107,105,212
1142422,242,254,496
1142423,232,227,459
1142424,222,213,435
1142425,134,180,314
1142426,166,196,362
1142427,184,229,413
1142428,220,216,436
1142429,166,177,343
1142430,126,127,253
1142431,189,205,394
1142432,142,161,303
1142433,168,289,457
1142501,125,133,258
1142502,127,144,271
1142503,113,144,257
1142504,111,113,224
1142505,132,138,270
1142506,172,164,336
1142507,225,221,446
1142508,119,129,248
1142509,170,161,331
1142510,144,152,296
1142511,119,107,226
1142512,131,135,266
1142513,165,155,320
1142514,222,215,437
1142515,77,116,193
1142516,222,229,451
1142517,170,172,342
1142518,292,288,580
1142519,224,233,457
1142520,0,3,3
1142521,190,189,379
1142522,10,8,18
1142523,221,383,604
1142601,274,289,563
1142602,263,271,534
1142603,241,249,490
1142604,201,221,422
1142605,267,270,537
1142606,220,221,441
1142607,177,172,349
1142608,263,254,517
1142609,92,119,211
1142610,177,180,357
1142611,146,127,273
1142612,216,226,442
1142613,107,90,197
1142614,100,123,223
1142615,182,176,358
1142616,266,254,520
1142617,128,144,272
1142618,101,103,204
1142619,183,167,350
1142620,178,160,338
1142621,172,194,366
1142622,188,183,371
1142623,235,228,463
1142624,165,159,324
1142625,179,146,325
1142626,115,150,265
1142627,124,127,251
1142628,251,267,518
1142629,174,180,354
1142630,282,316,598
1142631,279,269,548
1142632,301,325,626
1142633,268,307,575
1142634,136,158,294
1142635,117,127,244
1142636,189,185,374
1142637,365,360,725
1142638,158,174,332
1142639,194,191,385
1142640,129,119,248
1142641,262,256,518
1142642,164,135,299
1142643,130,157,287
1142644,231,255,486
1142645,293,327,620
1142646,271,282,553
1142647,147,138,285
1142648,215,212,427
1142649,268,273,541
1142650,183,192,375
1142651,174,161,335
1142652,239,262,501
1142653,221,197,418
1142654,177,176,353
1142655,249,268,517
1142656,231,241,472
1142701,166,182,348
1142702,222,210,432
1142703,105,115,220
1142704,113,122,235
1142705,121,126,247
1142706,114,112,226
1142707,126,146,272
1142708,167,192,359
1142709,256,280,536
1142710,139,139,278
1142711,186,178,364
1142712,139,224,363
1142713,174,181,355
1142714,180,184,364
1142715,141,122,263
1142716,135,144,279
1142717,138,150,288
1142718,242,241,483
1142719,180,181,361
1142720,177,180,357
1142721,217,211,428
1142722,0,0,0
1142723,110,129,239
1142724,0,0,0
1142725,0,0,0
1142726,181,208,389
1142727,145,163,308
1142728,180,189,369
1142729,207,198,405
1142730,0,0,0
1142731,0,0,0
1142732,158,138,296
1142733,109,122,231
1142734,148,176,324
1142735,184,259,443
1142736,207,234,441
1142737,181,171,352
1142738,160,183,343
1142739,202,212,414
1142740,148,138,286
1142741,211,211,422
1142801,168,171,339
1142802,292,275,567
1142803,274,309,583
1142804,288,296,584
1142805,195,215,410
1142806,237,288,525
1142807,221,214,435
1142808,148,140,288
1142809,180,181,361
1142810,140,131,271
1142811,138,137,275
1142812,225,217,442
1142813,175,154,329
1142814,238,227,465
1142815,138,152,290
1142816,146,168,314
1142817,267,274,541
1142818,256,242,498
1142819,224,249,473
1142820,141,270,411
1142821,279,288,567
1142822,103,86,189
1142823,155,139,294
1142824,169,160,329
1142825,0,0,0
1142826,143,162,305
1142827,132,144,276
1142828,208,223,431
1142829,154,159,313
1142830,202,185,387
1142831,210,200,410
1142832,253,262,515
1142833,228,190,418
1142834,234,217,451
1142835,230,250,480
1142836,220,217,437
1142837,125,130,255
1142838,0,4,4
1142839,139,135,274
1142840,165,175,340
1142841,128,231,359
1142842,262,240,502
1142843,178,183,361
1142844,204,191,395
1142845,216,220,436
1142846,166,246,412
1142847,292,303,595
1142848,252,252,504
1142849,154,185,339
1142850,148,160,308
1142851,243,233,476
1142852,161,166,327
1142853,133,128,261
1142854,132,131,263
1142855,231,226,457
1142856,166,166,332
1142857,260,250,510
1142858,142,139,281
1142859,148,140,288
1142860,186,180,366
1142861,0,0,0
1142862,175,168,343
1142863,145,158,303
1142864,300,285,585
1142901,218,200,418
1142902,207,215,422
1142903,170,189,359
1142904,203,170,373
1142905,253,268,521
1142906,253,250,503
1142907,124,136,260
1142908,259,276,535
1142909,285,283,568
1142910,116,109,225
1142911,122,146,268
1142912,138,143,281
1142913,199,195,394
1142914,331,307,638
1142915,108,124,232
1142916,155,149,304
1142917,266,276,542
1142918,0,0,0
1142919,15,8,23
1142920,131,137,268
1142921,187,201,388
1142922,193,177,370
1142923,205,207,412
1142924,111,124,235
1142925,160,149,309
1142926,156,164,320
1142927,206,203,409
1142928,142,149,291
1142929,381,368,749
1142930,28,12,40
1142931,221,218,439
1142932,270,287,557
1142933,341,377,718
1142934,114,106,220
1142935,0,0,0
1142936,117,123,240
1142937,221,213,434
1142938,171,178,349
1142939,149,130,279
1142940,268,262,530
1142941,223,239,462
1142942,161,151,312
1142943,231,218,449
1142944,219,184,403
1142945,166,140,306
1142946,223,225,448
1142947,227,209,436
1142948,368,363,731
1142949,116,115,231
1142950,121,136,257
1142951,394,397,791
1143001,203,176,379
1143002,250,248,498
1143003,217,198,415
1143004,256,274,530
1143005,216,216,432
1143006,289,311,600
1143007,95,97,192
1143008,177,317,494
1143009,260,273,533
1143010,221,230,451
1143011,208,235,443
1143012,0,0,0
1143013,149,162,311
1143014,157,165,322
1143015,302,329,631
1143016,325,330,655
1143017,201,226,427
1143018,178,177,355
1143019,180,171,351
1143020,131,149,280
1143021,156,167,323
1143022,286,341,627
1143023,165,150,315
1143024,266,276,542
1143025,253,320,573
1143026,179,162,341
1143027,162,192,354
1143028,206,203,409
1143029,289,304,593
1143030,217,264,481
1143031,133,152,285
1143032,175,182,357
1143033,222,231,453
1143034,200,207,407
1143035,139,147,286
1143036,289,266,555
1143037,153,169,322
1143038,184,182,366
1143101,231,257,488
1143102,225,234,459
1143103,156,143,299
1143104,179,185,364
1143105,180,196,376
1143106,246,258,504
1143107,165,169,334
1143108,208,230,438
1143109,105,84,189
1143110,155,162,317
1143111,182,197,379
1143112,448,686,1134
1143113,136,135,271
1143114,133,129,262
1143115,0,0,0
1143116,165,154,319
1143117,280,238,518
1143118,264,284,548
1143119,164,204,368
1143120,276,301,577
1143121,108,111,219
1143122,355,417,772
1143123,230,246,476
1143124,237,253,490
1143125,225,212,437
1143126,210,202,412
1143127,251,246,497
1143128,190,200,390
1143129,227,260,487
1143130,181,190,371
1143131,246,226,472
1143132,127,126,253
1143133,180,174,354
1143134,137,143,280
1143135,161,145,306
1143136,238,273,511
1143137,262,289,551
1143138,318,302,620
1143139,167,162,329
1143140,184,178,362
1143141,217,231,448
1143142,181,197,378
1143143,186,165,351
1143144,201,224,425
1143145,85,120,205
1143146,200,215,415
1143147,238,236,474
1143148,280,297,577
1143149,121,128,249
1143150,223,193,416
1143151,273,244,517
1143152,244,239,483
1143153,169,139,308
1143154,111,102,213
1143155,91,87,178
1143156,171,161,332
1143201,143,130,273
1143202,195,194,389
1143203,77,56,133
1143204,234,227,461
1143205,0,0,0
1143206,56,57,113
1143207,3,4,7
1143208,115,122,237
1143209,89,106,195
1143210,164,169,333
1143211,157,133,290
1143212,293,283,576
1143213,117,118,235
1143214,137,154,291
1143301,140,150,290
1143302,195,417,612
1143303,323,294,617
1143304,98,116,214
1143305,252,282,534
1143306,373,414,787
1143307,265,256,521
1143308,255,223,478
1143309,194,322,516
1143310,249,271,520
1143311,167,175,342
1143312,160,157,317
1143313,182,175,357
1143314,238,261,499
1143315,94,108,202
1143316,236,269,505
1143317,247,266,513
1143318,201,204,405
1143319,216,230,446
1143320,175,183,358
1143321,199,220,419
1143322,261,258,519
1143323,229,240,469
1143324,211,227,438
1143325,166,174,340
1143326,210,226,436
1143327,250,232,482
1143401,171,174,345
1143402,131,161,292
1143403,222,226,448
1143404,157,190,347
1143405,260,288,548
1143406,222,220,442
1143407,174,144,318
1143408,240,201,441
1143409,239,260,499
1143410,323,347,670
1143411,218,229,447
1143412,182,220,402
1143413,237,265,502
1143414,263,286,549
1143415,196,244,440
1143416,155,160,315
1143417,139,161,300
1143418,195,192,387
1143419,127,132,259
1143420,159,160,319
1143421,278,284,562
1143422,29,26,55
1143423,0,0,0
1143424,149,148,297
1143425,128,118,246
1143426,131,121,252
1143427,240,292,532
1143428,118,124,242
1143429,238,239,477
1143430,158,160,318
1143431,140,140,280
1143432,105,103,208
1143433,153,174,327
1143434,233,227,460
1143435,231,242,473
1143436,273,294,567
1143437,106,121,227
1143438,228,231,459
1143439,346,364,710
1143440,135,132,267
1143441,0,0,0
1143442,112,111,223
1143443,106,108,214
1143444,197,208,405
1143501,190,211,401
1143502,163,163,326
1143503,196,201,397
1143504,178,174,352
1143505,191,187,378
1143506,249,251,500
1143507,257,280,537
1143508,243,245,488
1143509,249,266,515
1143510,148,162,310
1143511,10,11,21
1143512,131,153,284
1143513,172,146,318
1143514,212,241,453
1143515,147,163,310
1143516,210,203,413
1143517,183,175,358
1143518,260,275,535
1143519,198,190,388
1143520,245,255,500
1143521,180,154,334
1143522,244,249,493
1143523,224,234,458
1143524,151,156,307
1143525,265,259,524
1143526,315,330,645
1143527,218,211,429
1143528,193,204,397
1143529,238,256,494
1143530,213,249,462
1143531,258,259,517
1143532,132,118,250
1143533,122,124,246
1143534,253,266,519
1143535,239,270,509
1143536,183,193,376
1143537,223,217,440
1143538,220,259,479
1143539,173,188,361
1143540,146,162,308
1143541,245,260,505
1143542,222,233,455
1143543,53,51,104
1143544,159,186,345
1143545,237,262,499
1143546,267,274,541
1143547,244,233,477
1143548,142,149,291
1143549,141,143,284
1143550,248,253,501
1143551,300,287,587
1143552,253,277,530
1143553,148,165,313
1143554,591,598,1189
1143555,91,88,179
1143556,330,318,648
1143557,116,115,231
1143601,222,278,500
1143602,0,0,0
1143603,229,271,500
1143604,181,201,382
1143605,189,221,410
1143606,250,310,560
1143607,326,337,663
1143608,219,262,481
1143609,240,262,502
1143610,138,140,278
1143611,279,310,589
1143612,212,209,421
1143613,216,244,460
1143614,190,213,403
1143615,296,305,601
1143616,285,280,565
1143617,262,248,510
1143618,134,159,293
1143619,262,258,520
1143620,222,284,506
1143621,118,142,260
1143622,199,254,453
1143623,104,108,212
1143624,190,179,369
1143625,166,198,364
1143626,135,128,263
1143627,239,254,493
1143628,149,162,311
1143629,0,0,0
1143630,214,215,429
1143631,191,223,414
1143632,136,170,306
1143633,214,213,427
1143634,226,265,491
1143635,268,288,556
1143636,140,167,307
1143637,212,234,446
1143638,166,196,362
1143639,210,247,457
1143640,325,307,632
1143641,257,266,523
1143642,114,107,221
1143643,224,226,450
1143644,159,166,325
1143645,183,178,361
1143646,267,291,558
1143701,157,167,324
1143702,101,113,214
1143703,212,205,417
1143704,520,677,1197
1143705,4,4,8
1143706,213,214,427
1143707,160,193,353
1143708,141,140,281
1143709,4,0,4
1143710,247,248,495
1143711,139,136,275
1143712,144,153,297
1143713,286,318,604
1143714,259,299,558
1143715,215,235,450
1143716,228,218,446
1143717,195,199,394
1143718,225,203,428
1143719,129,136,265
1143720,237,265,502
1143721,267,256,523
1143722,3,0,3
1143723,36,6,42
1143724,320,317,637
1143725,148,155,303
1143726,258,303,561
1143727,158,143,301
1143728,328,339,667
1143729,228,223,451
1143730,247,232,479
1143731,203,191,394
1143732,240,223,463
1143733,199,213,412
1143734,248,276,524
1143735,78,143,221
1143736,258,272,530
1143737,191,151,342
1143738,182,193,375
1143739,291,299,590
1143801,107,113,220
1143802,155,141,296
1143803,169,176,345
1143804,209,211,420
1143805,220,214,434
1143806,212,228,440
1143807,203,209,412
1143808,121,117,238
1143809,251,264,515
1143810,207,242,449
1143811,199,217,416
1143812,214,239,453
1143813,220,234,454
1143814,258,254,512
1143815,161,155,316
1143816,287,293,580
1143817,234,226,460
1143818,184,205,389
1143819,149,152,301
1143820,181,206,387
1143821,189,207,396
1143822,117,122,239
1143823,110,104,214
1143824,187,196,383
1143825,230,182,412
1143826,181,166,347
1143827,284,273,557
1143828,175,221,396
1143829,57,47,104
1143830,270,202,472
1143831,180,162,342
1143832,7,5,12
1143833,156,163,319
1143834,285,314,599
1143835,160,213,373
1143836,222,200,422
1143837,227,257,484
1143838,0,0,0
1143839,141,170,311
1143840,173,221,394
1143841,208,231,439
1143842,288,297,585
1143843,102,111,213
1143844,150,136,286
1143845,159,211,370
1143846,116,156,272
1143847,187,239,426
1143848,236,259,495
1143849,118,149,267
1143850,152,146,298
1143851,310,273,583
1143852,105,121,226
1143853,171,132,303
1143854,15,0,15
1143855,231,233,464
1143856,244,261,505
1143857,101,123,224
1143858,100,107,207
1143901,0,0,0
1144001,116,103,219
1144002,181,212,393
1144003,26,3,29
1144004,378,366,744
1144005,178,175,353
1144006,0,0,0
1144007,94,97,191
1144008,194,208,402
1144009,195,214,409
1144010,188,163,351
1144011,254,218,472
1144012,191,217,408
1144013,289,298,587
1144014,246,249,495
1144015,108,69,177
1144016,244,281,525
1144017,203,216,419
1144018,201,218,419
1144019,140,129,269
1144020,254,297,551
1144021,190,213,403
1144022,196,188,384
1144023,231,217,448
1144024,16,10,26
1144025,200,205,405
1144026,258,285,543
1144027,156,152,308
1144028,176,190,366
1144029,211,200,411
1144030,171,172,343
1144031,208,195,403
1144032,365,305,670
1144033,158,188,346
1144034,154,157,311
1144035,170,160,330
1144036,304,320,624
1144037,290,315,605
1144038,153,156,309
1144039,190,183,373
1144040,200,200,400
1144041,110,91,201
1144042,142,147,289
1144043,136,128,264
1144044,205,212,417
1144101,263,276,539
1144102,206,200,406
1144103,190,181,371
1144104,213,201,414
1144105,139,141,280
1144106,196,183,379
1144107,248,276,524
1144108,277,292,569
1144109,170,165,335
1144110,195,192,387
1144111,281,369,650
1144112,258,255,513
1144113,156,162,318
1144114,320,325,645
1144115,186,191,377
1144116,160,160,320
1144117,247,243,490
1144118,198,233,431
1144119,200,213,413
1144120,213,228,441
1144121,465,484,949
1144122,215,213,428
1144123,209,185,394
1144124,139,136,275
1144125,216,217,433
1144126,171,185,356
1144127,210,220,430
1144128,257,244,501
1144129,268,264,532
1144130,144,155,299
1144131,161,156,317
1144132,210,212,422
1144133,282,291,573
1144134,175,159,334
1144135,273,254,527
1144136,185,228,413
1144201,179,187,366
1144202,560,576,1136
1144203,0,0,0
1144204,220,217,437
1144205,247,317,564
1144206,165,173,338
1144207,137,166,303
1144208,125,322,447
1144209,127,114,241
1144210,182,169,351
1144211,175,172,347
1144212,186,178,364
1144213,211,204,415
1144214,148,153,301
1144215,147,157,304
1144216,225,252,477
1144217,150,154,304
1144218,130,126,256
1144219,205,210,415
1144220,224,219,443
1144221,134,141,275
1144222,202,271,473
1144223,272,267,539
1144224,227,267,494
1144225,192,232,424
1144226,190,195,385
1144227,159,186,345
1144228,234,210,444
1144229,193,221,414
1144230,152,179,331
1144231,207,268,475
1144232,194,256,450
1144233,0,0,0
1144234,165,175,340
1144235,270,260,530
1144236,199,247,446
1144237,173,173,346
1144238,137,140,277
1144239,227,216,443
1144240,136,142,278
1144241,207,190,397
1144242,111,112,223
1144243,190,185,375
1144244,221,221,442
1144245,238,218,456
1144246,205,217,422
1144247,205,207,412
1144248,256,253,509
1144249,202,201,403
1144250,253,276,529
1144251,105,97,202
1144252,279,286,565
1144253,221,249,470
1144301,187,177,364
1144302,135,138,273
1144303,155,145,300
1144304,161,132,293
1144305,168,161,329
1144306,242,278,520
1144307,175,183,358
1144308,146,149,295
1144309,284,240,524
1144310,244,253,497
1144311,197,225,422
1144312,0,0,0
1144313,27,15,42
1144314,166,178,344
1144315,187,184,371
1144316,153,168,321
1144317,177,201,378
1144318,250,253,503
1144319,102,95,197
1144320,37,30,67
1144321,159,204,363
1144322,176,171,347
1144323,158,179,337
1144324,208,201,409
1144325,129,131,260
1144326,12,5,17
1144327,217,199,416
1144328,14,20,34
1144329,145,167,312
1144330,252,249,501
1144331,234,243,477
1144332,137,148,285
1144333,191,210,401
1144334,222,219,441
1144335,215,239,454
1144336,243,283,526
1144337,318,314,632
1144338,232,282,514
1144339,222,245,467
1144340,363,361,724
1144341,240,230,470
1144342,0,0,0
1144343,138,162,300
1144344,249,243,492
1144345,115,130,245
1144346,177,205,382
1144347,229,230,459
1144348,173,183,356
1144349,171,168,339
1144350,106,125,231
1144401,113,140,253
1144402,94,105,199
1144403,98,102,200
1144404,189,239,428
1144405,121,125,246
1144406,233,259,492
1144407,273,259,532
1144408,196,201,397
1144409,140,208,348
1144410,209,206,415
1144411,163,171,334
1144412,241,245,486
1144413,237,222,459
1144414,166,147,313
1144415,226,215,441
1144416,199,199,398
1144417,325,321,646
1144418,129,146,275
1144419,113,122,235
1144420,257,212,469
1144421,126,136,262
1144422,136,171,307
1144423,247,282,529
1144424,132,145,277
1144425,253,301,554
1144426,226,218,444
1144427,124,117,241
1144428,171,176,347
1144429,137,136,273
1144430,163,203,366
1144431,117,130,247
1144432,276,296,572
1144433,232,216,448
1144434,193,213,406
1144435,167,148,315
1144436,176,175,351
1144437,221,220,441
1144438,106,115,221
1144439,187,189,376
1144440,140,145,285
1144441,208,205,413
1144442,157,196,353
1144443,76,89,165
1144444,123,165,288
1144445,156,161,317
1144446,166,157,323
1144447,287,281,568
1144448,124,133,257
1144449,171,177,348
1144450,154,136,290
1144451,103,109,212
1144452,212,224,436
1144453,148,150,298
1144454,235,211,446
1144455,129,114,243
1144456,195,186,381
1144501,148,124,272
1144502,109,139,248
1144503,345,338,683
1144504,142,152,294
1144505,190,169,359
1144506,286,323,609
1144507,125,111,236
1144508,69,76,145
1144509,104,113,217
1144510,199,197,396
1144511,189,193,382
1144512,307,297,604
1144513,148,148,296
1144514,157,150,307
1144515,174,172,346
1144601,255,244,499
1144602,168,178,346
1144603,190,178,368
1144604,260,229,489
1144605,183,190,373
1144606,295,309,604
1144607,128,127,255
1144608,164,137,301
1144609,231,276,507
1144610,124,131,255
1144611,132,121,253
1144612,243,210,453
1144613,136,127,263
1144614,279,239,518
1144615,219,200,419
1144616,122,123,245
1144617,166,171,337
1144618,120,96,216
1144619,190,185,375
1144701,133,132,265
1144702,107,108,215
1144703,162,142,304
1144704,148,153,301
1144705,262,257,519
1144706,131,138,269
1144707,263,270,533
1144708,136,145,281
1144709,170,164,334
1144710,86,102,188
1144711,126,135,261
1144712,160,177,337
1144713,220,251,471
1144714,210,213,423
1144715,263,234,497
1144716,54,55,109
1144717,132,131,263
1144718,161,152,313
1144719,140,136,276
1144720,202,205,407
1144721,184,189,373
1144722,244,234,478
1144723,260,266,526
1144724,155,154,309
1144725,132,140,272
1144726,264,264,528
1144727,162,168,330
1144728,200,194,394
1144729,216,272,488
1144730,303,338,641
1144731,186,193,379
1144732,0,0,0
1144733,173,187,360
1144734,189,199,388
1144735,216,208,424
1144736,173,163,336
1144737,308,348,656
1144738,208,222,430
1144739,176,203,379
1144740,185,178,363
1144741,165,182,347
1144742,145,132,277
1144743,54,62,116
1144801,152,156,308
1144802,149,172,321
1144803,143,131,274
1144804,102,112,214
1144805,288,258,546
1144806,116,113,229
1144807,142,116,258
1144808,127,116,243
1144809,201,201,402
1144810,261,224,485
1144811,311,321,632
1144812,91,85,176
1144813,167,196,363
1144814,280,270,550
1144815,122,126,248
1144816,161,158,319
1144817,163,166,329
1144818,181,190,371
1144819,219,183,402
1144820,189,163,352
1144821,192,198,390
1144822,187,208,395
1144823,215,216,431
1144824,157,163,320
1144901,141,176,317
1144902,200,224,424
1144903,202,189,391
1144904,200,228,428
1144905,189,202,391
1144906,131,155,286
1144907,222,267,489
1144908,34,35,69
1144909,168,178,346
1144910,255,224,479
1144911,112,101,213
1144912,197,229,426
1144913,217,217,434
1144914,130,129,259
1144915,253,256,509
1145001,104,115,219
1145002,85,111,196
1145003,198,174,372
1145004,143,130,273
1145005,238,235,473
1145006,84,99,183
1145007,150,132,282
1145008,160,189,349
1145009,244,258,502
1145010,211,252,463
1145011,160,171,331
1145012,269,278,547
1145013,114,112,226
1145014,98,112,210
1145015,186,186,372
1145016,189,243,432
1145017,181,200,381
1145018,172,184,356
1145019,246,257,503
1145020,146,163,309
1145021,17,0,17
1145022,195,198,393
1145023,251,273,524
1145024,218,230,448
1145025,232,248,480
1145026,151,139,290
1145027,308,315,623
1145028,144,144,288
1145029,238,247,485
1145030,221,233,454
1145031,222,211,433
1145032,150,145,295
1145033,285,285,570
1145034,174,185,359
1145035,0,3,3
1145036,184,183,367
1145037,255,251,506
1145038,269,245,514
1145039,0,0,0
1145040,153,159,312
1145041,312,315,627
1145042,178,170,348
1145043,137,142,279
1145044,222,235,457
1145045,203,204,407
1145046,190,180,370
1145047,166,171,337
1145048,238,246,484
1145049,175,193,368
1145050,101,109,210
1145051,140,131,271
1145101,13,15,28
1145201,140,137,277
1145202,216,246,462
1145203,174,168,342
1145204,151,165,316
1145205,190,210,400
1145206,118,145,263
1145207,199,229,428
1145208,168,238,406
1145209,144,129,273
1145210,126,181,307
1145211,181,217,398
1145212,264,284,548
1145213,188,217,405
1145214,125,119,244
1145215,9,11,20
1145216,178,191,369
1145217,183,181,364
1145218,191,197,388
1145219,186,196,382
1145220,132,151,283
1145221,141,137,278
1145222,14,10,24
1145223,330,325,655
1145224,239,317,556
1145225,145,182,327
1145226,119,133,252
1145227,149,179,328
1145228,300,272,572
1145229,100,130,230
1145230,238,201,439
1145231,188,200,388
1145232,256,261,517
1145233,178,206,384
1145234,130,133,263
1145235,103,108,211
1145236,157,177,334
1145237,146,144,290
1145301,4,10,14
1145302,198,218,416
1145303,180,197,377
1145304,129,142,271
1145305,282,278,560
1145306,261,314,575
1145307,278,323,601
1145308,136,146,282
1145309,185,216,401
1145310,253,263,516
1145311,250,278,528
1145312,225,248,473
1145313,167,146,313
1145314,134,136,270
1145315,152,135,287
1145316,255,246,501
1145317,10,9,19
1145318,268,276,544
1145319,184,198,382
1145320,202,214,416
1145321,280,330,610
1145322,140,141,281
1145323,158,166,324
1145324,241,265,506
1145325,126,146,272
1145326,252,238,490
1145327,248,301,549
1145328,135,154,289
1145401,223,235,458
1145402,238,245,483
1145403,154,154,308
1145404,269,265,534
1145405,277,304,581
1145406,223,228,451
1145407,278,297,575
1145408,180,170,350
1145409,280,282,562
1145410,150,172,322
1145411,268,248,516
1145412,235,271,506
1145413,166,164,330
1145414,137,175,312
1145415,197,230,427
1145416,167,198,365
1145417,175,185,360
1145418,243,232,475
1145419,218,219,437
1145420,178,197,375
1145421,220,215,435
1145422,247,223,470
1145423,224,259,483
1145424,260,284,544
1145425,125,153,278
1145426,181,201,382
1145427,188,279,467
1145428,173,182,355
1145429,143,169,312
1145430,255,276,531
1145431,178,188,366
1145432,229,233,462
1145433,311,326,637
1145434,125,276,401
1145435,233,227,460
1145436,189,206,395
1145437,268,299,567
1145438,163,164,327
1145439,125,167,292
1145440,252,230,482
1145441,176,170,346
1145442,174,188,362
1145443,109,145,254
1145444,203,199,402
1145445,228,243,471
1145446,239,238,477
1145447,311,323,634
1145448,160,180,340
1145449,146,156,302
1145450,230,213,443
1145451,137,218,355
1145501,242,266,508
1145502,134,125,259
1145503,239,246,485
1145504,149,175,324
1145505,206,207,413
1145506,283,337,620
1145507,228,216,444
1145508,229,242,471
1145509,150,158,308
1145510,116,186,302
1145511,169,181,350
1145512,141,171,312
1145513,175,192,367
1145514,165,176,341
1145515,193,240,433
1145601,3,6,9
1145701,158,149,307
1145702,234,229,463
1145703,200,202,402
1145704,239,233,472
1145705,188,187,375
1145706,104,104,208
1145707,149,133,282
1145708,141,133,274
1145709,177,194,371
1145710,154,147,301
1145711,251,250,501
1145712,287,304,591
1145713,238,243,481
1145714,117,116,233
1145715,286,284,570
1145716,153,176,329
1145717,260,261,521
1145718,254,264,518
1145719,132,123,255
1145720,187,181,368
1145721,270,272,542
1145722,139,133,272
1145723,190,219,409
1145724,185,171,356
1145725,171,183,354
1145726,97,120,217
1145727,131,132,263
1145728,130,133,263
1145729,165,167,332
1145730,177,176,353
1145731,122,104,226
1145732,221,220,441
1145733,185,197,382
1145734,245,227,472
1145735,104,114,218
1145736,113,130,243
1145737,224,239,463
1145738,190,179,369
1145739,151,162,313
1145740,271,243,514
1145741,150,150,300
1145801,215,214,429
1145802,167,184,351
1145803,156,156,312
1145804,129,135,264
1145805,137,146,283
1145806,174,187,361
1145807,230,197,427
1145808,247,235,482
1145809,199,186,385
1145810,228,233,461
1145811,189,157,346
1145812,228,183,411
1145813,271,269,540
1145814,216,212,428
1145815,171,162,333
1145816,169,230,399
1145817,153,149,302
1145818,148,145,293
1145819,198,188,386
1145820,246,261,507
1145821,138,142,280
1145822,269,249,518
1145823,147,139,286
1145824,120,120,240
1145825,7,7,14
1145826,226,241,467
1145827,104,95,199
1145828,172,180,352
1145829,200,217,417
1145830,238,229,467
1145831,206,183,389
1145832,157,137,294
1145833,160,199,359
1145834,113,119,232
1145835,150,164,314
1145836,117,103,220
1145837,244,253,497
1145838,248,230,478
1145839,114,125,239
1145840,139,165,304
1145841,224,232,456
1145842,225,271,496
1145843,249,277,526
1145844,158,156,314
1145845,135,152,287
1145846,193,223,416
1145847,115,108,223
1145848,0,0,0
1145849,210,192,402
1145901,163,183,346
1145902,288,288,576
1145903,150,143,293
1145904,233,221,454
1145905,214,309,523
1145906,262,285,547
1145907,187,195,382
1145908,140,148,288
1145909,195,222,417
1145910,263,274,537
1145911,125,123,248
1145912,192,221,413
1145913,274,308,582
1145914,151,144,295
1145915,285,284,569
1145916,119,128,247
1145917,242,228,470
1145918,196,203,399
1145919,106,108,214
1145920,150,155,305
1145921,144,132,276
1145922,201,208,409
1145923,214,173,387
1145924,186,187,373
1145925,179,197,376
1145926,183,180,363
1145927,227,226,453
1145928,292,319,611
1145929,219,221,440
1145930,175,159,334
1145931,213,208,421
1145932,82,250,332
1145933,286,305,591
1145934,202,208,410
1146001,152,165,317
1146002,197,208,405
1146003,166,158,324
1146004,119,128,247
1146005,209,228,437
1146006,110,107,217
1146007,135,139,274
1146008,227,227,454
1146009,179,196,375
1146010,229,264,493
1146011,154,175,329
1146012,309,323,632
1146013,213,209,422
1146014,276,306,582
1146015,288,319,607
1146016,270,323,593
1146017,0,0,0
1146018,267,258,525
1146019,324,294,618
1146020,192,205,397
1146021,254,252,506
1146022,232,254,486
1146023,176,179,355
1146024,289,280,569
1146025,130,144,274
1146026,192,230,422
1146027,269,297,566
1146028,235,257,492
1146029,185,210,395
1146030,142,146,288
1146031,264,282,546
1146032,120,126,246
1146033,184,182,366
1146034,208,215,423
1146035,311,325,636
1146036,245,243,488
1146037,121,128,249
1146038,156,174,330
1146039,172,175,347
1146040,178,163,341
1146041,229,221,450
1146042,279,278,557
1146043,317,335,652
1146044,250,274,524
1146045,190,240,430
1146046,108,115,223
1146047,297,308,605
1146048,241,255,496
1146049,194,193,387
1146101,148,161,309
1146102,146,163,309
1146103,293,287,580
1146104,148,148,296
1146105,178,200,378
1146106,317,331,648
1146107,157,163,320
1146108,144,143,287
1146109,206,222,428
1146110,246,226,472
1146111,153,210,363
1146112,242,277,519
1146113,154,176,330
1146114,156,169,325
1146115,166,186,352
1146116,235,225,460
1146117,275,341,616
1146118,234,213,447
1146119,230,264,494
1146120,336,306,642
1146121,287,304,591
1146122,91,94,185
1146123,157,160,317
1146124,158,149,307
1146125,150,152,302
1146126,225,236,461
1146127,286,311,597
1146128,160,176,336
1146129,211,256,467
1146130,200,193,393
1146131,214,204,418
1146132,150,175,325
1146133,0,4,4
1146134,197,213,410
1146135,108,119,227
1146136,250,257,507
1146137,269,305,574
1146138,232,283,515
1146139,284,285,569
1146140,103,151,254
1146141,268,287,555
1146201,395,495,890
1146202,214,244,458
1146203,177,189,366
1146204,252,240,492
1146205,221,250,471
1146206,364,353,717
1146207,309,332,641
1146208,189,188,377
1146209,135,141,276
1146210,88,104,192
1146211,83,60,143
1146212,85,97,182
1146213,175,207,382
1146214,238,251,489
1146215,0,0,0
1146216,443,437,880
1146217,194,212,406
1146218,128,128,256
1146219,278,309,587
1146220,158,159,317
1146221,129,127,256
1146222,354,357,711
1146223,246,289,535
1146224,352,352,704
1146225,260,335,595
1146226,114,83,197
1146227,219,175,394
1146228,272,290,562
1146229,249,276,525
1146230,122,140,262
1146231,250,245,495
1146232,104,98,202
1146233,268,244,512
1146234,170,192,362
1146235,251,234,485
1146236,296,309,605
1146237,131,149,280
1146238,177,191,368
1146239,271,275,546
1146301,73,76,149
1146302,137,112,249
1146303,195,206,401
1146304,150,156,306
1146305,211,197,408
1146306,178,185,363
1146307,251,220,471
1146308,327,313,640
1146309,220,236,456
1146310,197,175,372
1146311,122,104,226
1146312,235,218,453
1146313,148,133,281
1146314,143,145,288
1146315,232,228,460
1146316,96,102,198
1146317,127,104,231
1146318,148,164,312
1146319,121,118,239
1146401,133,167,300
1146402,135,139,274
1146403,211,199,410
1146404,224,173,397
1146405,287,295,582
1146406,116,130,246
1146407,244,241,485
1146408,283,306,589
1146409,245,253,498
1146410,148,159,307
1146411,198,219,417
1146412,150,167,317
1146413,174,279,453
1146414,298,313,611
1146415,150,160,310
1146416,113,117,230
1146417,81,101,182
1146418,177,183,360
1146419,210,238,448
1146420,184,193,377
1146421,211,236,447
1146422,94,99,193
1146423,187,156,343
1146424,116,239,355
1146425,169,140,309
1146426,3,10,13
1146427,3,3,6
1146428,5,0,5
1146429,187,209,396
1146430,275,345,620
1146431,246,228,474
1146432,231,269,500
1146433,160,189,349
1146501,261,291,552
1146502,3,4,7
1146503,0,0,0
1146504,302,289,591
1146505,187,174,361
1146506,350,323,673
1146507,231,206,437
1146508,165,146,311
1146509,99,100,199
1146510,186,177,363
1146511,248,246,494
1146512,181,192,373
1146513,155,159,314
1146514,198,183,381
1146601,269,265,534
1146602,80,89,169
1146603,195,178,373
1146604,243,250,493
1146605,219,231,450
1146606,88,118,206
1146607,63,56,119
1146608,110,110,220
1146609,234,302,536
1146610,179,206,385
1146611,197,245,442
1146612,221,235,456
1146613,253,252,505
1146614,235,267,502
1146615,243,239,482
1146616,229,255,484
1146617,262,298,560
1146618,84,196,280
1146619,233,235,468
1146620,243,266,509
1146621,146,200,346
1146622,199,215,414
1146623,231,246,477
1146624,108,83,191
1146625,174,181,355
1146626,144,165,309
1146627,316,338,654
1146628,201,214,415
1146629,236,265,501
1146630,127,129,256
1146631,376,186,562
1146632,141,153,294
1146633,228,267,495
1146701,12,6,18
1146702,204,203,407
1146703,139,152,291
1146704,117,120,237
1146705,0,0,0
1146706,0,0,0
1146707,219,244,463
1146708,3,3,6
1146709,135,146,281
1146710,222,225,447
1146711,148,147,295
1146712,141,156,297
1146713,163,158,321
1146714,144,168,312
1146715,269,285,554
1146716,209,206,415
1146717,122,154,276
1146718,229,244,473
1146719,102,121,223
1146720,104,119,223
1146721,215,245,460
1146722,163,160,323
1146723,131,113,244
1146724,164,160,324
1146725,205,249,454
1146726,232,210,442
1146727,161,198,359
1146728,116,122,238
1146729,96,99,195
1146730,259,284,543
1146731,220,221,441
1146732,161,139,300
1146733,172,189,361
1146734,163,167,330
1146735,205,191,396
1146736,192,219,411
1146737,215,216,431
1146738,241,261,502
1146739,258,284,542
1146740,193,222,415
1146741,274,275,549
1146742,220,203,423
1146743,133,162,295
1146744,299,267,566
1146745,188,186,374
1146801,219,238,457
1146802,252,262,514
1146803,261,264,525
1146804,124,117,241
1146805,177,179,356
1146806,103,102,205
1146807,195,179,374
1146808,503,166,669
1146809,0,0,0
1146810,134,124,258
1146811,203,181,384
1146812,110,100,210
1146813,149,121,270
1146814,147,132,279
1146815,190,199,389
1146816,202,195,397
1146817,223,175,398
1146818,238,230,468
1146819,230,226,456
1146901,219,239,458
1146902,215,225,440
1146903,160,148,308
1146904,146,133,279
1146905,168,151,319
1146906,234,239,473
1146907,4,3,7
1146908,0,0,0
1146909,257,241,498
1146910,89,93,182
1146911,260,251,511
1146912,144,155,299
1146913,183,170,353
1146914,120,113,233
1146915,211,216,427
1146916,200,202,402
1146917,101,91,192
1146918,227,217,444
1146919,204,222,426
1146920,209,212,421
1147001,172,185,357
1147002,205,189,394
1147003,304,292,596
1147004,160,154,314
1147005,319,314,633
1147006,325,349,674
1147007,334,353,687
1147008,241,255,496
1147009,214,200,414
1147010,302,324,626
1147011,206,203,409
1147012,214,230,444
1147013,323,296,619
1147014,122,130,252
1147015,214,213,427
1147016,235,247,482
1147017,256,273,529
1147018,167,164,331
1147019,279,280,559
1147020,262,260,522
1147021,262,251,513
1147022,196,197,393
1147023,268,261,529
1147024,314,298,612
1147025,356,385,741
1147026,222,228,450
1147027,125,137,262
1147028,183,168,351
1147029,243,245,488
1147030,244,252,496
1147031,197,223,420
1147032,239,269,508
1147033,196,181,377
1147034,232,221,453
1147035,193,185,378
1147036,242,241,483
1147037,203,205,408
1147038,149,156,305
1147039,191,190,381
1147040,206,178,384
1147041,395,416,811
1147042,167,165,332
1147101,238,245,483
1147102,174,159,333
1147103,119,125,244
1147104,174,167,341
1147105,192,188,380
1147106,219,207,426
1147107,239,243,482
1147108,264,261,525
1147109,147,151,298
1147110,198,195,393
1147111,212,206,418
1147112,235,218,453
1147113,266,274,540
1147114,266,279,545
1147115,295,295,590
1147116,181,197,378
1147117,165,164,329
1147118,189,221,410
1147119,285,274,559
1147120,268,283,551
1147121,272,301,573
1147122,290,308,598
1147123,215,228,443
1147124,316,394,710
1147125,303,318,621
1147126,159,168,327
1147127,214,215,429
1147128,275,260,535
1147129,197,189,386
1147130,218,221,439
1147131,159,146,305
1147132,260,230,490
1147133,251,234,485
1147134,281,292,573
1147135,259,218,477
1147136,188,174,362
1147137,205,213,418
1147138,246,248,494
1147139,351,374,725
1147140,164,169,333
1147141,234,246,480
1147142,373,375,748
1147143,243,231,474
1147144,3,0,3
1147145,0,0,0
1147146,3,0,3
1147147,299,354,653
1147148,227,230,457
1147149,275,305,580
1147150,251,231,482
1147151,232,212,444
1147152,237,219,456
1147153,261,311,572
1147154,0,0,0
1147155,344,376,720
1147156,244,265,509
1147157,281,294,575
1147201,172,156,328
1147202,192,185,377
1147203,238,185,423
1147204,143,105,248
1147205,336,247,583
1147206,406,295,701
1147207,232,224,456
1147208,205,222,427
1147209,369,273,642
1147210,250,245,495
1147211,149,145,294
1147212,177,182,359
1147213,234,204,438
1147214,253,236,489
1147215,269,231,500
1147216,259,254,513
1147217,177,167,344
1147218,241,257,498
1147219,160,112,272
1147220,220,222,442
1147221,270,277,547
1147222,125,116,241
1147223,262,244,506
1147224,143,153,296
1147225,255,246,501
1147226,275,280,555
1147227,374,378,752
1147228,267,311,578
1147229,205,188,393
1147230,195,195,390
1147231,0,0,0
1147232,0,6,6
1147233,220,245,465
1147234,176,181,357
1147235,0,0,0
1147236,278,269,547
1147237,4,0,4
1147238,287,259,546
1147239,237,260,497
1147240,238,227,465
1147241,280,243,523
1147242,106,106,212
1147243,247,259,506
1147244,160,145,305
1147245,233,234,467
1147246,178,241,419
1147247,299,270,569
1147248,221,201,422
1147249,305,212,517
1147250,714,507,1221
1147251,317,302,619
1147252,11,7,18
1147253,287,302,589
1147254,22,23,45
1147255,232,247,479
1147256,250,248,498
1147257,186,185,371
1147258,241,198,439
1147259,217,201,418
1147260,276,181,457
1147261,335,301,636
1147262,414,360,774
1147263,341,305,646
1147264,320,291,611
1147265,441,350,791
1147266,64,67,131
1147267,169,187,356
1147268,193,163,356
1147269,487,406,893
1147270,177,155,332
1147271,0,0,0
1147272,185,151,336
1147273,183,191,374
1147274,278,286,564
1147275,158,146,304
1147276,219,213,432
1147301,128,124,252
1147302,230,236,466
1147303,102,113,215
1147304,273,263,536
1147305,127,115,242
1147306,0,0,0
1147307,1168,182,1350
1147308,250,247,497
1147309,174,182,356
1147310,330,329,659
1147311,250,239,489
1147312,44,21,65
1147313,137,155,292
1147314,617,614,1231
1147315,552,581,1133
1147316,209,191,400
1147317,5,0,5
1147318,198,192,390
1147319,189,192,381
1147320,141,124,265
1147321,193,170,363
1147322,282,252,534
1147323,339,322,661
1147324,258,272,530
1147401,373,341,714
1147402,0,0,0
1147403,0,0,0
1147404,0,0,0
1147405,184,187,371
1147406,223,210,433
1147407,150,137,287
1147408,103,100,203
1147409,10,9,19
1147410,150,143,293
1147411,190,185,375
1147412,232,208,440
1147413,268,271,539
1147414,265,308,573
1147415,207,209,416
1147416,156,161,317
1147417,148,168,316
1147418,167,173,340
1147419,177,152,329
1147420,241,241,482
1147421,230,230,460
1147422,217,242,459
1147423,196,187,383
1147424,233,210,443
1147425,153,162,315
1147426,140,158,298
1147427,156,159,315
1147428,177,182,359
1147429,0,0,0
1147430,180,205,385
1147431,267,254,521
1147432,168,162,330
1147433,246,277,523
1147434,304,281,585
1147435,300,286,586
1147436,205,221,426
1147437,329,335,664
1147438,165,163,328
1147439,170,146,316
1147440,0,0,0
1147441,284,283,567
1147442,254,257,511
1147443,140,149,289
1147444,157,152,309
1147445,794,784,1578
1147446,304,275,579
1147447,222,225,447
1147448,356,337,693
1147449,303,293,596
1147450,210,219,429
1147451,184,174,358
1147452,198,191,389
1147453,75,85,160
1147454,121,127,248
1147455,217,219,436
1147456,0,0,0
1147457,364,297,661
1147458,404,460,864
1147459,340,292,632
1147460,195,188,383
1147461,284,276,560
1147462,182,180,362
1147463,155,167,322
1147464,118,120,238
1147465,147,142,289
1147466,261,243,504
1147467,162,158,320
1147468,212,196,408
1147469,156,142,298
1147470,257,239,496
1147471,167,160,327
1147472,129,130,259
1147473,151,158,309
1147474,173,168,341
1147475,197,151,348
1147476,168,164,332
1147501,3,5,8
1147601,133,135,268
1147602,194,200,394
1147603,302,390,692
1147604,224,219,443
1147605,208,192,400
1147606,201,193,394
1147607,164,183,347
1147608,255,280,535
1147609,229,226,455
1147610,244,226,470
1147611,186,183,369
1147612,266,292,558
1147613,157,152,309
1147614,225,253,478
1147615,312,305,617
1147616,143,155,298
1147617,247,259,506
1147618,161,180,341
1147619,220,244,464
1147620,168,151,319
1147621,167,156,323
1147622,208,222,430
1147623,285,283,568
1147624,372,403,775
1147625,256,266,522
1147626,243,266,509
1147627,127,130,257
1147628,241,235,476
1147629,190,195,385
1147630,193,222,415
1147631,233,248,481
1147632,209,209,418
1147633,285,292,577
1147634,161,180,341
1147635,234,257,491
1147636,155,163,318
1147637,280,284,564
1147638,206,198,404
1147639,197,188,385
1147640,179,186,365
1147641,185,184,369
1147642,292,343,635
1147643,179,182,361
1147644,228,217,445
1147645,194,200,394
1147646,262,244,506
1147647,176,167,343
1147648,206,229,435
1147649,256,263,519
1147650,178,187,365
1147651,151,141,292
1147652,251,259,510
1147653,285,277,562
1147654,132,144,276
1147655,275,278,553
1147656,140,253,393
1147701,230,235,465
1147702,0,0,0
1147703,119,98,217
1147704,121,143,264
1147705,120,51,171
1147706,281,259,540
1147707,145,167,312
1147708,146,160,306
1147709,133,141,274
1147710,146,155,301
1147711,241,191,432
1147712,116,113,229
1147713,176,186,362
1147714,190,205,395
1147715,292,275,567
1147716,141,130,271
1147717,313,281,594
1147718,337,324,661
1147719,212,216,428
1147720,229,201,430
1147721,9,5,14
1147722,186,189,375
1147723,0,0,0
1147724,197,212,409
1147725,206,218,424
1147726,225,225,450
1147727,238,248,486
1147728,151,148,299
1147729,258,244,502
1147730,3,0,3
1147731,107,100,207
1147732,153,165,318
1147733,143,204,347
1147734,269,306,575
1147735,137,128,265
1147736,186,192,378
1147737,268,258,526
1147738,166,158,324
1147739,7,0,7
1147740,282,302,584
1147741,245,269,514
1147742,236,235,471
1147743,203,206,409
1147744,285,312,597
1147745,257,264,521
1147746,225,217,442
1147747,216,203,419
1147748,220,193,413
1147749,249,238,487
1147750,294,359,653
1147751,117,130,247
1147752,164,172,336
1147801,248,268,516
1147802,177,178,355
1147803,141,173,314
1147804,169,159,328
1147805,190,229,419
1147806,287,320,607
1147807,170,158,328
1147808,162,156,318
1147809,182,158,340
1147810,223,246,469
1147811,185,204,389
1147812,126,136,262
1147813,253,235,488
1147814,195,195,390
1147815,212,207,419
1147816,273,283,556
1147817,178,184,362
1147818,168,183,351
1147819,272,281,553
1147820,104,108,212
1147821,141,159,300
1147822,155,154,309
1147823,191,168,359
1147824,263,313,576
1147825,392,385,777
1147826,247,251,498
1147827,184,183,367
1147828,200,212,412
1147829,261,250,511
1147830,258,248,506
1147831,185,207,392
1147832,154,163,317
1147833,128,132,260
1147834,224,228,452
1147835,134,138,272
1147836,233,247,480
1147837,222,258,480
1147838,275,250,525
1147901,260,294,554
1147902,265,286,551
1147903,268,282,550
1147904,202,229,431
1147905,153,149,302
1147906,192,197,389
1147907,281,296,577
1147908,239,236,475
1147909,0,0,0
1147910,145,155,300
1147911,280,254,534
1147912,216,249,465
1147913,300,317,617
1147914,178,170,348
1147915,205,205,410
1147916,162,181,343
1147917,0,0,0
1147918,258,237,495
1147919,224,214,438
1147920,295,289,584
1147921,214,219,433
1147922,145,139,284
1147923,288,281,569
1147924,345,344,689
1147925,282,288,570
1147926,251,265,516
1147927,266,206,472
1147928,0,0,0
1147929,93,98,191
1147930,295,301,596
1147931,169,227,396
1147932,155,164,319
1147933,96,107,203
1147934,236,216,452
1147935,317,53,370
1147936,3,0,3
1147937,4,0,4
1147938,0,0,0
1147939,131,133,264
1147940,262,246,508
1147941,189,221,410
1147942,270,293,563
1147943,234,253,487
1148001,287,316,603
1148002,128,136,264
1148003,169,176,345
1148004,275,262,537
1148005,187,190,377
1148006,273,258,531
1148007,208,199,407
1148008,266,282,548
1148009,184,177,361
1148010,227,249,476
1148011,133,144,277
1148012,186,203,389
1148013,321,335,656
1148014,134,129,263
1148015,307,313,620
1148016,358,334,692
1148017,187,253,440
1148018,9,6,15
1148019,213,195,408
1148020,342,328,670
1148021,96,90,186
1148022,198,231,429
1148023,181,164,345
1148024,273,313,586
1148025,254,250,504
1148026,281,276,557
1148027,194,212,406
1148028,241,264,505
1148029,202,195,397
1148030,224,218,442
1148031,289,273,562
1148032,321,281,602
1148101,196,221,417
1148102,127,154,281
1148103,360,398,758
1148104,266,254,520
1148105,160,147,307
1148106,261,264,525
1148107,151,159,310
1148108,258,251,509
1148109,194,189,383
1148110,220,201,421
1148111,241,225,466
1148112,317,321,638
1148113,269,287,556
1148114,235,168,403
1148115,162,179,341
1148116,159,168,327
1148117,187,183,370
1148118,160,138,298
1148119,273,241,514
1148120,182,168,350
1148121,140,142,282
1148122,270,256,526
1148123,244,207,451
1148124,306,261,567
1148125,330,308,638
1148126,252,228,480
1148127,221,195,416
1148128,184,172,356
1148129,273,241,514
1148130,224,207,431
1148131,335,289,624
1148132,159,160,319
1148133,0,0,0
1148134,0,0,0
1148135,132,93,225
1148136,202,201,403
1148137,258,213,471
1148138,234,239,473
1148139,234,224,458
1148140,220,220,440
1148141,187,194,381
1148142,154,169,323
1148143,0,0,0
1148144,0,0,0
1148145,268,213,481
1148146,140,143,283
1148201,392,446,838
1148202,267,277,544
1148203,23,25,48
1148204,370,416,786
1148205,131,154,285
1148206,179,169,348
1148207,0,0,0
1148208,174,164,338
1148209,202,211,413
1148210,139,152,291
1148211,207,245,452
1148212,309,321,630
1148213,164,158,322
1148214,210,242,452
1148215,307,320,627
1148216,252,251,503
1148217,172,155,327
1148218,123,141,264
1148219,258,290,548
1148220,200,235,435
1148221,243,246,489
1148222,146,157,303
1148223,179,186,365
1148224,266,278,544
1148225,188,217,405
1148226,255,268,523
1148227,132,124,256
1148228,235,224,459
1148229,137,142,279
1148230,281,302,583
1148231,160,168,328
1148232,141,138,279
1148233,123,141,264
1148234,138,165,303
1148235,97,101,198
1148236,264,268,532
1148237,242,256,498
1148238,143,134,277
1148239,219,189,408
1148240,142,159,301
1148241,166,164,330
1148242,139,170,309
1148243,145,152,297
1148244,216,216,432
1148245,215,226,441
1148246,199,212,411
1148247,278,282,560
1148248,236,253,489
1148249,267,281,548
1148250,226,232,458
1148251,145,159,304
1148252,224,223,447
1148253,112,120,232
1148254,157,203,360
1148255,168,183,351
1148256,376,419,795
1148257,102,85,187
1148258,233,244,477
1148301,172,201,373
1148302,289,264,553
1148303,144,139,283
1148304,239,246,485
1148305,303,282,585
1148306,3,5,8
1148307,167,160,327
1148308,178,174,352
1148309,130,153,283
1148310,199,205,404
1148311,262,254,516
1148312,200,213,413
1148313,187,201,388
1148314,331,319,650
1148315,442,383,825
1148316,145,147,292
1148317,247,227,474
1148318,216,229,445
1148319,153,160,313
1148320,191,187,378
1148321,243,261,504
1148322,309,343,652
1148323,186,178,364
1148324,288,264,552
1148325,259,259,518
1148326,135,120,255
1148327,104,104,208
1148328,171,174,345
1148329,272,299,571
1148330,265,287,552
1148331,269,242,511
1148332,309,301,610
1148333,293,246,539
1148334,12,3,15
1148335,222,222,444
1148336,189,203,392
1148337,221,231,452
1148338,208,207,415
1148339,239,235,474
1148340,292,293,585
1148341,190,196,386
1148342,339,314,653
1148401,315,317,632
1148402,255,227,482
1148403,356,362,718
1148404,223,222,445
1148405,214,258,472
1148406,345,364,709
1148407,201,198,399
1148408,249,226,475
1148409,184,354,538
1148410,236,229,465
1148411,146,152,298
1148412,159,193,352
1148413,294,311,605
1148414,226,199,425
1148415,208,221,429
1148416,216,219,435
1148417,112,108,220
1148418,0,0,0
1148419,235,263,498
1148420,266,273,539
1148421,255,300,555
1148422,139,135,274
1148423,243,271,514
1148424,194,198,392
1148425,211,204,415
1148426,195,172,367
1148427,239,245,484
1148428,223,208,431
1148429,204,206,410
1148430,237,251,488
1148431,215,216,431
1148432,234,243,477
1148433,206,188,394
1148434,205,210,415
1148435,236,232,468
1148436,174,189,363
1148437,334,313,647
1148438,193,187,380
1148439,165,184,349
1148440,257,242,499
1148441,238,250,488
1148442,299,338,637
1148501,202,223,425
1148502,220,237,457
1148503,281,295,576
1148504,258,255,513
1148505,230,235,465
1148506,162,154,316
1148507,196,205,401
1148508,201,241,442
1148509,225,261,486
1148510,204,201,405
1148511,246,240,486
1148512,288,287,575
1148513,228,216,444
1148514,257,262,519
1148515,144,138,282
1148516,273,281,554
1148517,214,221,435
1148518,205,220,425
1148519,255,248,503
1148520,196,185,381
1148521,263,239,502
1148522,244,263,507
1148523,160,162,322
1148524,203,216,419
1148525,153,162,315
1148526,415,406,821
1148527,114,110,224
1148528,218,222,440
1148529,225,227,452
1148530,207,201,408
1148531,224,232,456
1148532,242,255,497
1148533,253,252,505
1148534,166,180,346
1148535,248,263,511
1148536,262,253,515
1148537,183,174,357
1148538,283,286,569
1148539,206,222,428
1148540,205,184,389
1148541,289,253,542
1148542,284,292,576
1148543,187,219,406
1148544,200,191,391
1148545,184,195,379
1148546,201,168,369
1148547,308,324,632
1148548,136,151,287
1148549,257,271,528
1148550,234,236,470
1148551,258,254,512
1148552,183,196,379
1148553,237,213,450
1148554,174,185,359
1148555,143,132,275
1148556,247,210,457
1148557,151,170,321
1148558,206,215,421
1148601,4,0,4
1148701,4,4,8
1148801,124,121,245
1148802,278,278,556
1148803,244,205,449
1148804,291,260,551
1148805,282,252,534
1148806,114,127,241
1148807,210,201,411
1148808,162,176,338
1148809,256,277,533
1148810,177,152,329
1148811,307,294,601
1148812,0,3,3
1148813,196,214,410
1148814,186,209,395
1148815,277,280,557
1148816,156,166,322
1148817,321,332,653
1148818,162,170,332
1148819,156,145,301
1148820,140,125,265
1148821,183,173,356
1148822,202,213,415
1148823,283,270,553
1148824,251,283,534
1148825,224,203,427
1148826,233,234,467
1148827,250,265,515
1148828,272,285,557
1148829,122,108,230
1148830,292,286,578
1148831,239,210,449
1148832,263,232,495
1148833,188,173,361
1148834,301,346,647
1148835,141,127,268
1148836,242,229,471
1148837,208,153,361
1148838,242,224,466
1148839,303,310,613
1148840,128,139,267
1148841,166,194,360
1148842,147,146,293
1148843,180,197,377
1148844,220,249,469
1148845,297,284,581
1148846,117,113,230
1148847,204,207,411
1148848,258,282,540
1148849,189,170,359
1148850,189,338,527
1148851,227,212,439
1148852,260,258,518
1148853,302,311,613
1148854,114,113,227
1148855,174,187,361
1148856,129,130,259
1148857,188,211,399
1148858,189,194,383
1148859,164,164,328
1148860,211,202,413
1148861,221,204,425
1148862,127,107,234
1148901,278,263,541
1148902,262,264,526
1148903,177,189,366
1148904,341,333,674
1148905,109,120,229
1148906,174,191,365
1148907,134,213,347
1148908,126,141,267
1148909,127,133,260
1148910,220,202,422
1148911,248,245,493
1148912,154,155,309
1148913,271,250,521
1148914,471,81,552
1148915,238,236,474
1148916,239,275,514
1148917,140,259,399
1148918,135,120,255
1148919,208,226,434
1148920,292,306,598
1148921,201,186,387
1148922,273,241,514
1148923,282,228,510
1148924,159,167,326
1148925,174,164,338
1148926,239,289,528
1148927,368,128,496
1148928,251,230,481
1148929,148,168,316
1148930,130,121,251
1148931,179,216,395
1148932,173,166,339
1148933,155,141,296
1148934,177,189,366
1148935,166,176,342
1148936,125,122,247
1148937,256,233,489
1148938,153,142,295
1148939,125,141,266
1148940,160,164,324
1148941,316,329,645
1148942,193,177,370
1148943,151,132,283
1148944,244,260,504
1148945,159,202,361
1148946,342,301,643
1148947,179,161,340
1148948,159,183,342
1148949,110,132,242
1148950,252,252,504
1149001,256,264,520
1149002,240,234,474
1149003,143,163,306
1149004,179,187,366
1149005,132,140,272
1149006,219,217,436
1149007,261,241,502
1149008,173,177,350
1149009,230,238,468
1149010,169,173,342
1149011,157,165,322
1149012,162,165,327
1149013,222,214,436
1149014,173,170,343
1149015,254,260,514
1149016,257,247,504
1149017,268,331,599
1149018,276,265,541
1149101,150,166,316
1149102,207,226,433
1149103,223,261,484
1149104,4,0,4
1149105,230,210,440
1149106,732,698,1430
1149107,372,353,725
1149108,326,342,668
1149109,384,374,758
1149110,90,111,201
1149111,279,278,557
1149112,220,183,403
1149113,178,172,350
1149114,228,239,467
1149115,301,271,572
1149116,348,358,706
1149117,208,237,445
1149118,254,241,495
1149119,187,215,402
1149120,175,272,447
1149121,174,200,374
1149122,170,169,339
1149123,198,206,404
1149124,184,197,381
1149125,177,201,378
1149126,174,187,361
1149127,0,0,0
1149128,183,188,371
1149129,290,310,600
1149130,194,197,391
1149131,380,408,788
1149132,569,579,1148
1149133,266,298,564
1149134,136,141,277
1149135,285,318,603
1149201,326,325,651
1149202,182,157,339
1149203,224,219,443
1149204,820,722,1542
1149205,162,147,309
1149206,91,91,182
1149207,211,188,399
1149208,217,211,428
1149209,0,0,0
1149210,5,0,5
1149211,418,359,777
1149212,229,201,430
1149213,226,220,446
1149214,185,151,336
1149215,256,200,456
1149216,149,133,282
1149217,249,235,484
1149218,182,156,338
1149219,344,255,599
1149220,277,221,498
1149221,257,182,439
1149222,124,115,239
1149223,189,174,363
1149224,149,160,309
1149225,207,161,368
1149226,123,109,232
1149227,242,217,459
1149228,308,292,600
1149229,267,213,480
1149230,215,197,412
1149231,215,172,387
1149232,318,266,584
1149233,214,224,438
1149234,355,315,670
1149235,450,352,802
1149236,201,216,417
1149237,256,210,466
1149238,227,207,434
1149239,107,93,200
1149240,201,162,363
1149241,252,191,443
1149242,358,318,676
1149243,198,192,390
1149244,217,210,427
1149245,181,148,329
1149246,193,193,386
1149247,231,212,443
1149248,309,280,589
1149249,276,286,562
1149250,219,198,417
1149251,249,179,428
1149301,158,162,320
1149302,218,241,459
1149303,203,285,488
1149304,216,247,463
1149305,224,206,430
1149306,239,261,500
1149307,286,289,575
1149308,250,430,680
1149309,220,229,449
1149310,167,182,349
1149311,177,196,373
1149312,305,286,591
1149313,216,219,435
1149314,179,171,350
1149315,274,278,552
1149316,178,171,349
1149317,239,235,474
1149318,120,150,270
1149319,4,4,8
1149320,271,256,527
1149321,196,198,394
1149322,218,208,426
1149323,207,196,403
1149324,236,265,501
1149325,199,217,416
1149326,173,167,340
1149327,116,122,238
1149328,145,154,299
1149329,202,183,385
1149330,165,174,339
1149331,225,222,447
1149332,220,213,433
1149333,187,176,363
1149334,185,223,408
1149335,268,299,567
1149336,251,253,504
1149337,225,228,453
1149338,228,230,458
1149339,227,257,484
1149340,303,292,595
1149341,272,281,553
1149342,257,268,525
1149343,137,140,277
1149344,352,330,682
1149345,365,364,729
1149346,193,213,406
1149347,215,228,443
1149401,191,189,380
1149402,145,152,297
1149403,192,201,393
1149404,261,239,500
1149405,228,233,461
1149406,129,152,281
1149407,226,221,447
1149408,316,307,623
1149409,214,228,442
1149410,208,198,406
1149411,218,209,427
1149412,180,153,333
1149413,176,200,376
1149414,118,135,253
1149415,143,168,311
1149416,152,281,433
1149417,226,253,479
1149418,201,195,396
1149419,151,149,300
1149420,220,210,430
1149421,244,252,496
1149422,170,168,338
1149423,198,181,379
1149424,217,223,440
1149425,245,263,508
1149426,116,123,239
1149501,197,225,422
1149502,180,191,371
1149503,262,284,546
1149504,186,189,375
1149505,206,242,448
1149506,293,298,591
1149507,170,187,357
1149508,295,309,604
1149509,235,228,463
1149510,285,298,583
1149511,310,347,657
1149512,180,184,364
1149513,244,269,513
1149514,213,204,417
1149515,203,247,450
1149516,192,181,373
1149517,224,223,447
1149518,235,259,494
1149519,185,184,369
1149520,188,177,365
1149521,172,169,341
1149522,172,172,344
1149523,273,272,545
1149524,264,309,573
1149525,178,183,361
1149526,238,234,472
1149527,194,191,385
1149528,237,229,466
1149529,229,233,462
1149530,249,258,507
1149531,243,259,502
1149532,197,213,410
1149533,178,197,375
1149534,254,241,495
1149535,122,148,270
1149536,124,153,277
1149537,170,165,335
1149538,139,159,298
1149539,254,293,547
1149540,214,184,398
1149541,187,178,365
1149542,300,305,605
1149543,168,170,338
1149544,180,192,372
1149545,137,171,308
1149546,261,280,541
1149547,106,92,198
1149548,128,122,250
1149549,116,110,226
1149550,179,190,369
1149551,175,176,351
1149552,182,206,388
1149553,176,203,379
1149554,226,202,428
1149555,128,125,253
1149556,105,133,238
1149557,114,131,245
1149558,82,76,158
1149601,222,208,430
1149602,138,148,286
1149603,153,179,332
1149604,186,190,376
1149605,129,110,239
1149606,167,178,345
1149607,160,156,316
1149608,230,240,470
1149609,158,179,337
1149610,216,214,430
1149611,0,0,0
1149612,4,4,8
1149613,130,133,263
1149614,233,254,487
1149615,225,235,460
1149616,135,143,278
1149617,196,260,456
1149618,329,349,678
1149619,185,182,367
1149620,163,193,356
1149621,224,235,459
1149622,287,296,583
1149623,200,229,429
1149624,226,258,484
1149625,135,145,280
1149626,126,107,233
1149627,299,328,627
1149628,294,325,619
1149629,176,278,454
1149630,201,235,436
1149631,206,244,450
1149632,231,253,484
1149633,189,233,422
1149634,172,194,366
1149635,233,254,487
1149636,134,147,281
1149637,212,211,423
1149638,209,225,434
1149639,120,121,241
1149640,189,204,393
1149641,220,238,458
1149642,211,222,433
1149643,191,215,406
1149644,187,177,364
1149645,128,136,264
1149646,223,231,454
1149647,295,307,602
1149648,183,184,367
1149649,148,156,304
1149650,141,130,271
1149701,255,236,491
1149702,217,223,440
1149703,220,210,430
1149704,263,246,509
1149705,258,263,521
1149706,320,321,641
1149707,242,219,461
1149708,214,250,464
1149709,123,121,244
1149710,196,192,388
1149711,207,214,421
1149712,211,253,464
1149713,227,243,470
1149714,110,121,231
1149715,189,190,379
1149716,186,205,391
1149717,384,370,754
1149718,151,146,297
1149719,191,211,402
1149720,245,277,522
1149721,206,230,436
1149722,205,208,413
1149723,139,169,308
1149724,226,237,463
1149725,279,267,546
1149726,244,277,521
1149727,166,180,346
1149728,202,231,433
1149729,240,290,530
1149730,233,229,462
1149731,215,204,419
1149732,183,190,373
1149733,149,161,310
1149734,228,221,449
1149735,237,237,474
1149736,219,218,437
1149737,291,312,603
1149738,192,233,425
1149739,262,285,547
1149740,196,188,384
1149741,158,166,324
1149742,241,251,492
1149743,252,271,523
1149744,195,211,406
1149745,250,238,488
1149746,113,136,249
1149747,176,174,350
1149748,103,117,220
1149749,94,108,202
1149750,248,259,507
1149751,271,265,536
1149752,172,185,357
1149753,138,146,284
1149754,118,131,249
1149801,150,231,381
1149802,243,275,518
1149803,237,216,453
1149804,149,167,316
1149805,215,221,436
1149806,216,245,461
1149807,179,173,352
1149808,67,68,135
1149809,189,188,377
1149810,342,394,736
1149811,37,46,83
1149812,219,255,474
1149813,265,250,515
1149814,206,205,411
1149815,111,126,237
1149816,192,228,420
1149817,230,271,501
1149818,177,216,393
1149819,190,211,401
1149820,214,240,454
1149821,136,144,280
1149822,146,157,303
1149823,112,122,234
1149824,210,235,445
1149825,155,153,308
1149826,174,206,380
1149827,173,187,360
1149828,151,173,324
1149829,230,206,436
1149830,213,246,459
1149831,232,260,492
1149832,127,118,245
1149833,245,245,490
1149834,173,178,351
1149835,125,145,270
1149901,157,203,360
1149902,197,262,459
1149903,195,217,412
1149904,267,282,549
1149905,154,233,387
1149906,179,199,378
1149907,223,234,457
1149908,559,0,559
1149909,150,152,302
1149910,184,219,403
1149911,254,289,543
1149912,243,217,460
1149913,179,312,491
1149914,132,175,307
1149915,170,237,407
1149916,193,211,404
1149917,99,103,202
1149918,210,210,420
1149919,256,234,490
1149920,172,186,358
1149921,146,150,296
1149922,228,240,468
1149923,136,133,269
1149924,215,207,422
1150001,11,8,19
1150002,7,5,12
1150003,280,288,568
1150004,196,180,376
1150005,114,112,226
1150006,302,309,611
1150007,311,321,632
1150008,83,96,179
1150009,276,312,588
1150010,232,276,508
1150011,341,342,683
1150012,132,195,327
1150013,337,353,690
1150014,180,181,361
1150015,281,276,557
1150016,173,171,344
1150017,290,291,581
1150018,320,320,640
1150019,263,297,560
1150020,167,177,344
1150021,147,349,496
1150022,182,181,363
1150023,157,198,355
1150024,286,299,585
1150025,216,236,452
1150026,194,291,485
1150027,228,296,524
1150028,229,261,490
1150029,178,166,344
1150030,164,154,318
1150031,225,240,465
1150032,175,160,335
1150033,353,361,714
1150034,162,174,336
1150035,76,108,184
1150036,269,277,546
1150037,186,182,368
1150038,157,290,447
1150039,195,206,401
1150040,163,223,386
1150041,174,259,433
1150042,116,133,249
1150043,186,213,399
1150101,233,234,467
1150102,249,243,492
1150103,135,150,285
1150104,252,289,541
1150105,279,280,559
1150106,201,188,389
1150107,280,287,567
1150108,139,163,302
1150109,218,250,468
1150110,259,278,537
1150111,219,196,415
1150112,116,154,270
1150113,192,224,416
1150114,0,0,0
1150115,275,291,566
1150116,199,234,433
1150117,143,173,316
1150118,168,181,349
1150119,152,75,227
1150120,116,112,228
1150121,177,204,381
1150122,173,212,385
1150123,284,294,578
1150124,192,206,398
1150125,0,0,0
1150126,112,124,236
1150127,28,17,45
1150128,241,246,487
1150129,151,152,303
1150130,190,190,380
1150131,234,241,475
1150132,242,249,491
1150201,214,230,444
1150202,168,178,346
1150203,301,283,584
1150204,263,250,513
1150205,200,213,413
1150206,173,176,349
1150207,209,247,456
1150208,159,151,310
1150209,142,165,307
1150210,160,150,310
1150211,244,261,505
1150212,256,228,484
1150213,206,204,410
1150214,255,263,518
1150215,302,318,620
1150216,141,138,279
1150217,155,151,306
1150218,187,171,358
1150219,132,154,286
1150220,221,224,445
1150221,173,193,366
1150222,170,189,359
1150223,165,176,341
1150224,65,190,255
1150225,166,177,343
1150226,194,204,398
1150227,285,270,555
1150228,221,240,461
1150229,158,166,324
1150230,245,249,494
1150231,220,230,450
1150232,254,268,522
1150233,124,122,246
1150234,282,270,552
1150235,197,236,433
1150236,172,219,391
1150237,244,252,496
1150238,296,314,610
1150239,292,285,577
1150240,231,233,464
1150241,237,275,512
1150242,237,237,474
1150243,173,206,379
1150244,231,236,467
1150245,334,326,660
1150246,272,277,549
1150247,293,315,608
1150248,262,254,516
1150249,183,201,384
1150250,215,241,456
1150251,180,190,370
1150252,270,300,570
1150253,722,753,1475
1150254,226,235,461
1150255,170,152,322
1150256,271,254,525
1150257,277,262,539
1150301,53,64,117
1150302,173,163,336
1150303,200,222,422
1150304,232,206,438
1150305,167,162,329
1150306,240,243,483
1150307,307,331,638
1150308,224,232,456
1150309,261,288,549
1150310,214,234,448
1150311,209,233,442
1150312,249,240,489
1150313,122,129,251
1150314,353,357,710
1150315,291,277,568
1150316,165,138,303
1150317,104,136,240
1150318,139,149,288
1150319,315,307,622
1150320,237,227,464
1150321,76,83,159
1150322,173,167,340
1150323,241,250,491
1150324,293,285,578
1150325,91,108,199
1150326,216,240,456
1150327,230,241,471
1150328,258,254,512
1150329,0,0,0
1150330,222,209,431
1150331,161,151,312
1150332,710,692,1402
1150333,255,258,513
1150334,249,242,491
1150335,254,264,518
1150336,255,260,515
1150337,282,301,583
1150338,216,210,426
1150401,284,319,603
1150402,178,168,346
1150403,213,220,433
1150404,132,175,307
1150405,123,116,239
1150406,317,328,645
1150407,179,182,361
1150408,180,217,397
1150409,204,157,361
1150410,166,185,351
1150411,231,262,493
1150412,213,220,433
1150413,241,222,463
1150414,163,196,359
1150415,189,184,373
1150416,136,122,258
1150417,212,213,425
1150418,233,240,473
1150419,194,181,375
1150420,225,193,418
1150421,155,169,324
1150422,278,299,577
1150423,227,221,448
1150424,335,373,708
1150425,208,237,445
1150426,178,163,341
1150427,180,170,350
1150428,288,295,583
1150429,251,301,552
1150430,196,206,402
1150431,3,0,3
1150432,106,114,220
1150433,173,171,344
1150434,199,246,445
1150435,98,111,209
1150436,105,108,213
1150437,145,132,277
1150438,338,374,712
1150439,263,278,541
1150440,149,168,317
1150441,259,258,517
1150501,253,235,488
1150502,202,180,382
1150503,191,241,432
1150504,290,300,590
1150505,291,262,553
1150506,157,151,308
1150507,124,116,240
1150508,166,164,330
1150509,290,261,551
1150510,239,245,484
1150511,299,267,566
1150512,181,167,348
1150513,217,212,429
1150514,180,160,340
1150515,241,214,455
1150516,257,240,497
1150517,141,140,281
1150518,275,265,540
1150519,360,334,694
1150520,370,383,753
1150521,167,185,352
1150522,139,130,269
1150601,210,168,378
1150602,105,90,195
1150603,199,184,383
1150604,284,252,536
1150605,343,339,682
1150606,173,157,330
1150607,113,125,238
1150608,50,50,100
1150609,202,173,375
1150610,168,142,310
1150611,183,209,392
1150612,186,161,347
1150613,161,151,312
1150614,169,148,317
1150615,168,148,316
1150616,173,175,348
1150617,182,185,367
1150618,247,246,493
1150701,302,330,632
1150702,147,151,298
1150703,239,240,479
1150704,227,231,458
1150705,77,81,158
1150706,111,115,226
1150707,0,0,0
1150708,179,179,358
1150709,171,161,332
1150710,270,296,566
1150711,116,138,254
1150712,156,158,314
1150713,289,279,568
1150714,275,273,548
1150715,233,246,479
1150716,261,260,521
1150717,193,214,407
1150718,280,265,545
1150719,236,258,494
1150720,188,204,392
1150721,293,303,596
1150722,159,168,327
1150723,205,221,426
1150724,281,288,569
1150725,249,254,503
1150726,167,182,349
1150727,261,291,552
1150728,210,201,411
1150729,299,313,612
1150730,63,62,125
1150731,137,140,277
1150732,133,141,274
1150733,131,127,258
1150734,157,149,306
1150735,233,212,445
1150736,193,227,420
1150737,151,152,303
1150738,104,125,229
1150739,236,234,470
1150740,230,226,456
1150741,224,216,440
1150742,165,172,337
1150743,144,143,287
1150744,128,130,258
1150745,274,277,551
1150746,136,158,294
1150747,243,271,514
1150748,286,302,588
1150749,181,168,349
1150750,245,258,503
1150751,186,189,375
1150752,263,289,552
1150753,262,237,499
1150754,202,222,424
1150755,202,216,418
1150756,146,133,279
1150757,144,145,289
1150758,251,240,491
1150759,227,248,475
1150760,146,148,294
1150761,223,268,491
1150762,167,141,308
1150763,184,171,355
1150764,178,193,371
1150765,350,316,666
1150766,167,166,333
1150767,219,249,468
1150768,150,155,305
1150769,164,155,319
1150770,319,348,667
1150771,152,169,321
1150801,205,211,416
1150802,413,411,824
1150803,383,384,767
1150804,146,141,287
1150805,262,287,549
1150806,248,271,519
1150807,301,287,588
1150808,241,259,500
1150809,240,249,489
1150810,236,232,468
1150811,282,272,554
1150812,325,347,672
1150813,295,303,598
1150814,252,266,518
1150815,139,131,270
1150816,170,166,336
1150817,174,188,362
1150818,175,172,347
1150819,279,236,515
1150820,264,265,529
1150821,230,243,473
1150822,141,136,277
1150823,192,208,400
1150824,209,221,430
1150825,174,163,337
1150826,239,238,477
1150827,225,222,447
1150828,296,322,618
1150829,210,244,454
1150830,184,203,387
1150831,207,217,424
1150832,485,488,973
1150833,241,226,467
1150834,220,248,468
1150835,144,123,267
1150836,254,251,505
1150837,149,177,326
1150838,172,179,351
1150839,231,207,438
1150901,110,110,220
1150902,321,306,627
1150903,232,231,463
1150904,224,210,434
1150905,197,225,422
1150906,251,245,496
1150907,279,235,514
1150908,247,252,499
1150909,348,373,721
1150910,259,253,512
1150911,235,238,473
1150912,215,225,440
1150913,261,276,537
1150914,185,202,387
1150915,292,313,605
1150916,155,150,305
1150917,167,171,338
1150918,161,172,333
1150919,259,279,538
1150920,304,297,601
1150921,152,173,325
1150922,198,209,407
1150923,177,177,354
1150924,162,184,346
1150925,242,235,477
1150926,114,126,240
1150927,161,167,328
1150928,14,4,18
1150929,202,229,431
1150930,189,169,358
1150931,169,180,349
1150932,150,207,357
1150933,223,226,449
1150934,116,126,242
1150935,198,277,475
1150936,274,314,588
1151001,241,250,491
1151002,151,161,312
1151003,163,147,310
1151004,233,278,511
1151005,262,255,517
1151006,279,282,561
1151007,242,231,473
1151008,176,168,344
1151009,209,194,403
1151010,127,113,240
1151011,154,161,315
1151012,159,149,308
1151013,178,151,329
1151014,231,237,468
1151015,147,150,297
1151016,203,192,395
1151017,232,227,459
1151018,236,239,475
1151019,257,252,509
1151020,107,106,213
1151021,172,177,349
1151022,164,149,313
1151023,0,0,0
1151024,249,203,452
1151025,0,3,3
1151026,141,151,292
1151027,168,180,348
1151028,95,79,174
1151029,164,178,342
1151030,269,232,501
1151031,245,259,504
1151032,173,186,359
1151033,264,286,550
1151034,205,203,408
1151035,146,135,281
1151036,291,298,589
1151037,221,214,435
1151038,165,158,323
1151039,173,181,354
1151040,162,141,303
1151041,136,146,282
1151042,180,180,360
1151043,102,127,229
1151044,229,265,494
1151045,284,271,555
1151046,214,199,413
1151047,225,204,429
1151048,198,188,386
1151049,128,144,272
1151101,244,250,494
1151102,3,10,13
1151103,219,191,410
1151104,156,165,321
1151105,90,113,203
1151106,263,228,491
1151107,216,283,499
1151108,239,257,496
1151109,81,82,163
1151110,234,219,453
1151111,269,279,548
1151112,269,279,548
1151113,238,256,494
1151114,221,214,435
1151115,250,263,513
1151116,207,220,427
1151117,256,277,533
1151118,276,275,551
1151119,178,198,376
1151120,173,158,331
1151121,164,133,297
1151122,291,339,630
1151123,171,168,339
1151124,130,150,280
1151125,160,176,336
1151126,170,198,368
1151127,228,256,484
1151128,268,370,638
1151129,168,188,356
1151130,293,303,596
1151131,90,115,205
1151132,203,195,398
1151133,76,85,161
1151134,223,271,494
1151135,244,262,506
1151136,311,352,663
1151137,293,268,561
1151138,198,205,403
1151139,272,226,498
1151140,119,122,241
1151141,329,308,637
1151142,133,120,253
1151143,271,233,504
1151144,235,220,455
1151145,145,130,275
1151146,165,198,363
1151147,165,207,372
1151148,220,240,460
1151149,238,252,490
1151150,294,295,589
1151151,121,113,234
1151152,190,214,404
1151153,132,148,280
1151154,251,263,514
1151155,251,273,524
1151156,128,148,276
1151201,151,138,289
1151202,180,195,375
1151203,152,151,303
1151204,297,297,594
1151205,222,203,425
1151206,209,210,419
1151207,146,158,304
1151208,100,107,207
1151209,206,180,386
1151210,197,203,400
1151211,287,301,588
1151212,217,224,441
1151213,227,228,455
1151214,167,165,332
1151215,229,218,447
1151216,221,249,470
1151217,162,157,319
1151218,259,292,551
1151219,163,187,350
1151220,273,343,616
1151221,246,220,466
1151222,207,204,411
1151223,231,239,470
1151224,163,178,341
1151225,192,195,387
1151226,231,226,457
1151227,200,227,427
1151228,209,231,440
1151229,289,279,568
1151230,233,249,482
1151231,194,237,431
1151232,278,230,508
1151233,244,253,497
1151234,213,233,446
1151235,245,255,500
1151236,150,172,322
1151237,186,213,399
1151301,192,244,436
1151302,116,132,248
1151303,98,95,193
1151304,192,196,388
1151305,133,123,256
1151306,222,241,463
1151307,196,230,426
1151308,299,284,583
1151309,258,257,515
1151310,214,218,432
1151311,243,241,484
1151312,162,161,323
1151313,195,205,400
1151314,243,240,483
1151315,224,240,464
1151316,241,257,498
1151317,105,126,231
1151318,200,237,437
1151319,189,181,370
1151320,244,248,492
1151321,123,148,271
1151322,254,261,515
1151323,180,225,405
1151324,196,250,446
1151325,180,177,357
1151326,287,253,540
1151327,131,136,267
1151328,170,173,343
1151329,101,107,208
1151330,130,132,262
1151331,236,248,484
1151332,238,203,441
1151333,164,180,344
1151334,203,196,399
1151335,285,314,599
1151336,252,273,525
1151337,288,283,571
1151338,254,291,545
1151339,213,229,442
1151340,179,182,361
1151341,181,173,354
1151342,376,410,786
1151343,234,215,449
1151344,232,217,449
1151345,183,182,365
1151346,110,96,206
1151347,120,131,251
1151348,131,143,274
1151401,121,125,246
1151402,197,218,415
1151403,237,231,468
1151404,116,106,222
1151405,268,279,547
1151406,230,242,472
1151407,314,317,631
1151408,190,197,387
1151409,142,138,280
1151410,258,243,501
1151411,133,148,281
1151412,255,253,508
1151413,241,220,461
1151414,260,268,528
1151415,204,195,399
1151416,241,252,493
1151417,291,312,603
1151418,226,229,455
1151419,163,187,350
1151420,206,213,419
1151421,199,178,377
1151422,195,207,402
1151501,168,159,327
1151502,192,204,396
1151503,116,137,253
1151504,263,280,543
1151505,168,172,340
1151506,148,142,290
1151507,165,219,384
1151508,105,101,206
1151509,237,268,505
1151510,152,130,282
1151511,158,159,317
1151512,324,314,638
1151513,107,102,209
1151514,148,152,300
1151515,226,257,483
1151516,215,214,429
1151517,294,293,587
1151518,120,140,260
1151519,154,170,324
1151520,251,248,499
1151521,166,156,322
1151522,159,166,325
1151523,200,194,394
1151524,149,152,301
1151525,141,162,303
1151526,153,189,342
1151527,165,184,349
1151528,200,221,421
1151529,203,175,378
1151530,143,132,275
1151531,220,247,467
1151532,249,226,475
1151533,214,238,452
1151534,353,357,710
1151535,159,171,330
1151536,184,183,367
1151537,140,155,295
1151538,180,195,375
1151539,127,132,259
1151540,124,146,270
1151541,282,274,556
1151542,161,157,318
1151543,228,246,474
1151544,238,292,530
1151601,195,201,396
1151602,200,220,420
1151603,313,328,641
1151604,205,226,431
1151605,300,287,587
1151606,180,180,360
1151607,252,275,527
1151608,264,254,518
1151609,195,205,400
1151610,230,232,462
1151611,239,229,468
1151612,258,283,541
1151613,231,234,465
1151614,285,321,606
1151615,240,254,494
1151616,192,218,410
1151617,161,157,318
1151618,209,227,436
1151619,280,292,572
1151620,186,202,388
1151621,241,305,546
1151622,261,251,512
1151623,254,257,511
1151624,211,287,498
1151625,276,295,571
1151626,274,274,548
1151627,246,261,507
1151628,210,208,418
1151629,142,144,286
1151630,185,189,374
1151631,223,243,466
1151632,150,142,292
1151633,199,217,416
1151634,231,267,498
1151635,288,282,570
1151636,101,83,184
1151637,168,157,325
1151638,202,237,439
1151701,181,166,347
1151702,187,209,396
1151703,143,123,266
1151704,288,261,549
1151705,236,232,468
1151706,170,160,330
1151707,161,155,316
1151708,203,231,434
1151709,258,245,503
1151710,168,197,365
1151711,225,262,487
1151712,315,382,697
1151713,177,191,368
1151714,158,174,332
1151715,198,191,389
1151716,0,0,0
1151717,240,251,491
1151718,136,138,274
1151719,144,151,295
1151720,113,115,228
1151721,108,123,231
1151801,207,204,411
1151802,281,242,523
1151803,197,191,388
1151804,164,151,315
1151805,232,228,460
1151806,181,149,330
1151807,155,144,299
1151808,136,188,324
1151809,104,94,198
1151810,145,131,276
1151811,218,234,452
1151812,178,161,339
1151901,228,226,454
1151902,225,224,449
1151903,188,188,376
1151904,259,288,547
1151905,303,326,629
1151906,235,232,467
1151907,170,153,323
1151908,91,104,195
1151909,214,238,452
1151910,146,154,300
1151911,133,123,256
1151912,348,301,649
1151913,174,164,338
1151914,271,280,551
1151915,229,290,519
1151916,145,143,288
1151917,180,186,366
1151918,212,200,412
1151919,372,414,786
1151920,327,335,662
1151921,203,183,386
1151922,106,109,215
1151923,308,297,605
1151924,142,166,308
1151925,356,282,638
1151926,167,191,358
1151927,158,149,307
1151928,245,251,496
1151929,199,207,406
1151930,248,241,489
1151931,128,138,266
1151932,179,171,350
1151933,280,247,527
1151934,229,192,421
1151935,131,143,274
1151936,177,191,368
1151937,240,248,488
1151938,277,291,568
1151939,264,257,521
1151940,6,7,13
1152001,222,218,440
1152002,272,274,546
1152003,187,172,359
1152004,258,258,516
1152005,160,153,313
1152006,129,137,266
1152007,139,152,291
1152008,173,191,364
1152009,256,296,552
1152010,218,226,444
1152011,233,211,444
1152012,146,157,303
1152013,133,124,257
1152014,150,187,337
1152015,161,162,323
1152016,170,176,346
1152017,255,273,528
1152018,161,180,341
1152019,198,221,419
1152020,250,289,539
1152021,281,282,563
1152022,238,268,506
1152023,195,170,365
1152024,320,326,646
1152025,180,175,355
1152026,138,128,266
1152101,14,9,23
1152201,245,290,535
1152202,249,237,486
1152203,0,0,0
1152204,267,277,544
1152205,0,3,3
1152206,248,267,515
1152207,212,211,423
1152208,218,234,452
1152209,159,183,342
1152210,270,271,541
1152211,325,346,671
1152212,179,183,362
1152213,147,134,281
1152214,210,210,420
1152215,190,214,404
1152216,182,185,367
1152217,157,171,328
1152218,212,236,448
1152219,264,366,630
1152220,158,170,328
1152221,113,119,232
1152222,213,201,414
1152223,252,254,506
1152224,223,220,443
1152225,268,293,561
1152226,327,329,656
1152227,150,174,324
1152228,225,194,419
1152229,168,184,352
1152230,225,258,483
1152231,128,133,261
1152232,165,159,324
1152233,298,306,604
1152234,187,198,385
1152235,104,117,221
1152236,217,215,432
1152301,0,0,0
1152302,204,204,408
1152303,410,422,832
1152304,292,300,592
1152305,193,217,410
1152306,227,228,455
1152307,0,0,0
1152308,88,91,179
1152309,3,0,3
1152310,207,206,413
1152311,301,315,616
1152312,231,232,463
1152313,148,166,314
1152314,227,209,436
1152315,141,149,290
1152316,287,283,570
1152317,150,154,304
1152318,220,208,428
1152319,240,240,480
1152320,228,210,438
1152321,293,324,617
1152322,181,200,381
1152323,162,155,317
1152324,157,191,348
1152325,0,3,3
1152326,267,240,507
1152327,230,240,470
1152328,197,192,389
1152329,259,301,560
1152330,122,116,238
1152331,211,205,416
1152332,160,179,339
1152333,0,0,0
1152334,177,179,356
1152335,160,237,397
1152336,215,229,444
1152337,124,127,251
1152338,165,177,342
1152339,168,154,322
1152340,160,159,319
1152341,58,55,113
1152342,3,0,3
1152343,267,279,546
1152344,166,171,337
1152401,154,152,306
1152402,162,173,335
1152403,110,103,213
1152404,265,249,514
1152405,233,221,454
1152406,188,189,377
1152407,206,203,409
1152408,176,168,344
1152409,182,196,378
1152410,143,137,280
1152411,166,153,319
1152412,316,304,620
1152413,283,271,554
1152414,143,160,303
1152415,159,169,328
1152416,165,164,329
1152417,214,202,416
1152418,303,309,612
1152419,285,259,544
1152420,152,145,297
1152421,253,283,536
1152422,199,185,384
1152423,260,260,520
1152424,181,165,346
1152425,238,244,482
1152426,202,210,412
1152427,303,305,608
1152428,198,218,416
1152429,189,215,404
1152430,211,236,447
1152431,0,0,0
1152432,144,136,280
1152433,138,150,288
1152434,355,33,388
1152435,314,276,590
1152436,155,143,298
1152437,110,4,114
1152438,305,300,605
1152439,147,151,298
1152440,354,373,727
1152441,190,186,376
1152442,3,3,6
1152443,150,161,311
1152444,150,159,309
1152445,199,204,403
1152446,123,123,246
1152447,221,215,436
1152448,244,270,514
1152449,230,354,584
1152450,144,153,297
1152501,150,158,308
1152502,124,137,261
1152503,200,240,440
1152504,253,274,527
1152505,163,168,331
1152506,260,267,527
1152507,244,270,514
1152508,184,189,373
1152509,303,304,607
1152510,280,315,595
1152511,187,185,372
1152512,213,218,431
1152513,270,274,544
1152514,245,258,503
1152515,208,199,407
1152516,259,273,532
1152517,227,255,482
1152518,520,553,1073
1152519,130,156,286
1152520,287,232,519
1152521,242,273,515
1152522,233,339,572
1152523,247,232,479
1152524,222,222,444
1152525,245,231,476
1152526,234,237,471
1152527,165,165,330
1152528,298,309,607
1152529,252,243,495
1152530,278,264,542
1152531,260,232,492
1152532,144,146,290
1152533,210,215,425
1152534,142,170,312
1152535,267,229,496
1152536,223,261,484
1152537,200,179,379
1152538,168,176,344
1152539,252,258,510
1152540,170,204,374
1152541,252,264,516
1152542,7,0,7
1152543,158,159,317
1152544,173,197,370
1152545,180,170,350
1152546,327,336,663
1152547,248,245,493
1152548,236,229,465
1152549,282,297,579
1152550,6,3,9
1152551,127,107,234
1152552,135,127,262
1152553,343,315,658
1152554,321,253,574
1152555,292,273,565
1152556,279,298,577
1152557,132,126,258
1152558,256,266,522
1152559,264,262,526
1152560,199,224,423
1152561,0,0,0
1152562,275,271,546
1152563,286,256,542
1152564,220,226,446
1152601,239,243,482
1152602,146,175,321
1152603,248,279,527
1152604,150,132,282
1152605,196,198,394
1152606,136,124,260
1152607,232,197,429
1152608,113,114,227
1152609,147,173,320
1152610,315,307,622
1152611,193,188,381
1152612,254,285,539
1152613,231,234,465
1152614,229,205,434
1152615,203,199,402
1152616,254,274,528
1152617,100,94,194
1152618,260,272,532
1152619,193,207,400
1152620,49,28,77
1152621,9,6,15
1152622,215,200,415
1152623,133,145,278
1152624,194,202,396
1152625,247,245,492
1152626,355,320,675
1152627,202,213,415
1152628,208,210,418
1152629,224,228,452
1152630,196,201,397
1152631,196,213,409
1152632,229,237,466
1152633,329,362,691
1152634,243,239,482
1152635,129,132,261
1152636,224,225,449
1152637,199,207,406
1152638,246,263,509
1152639,171,172,343
1152640,223,223,446
1152641,345,331,676
1152642,207,191,398
1152643,92,87,179
1152644,251,252,503
1152645,133,137,270
1152646,373,393,766
1152647,253,259,512
1152648,220,204,424
1152649,165,157,322
1152650,361,341,702
1152651,154,144,298
1152652,231,262,493
1152653,407,418,825
1152654,262,268,530
1152655,378,411,789
1152656,241,227,468
1152657,224,229,453
1152658,226,349,575
1152659,144,158,302
1152701,125,131,256
1152702,205,224,429
1152703,214,225,439
1152704,172,186,358
1152705,136,142,278
1152706,327,361,688
1152707,300,295,595
1152708,238,247,485
1152709,154,185,339
1152710,186,224,410
1152711,203,302,505
1152712,200,224,424
1152713,151,161,312
1152714,206,207,413
1152715,0,0,0
1152716,286,282,568
1152717,8,3,11
1152718,164,165,329
1152719,158,165,323
1152720,195,213,408
1152721,126,144,270
1152722,241,254,495
1152723,120,135,255
1152724,144,140,284
1152725,273,281,554
1152726,170,189,359
1152727,185,206,391
1152728,169,187,356
1152729,229,205,434
1152730,200,237,437
1152731,180,204,384
1152732,188,187,375
1152733,300,292,592
1152734,221,213,434
1152735,208,215,423
1152736,237,226,463
1152737,211,214,425
1152738,196,234,430
1152739,150,146,296
1152740,196,212,408
1152741,190,208,398
1152742,254,232,486
1152743,197,200,397
1152744,193,198,391
1152745,159,180,339
1152746,193,184,377
1152747,228,228,456
1152748,174,191,365
1152749,238,279,517
1152750,187,178,365
1152751,164,176,340
1152752,212,239,451
1152753,230,271,501
1152754,199,236,435
1152755,157,191,348
1152756,209,297,506
1152757,276,284,560
1152758,190,260,450
1152759,221,223,444
1152760,225,247,472
1152761,106,109,215
1152762,215,214,429
1152763,128,90,218
1152764,236,269,505
1152801,153,152,305
1152802,93,105,198
1152803,159,163,322
1152804,201,249,450
1152805,242,286,528
1152806,0,0,0
1152807,166,174,340
1152808,143,148,291
1152809,102,123,225
1152810,145,135,280
1152811,136,126,262
1152812,128,135,263
1152813,149,168,317
1152814,0,0,0
1152815,0,0,0
1152816,0,0,0
1152817,151,146,297
1152818,106,116,222
1152819,198,195,393
1152820,113,123,236
1152821,325,331,656
1152822,273,290,563
1152823,207,201,408
1152824,256,252,508
1152825,177,176,353
1152826,184,200,384
1152827,231,211,442
1152828,154,144,298
1152829,174,192,366
1152830,159,171,330
1152831,184,176,360
1152832,111,109,220
1152833,198,219,417
1152834,180,186,366
1152835,79,86,165
1152836,114,109,223
1152837,142,148,290
1152838,146,149,295
1152839,211,220,431
1152840,172,269,441
1152841,139,151,290
1152842,228,264,492
1152843,174,185,359
1152844,193,202,395
1152845,177,144,321
1152846,270,270,540
1152847,154,157,311
1152848,142,170,312
1152849,0,0,0
1152850,225,238,463
1152851,197,206,403
1152852,189,192,381
1152853,268,223,491
1152854,281,259,540
1152855,176,163,339
1152856,405,370,775
1152857,263,298,561
1152858,175,149,324
1152859,285,286,571
1152860,156,170,326
1152861,0,0,0
1152862,0,0,0
1152863,166,207,373
1152864,241,239,480
1152865,128,126,254
1152866,172,157,329
1152867,154,166,320
1152868,232,233,465
1152869,273,279,552
1152870,194,175,369
1152871,211,217,428
1152872,190,219,409
1152873,115,154,269
1152874,263,282,545
1152875,172,172,344
1152876,177,189,366
1152877,227,263,490
1152878,220,168,388
1152879,163,125,288
1152880,187,151,338
1152881,290,284,574
1152882,207,184,391
1152883,94,84,178
1152884,195,183,378
1152901,171,170,341
1152902,213,221,434
1152903,223,223,446
1152904,255,278,533
1152905,209,199,408
1152906,219,208,427
1152907,153,162,315
1152908,342,334,676
1152909,171,166,337
1152910,175,171,346
1152911,199,215,414
1152912,289,275,564
1152913,139,158,297
1152914,185,205,390
1152915,137,148,285
1152916,186,162,348
1152917,204,228,432
1152918,182,210,392
1152919,230,250,480
1152920,155,171,326
1152921,222,230,452
1152922,197,224,421
1152923,148,202,350
1152924,166,181,347
1152925,197,243,440
1152926,206,256,462
1152927,228,230,458
1152928,190,219,409
1152929,206,234,440
1152930,227,211,438
1152931,226,245,471
1152932,263,254,517
1152933,142,177,319
1152934,246,261,507
1152935,242,244,486
1152936,198,216,414
1152937,198,224,422
1152938,221,232,453
1152939,145,147,292
1152940,266,284,550
1153001,225,233,458
1153002,182,223,405
1153003,241,231,472
1153004,145,202,347
1153005,176,159,335
1153006,231,262,493
1153007,189,187,376
1153008,277,296,573
1153009,129,134,263
1153010,270,246,516
1153011,227,221,448
1153012,256,287,543
1153013,139,151,290
1153014,231,233,464
1153015,161,150,311
1153016,217,224,441
1153017,145,150,295
1153018,208,211,419
1153019,187,223,410
1153020,73,76,149
1153021,190,192,382
1153022,257,236,493
1153023,259,255,514
1153024,201,226,427
1153025,201,215,416
1153026,207,259,466
1153027,218,233,451
1153028,237,266,503
1153029,280,305,585
1153030,131,116,247
1153031,262,313,575
1153032,247,268,515
1153033,160,163,323
1153034,258,260,518
1153035,162,202,364
1153036,291,324,615
1153037,239,267,506
1153038,289,321,610
1153039,293,326,619
1153040,217,237,454
1153101,0,0,0
1153102,0,0,0
1153103,193,188,381
1153104,104,103,207
1153105,294,336,630
1153106,174,210,384
1153107,176,192,368
1153108,140,153,293
1153109,220,231,451
1153110,280,296,576
1153111,186,218,404
1153112,149,286,435
1153113,259,274,533
1153114,201,230,431
1153115,296,296,592
1153116,239,257,496
1153117,255,283,538
1153118,219,215,434
1153119,143,134,277
1153120,196,207,403
1153121,214,221,435
1153122,242,262,504
1153123,305,429,734
1153124,180,194,374
1153125,190,188,378
1153126,193,201,394
1153127,209,200,409
1153128,150,158,308
1153129,152,146,298
1153130,191,224,415
1153131,216,222,438
1153132,135,153,288
1153133,170,206,376
1153134,221,242,463
1153135,205,204,409
1153136,284,283,567
1153137,224,260,484
1153201,189,172,361
1153202,293,289,582
1153203,184,183,367
1153204,206,215,421
1153205,245,224,469
1153206,171,171,342
1153207,216,209,425
1153208,4,0,4
1153209,208,220,428
1153210,5,0,5
1153211,106,95,201
1153212,108,127,235
1153213,113,135,248
1153214,251,311,562
1153215,95,108,203
1153216,186,177,363
1153217,163,172,335
1153218,204,247,451
1153219,162,159,321
1153220,266,258,524
1153221,266,271,537
1153222,127,126,253
1153223,209,230,439
1153224,198,177,375
1153225,315,320,635
1153226,254,257,511
1153227,119,138,257
1153228,225,227,452
1153229,0,0,0
1153230,186,180,366
1153231,234,227,461
1153232,240,222,462
1153233,0,0,0
1153234,291,295,586
1153235,229,267,496
1153236,268,295,563
1153237,122,126,248
1153238,264,258,522
1153239,285,318,603
1153240,207,197,404
1153241,211,191,402
1153242,215,220,435
1153243,315,309,624
1153244,233,230,463
1153245,217,221,438
1153246,254,216,470
1153247,297,310,607
1153248,221,223,444
1153249,334,287,621
1153250,246,238,484
1153251,201,242,443
1153252,305,296,601
1153253,201,223,424
1153254,158,164,322
1153255,219,199,418
1153256,124,130,254
1153257,271,255,526
1153258,182,180,362
1153259,207,197,404
1153260,136,152,288
1153261,259,244,503
1153262,256,266,522
1153263,250,234,484
1153264,227,204,431
1153265,197,191,388
1153266,323,325,648
1153267,168,161,329
1153268,163,200,363
1153301,124,121,245
1153302,177,185,362
1153303,234,230,464
1153304,8,7,15
1153305,248,235,483
1153306,233,398,631
1153307,108,99,207
1153308,303,279,582
1153309,282,295,577
1153310,148,120,268
1153311,125,144,269
1153312,177,202,379
1153313,115,129,244
1153314,217,197,414
1153315,167,178,345
1153316,184,189,373
1153317,136,134,270
1153318,154,179,333
1153401,172,166,338
1153402,0,0,0
1153403,161,185,346
1153404,209,221,430
1153405,197,188,385
1153406,255,238,493
1153407,147,135,282
1153408,253,286,539
1153409,245,250,495
1153410,111,104,215
1153411,135,132,267
1153412,208,203,411
1153413,125,111,236
1153414,279,269,548
1153415,191,187,378
1153416,221,218,439
1153417,3,0,3
1153418,159,185,344
1153419,220,234,454
1153420,238,228,466
1153421,0,0,0
1153422,122,120,242
1153423,217,223,440
1153424,302,277,579
1153425,157,167,324
1153426,139,146,285
1153427,120,126,246
1153428,122,108,230
1153429,144,145,289
1153430,127,138,265
1153431,146,140,286
1153432,189,183,372
1153501,179,183,362
1153502,246,245,491
1153503,204,209,413
1153504,231,207,438
1153505,4,7,11
1153506,298,293,591
1153507,230,212,442
1153508,153,193,346
1153509,191,169,360
1153510,179,171,350
1153511,145,120,265
1153512,242,218,460
1153513,289,280,569
1153514,200,223,423
1153515,191,237,428
1153516,0,0,0
1153517,0,0,0
1153518,169,186,355
1153519,303,279,582
1153520,81,118,199
1153521,180,198,378
1153522,290,303,593
1153523,187,196,383
1153524,144,140,284
1153525,289,260,549
1153526,243,221,464
1153527,148,145,293
1153528,148,182,330
1153529,276,280,556
1153530,216,238,454
1153531,118,116,234
1153532,282,275,557
1153533,87,93,180
1153534,246,254,500
1153535,223,196,419
1153536,237,235,472
1153537,0,0,0
1153538,147,182,329
1153539,93,164,257
1153540,107,116,223
1153541,187,198,385
1153542,220,206,426
1153543,242,250,492
1153544,199,166,365
1153545,171,198,369
1153546,106,131,237
1153547,246,269,515
1153548,137,145,282
1153549,151,194,345
1153550,203,199,402
1153551,183,178,361
1153552,170,169,339
1153553,186,194,380
1153554,246,277,523
1153555,193,178,371
1153556,242,209,451
1153557,145,138,283
1153601,101,96,197
1153602,171,161,332
1153603,162,174,336
1153604,176,171,347
1153605,177,177,354
1153606,217,217,434
1153607,160,183,343
1153608,144,134,278
1153609,210,217,427
1153610,279,292,571
1153611,240,230,470
1153612,123,115,238
1153613,143,150,293
1153614,194,171,365
1153615,104,87,191
1153616,181,197,378
1153617,297,310,607
1153618,292,297,589
1153619,174,182,356
1153620,272,320,592
1153621,236,252,488
1153622,306,312,618
1153623,165,187,352
1153624,289,264,553
1153625,233,252,485
1153626,221,189,410
1153627,129,158,287
1153628,182,175,357
1153629,146,161,307
1153630,182,174,356
1153631,288,290,578
1153632,201,209,410
1153633,214,253,467
1153634,205,242,447
1153635,160,141,301
1153636,175,153,328
1153637,225,242,467
1153638,255,266,521
1153639,215,198,413
1153640,192,198,390
1153641,191,217,408
1153642,250,267,517
1153643,289,387,676
1153644,274,290,564
1153645,238,253,491
1153646,190,203,393
1153647,257,263,520
1153648,176,163,339
1153649,234,255,489
1153701,9,8,17
1153801,179,219,398
1153802,135,149,284
1153803,219,234,453
1153804,129,146,275
1153805,4,0,4
1153806,169,199,368
1153807,3,0,3
1153808,185,189,374
1153809,214,219,433
1153810,174,158,332
1153811,0,0,0
1153812,161,174,335
1153813,203,221,424
1153814,149,157,306
1153815,221,234,455
1153816,136,185,321
1153817,257,234,491
1153818,8,10,18
1153819,0,0,0
1153820,135,148,283
1153821,191,198,389
1153822,129,161,290
1153823,232,237,469
1153824,3,3,6
1153825,145,199,344
1153826,230,230,460
1153827,168,186,354
1153828,206,214,420
1153829,158,138,296
1153830,140,157,297
1153831,271,264,535
1153832,256,281,537
1153833,178,206,384
1153834,150,180,330
1153835,184,300,484
1153836,276,322,598
1153837,288,346,634
1153838,229,226,455
1153839,144,157,301
1153840,107,106,213
1153841,217,228,445
1153842,110,122,232
1153843,343,359,702
1153844,224,265,489
1153845,299,302,601
1153846,192,219,411
1153847,319,351,670
1153848,176,204,380
1153849,170,175,345
1153850,211,215,426
1153851,121,153,274
1153852,182,177,359
1153853,345,332,677
1949999,7592,5326,12918
1979991,0,0,0
1979992,0,0,0
1979993,56,56,112
2100101,217,229,446
2100102,127,109,236
2100103,331,316,647
2100104,419,419,838
2100105,134,151,285
2100106,296,331,627
2100107,178,205,383
2100108,207,244,451
2100109,243,272,515
2100110,255,266,521
2100111,197,179,376
2100112,234,255,489
2100113,193,192,385
2100114,235,246,481
2100115,252,253,505
2100116,557,549,1106
2100117,35,31,66
2100201,257,298,555
2100202,162,187,349
2100203,197,240,437
2100204,159,171,330
2100205,265,284,549
2100206,276,201,477
2100207,182,205,387
2100208,238,292,530
2100209,0,0,0
2100210,0,0,0
2100211,220,258,478
2100212,163,141,304
2100213,199,249,448
2100214,190,219,409
2100215,233,284,517
2100216,183,211,394
2100217,144,177,321
2100218,169,196,365
2100219,97,83,180
2100220,130,131,261
2100221,153,117,270
2100222,227,249,476
2100223,237,326,563
2100224,211,251,462
2100225,113,137,250
2100226,125,112,237
2100227,148,196,344
2100228,120,150,270
2100229,155,176,331
2100230,168,182,350
2100231,197,211,408
2100232,147,168,315
2100233,166,179,345
2100234,77,96,173
2100301,93,98,191
2100302,182,181,363
2100303,145,153,298
2100304,174,191,365
2100305,287,304,591
2100306,107,128,235
2100307,135,170,305
2100308,201,205,406
2100309,247,297,544
2100310,224,258,482
2100311,234,216,450
2100312,299,298,597
2100313,242,262,504
2100314,219,252,471
2100315,275,272,547
2100316,241,360,601
2100317,203,210,413
2100318,262,278,540
2100319,174,243,417
2100320,185,213,398
2100321,195,216,411
2100322,274,343,617
2100323,142,172,314
2100324,158,203,361
2100325,174,161,335
2100326,338,323,661
2100327,346,373,719
2100328,246,292,538
2100329,316,343,659
2100330,277,323,600
2100331,235,264,499
2100332,224,243,467
2100333,332,364,696
2100334,213,246,459
2100335,250,287,537
2100336,0,0,0
2100337,207,206,413
2100338,96,90,186
2100339,117,130,247
2100340,247,284,531
2100341,152,135,287
2100342,260,264,524
2100343,143,141,284
2100344,157,249,406
2100345,178,182,360
2100346,153,167,320
2100347,206,187,393
2100348,130,138,268
2100349,230,250,480
2100350,150,172,322
2100351,199,231,430
2100401,257,273,530
2100402,243,329,572
2100403,457,513,970
2100404,177,204,381
2100405,324,351,675
2100406,130,135,265
2100407,228,264,492
2100408,239,265,504
2100409,215,206,421
2100410,187,205,392
2100411,206,226,432
2100412,297,344,641
2100413,3,0,3
2100414,137,129,266
2100415,148,161,309
2100416,223,259,482
2100417,227,243,470
2100418,137,135,272
2100419,310,311,621
2100420,272,301,573
2100421,225,245,470
2100422,232,243,475
2100423,112,132,244
2100424,226,261,487
2100425,274,272,546
2100426,194,210,404
2100427,177,207,384
2100428,192,202,394
2100429,148,189,337
2100430,226,265,491
2100431,207,225,432
2100432,189,261,450
2100433,159,204,363
2100434,275,274,549
2100435,158,193,351
2100436,267,276,543
2100437,210,190,400
2100438,327,345,672
2100439,286,288,574
2100440,194,196,390
2100441,294,341,635
2100442,177,198,375
2100443,29,28,57
2100444,167,161,328
2100445,266,345,611
2100446,157,166,323
2100447,215,211,426
2100448,173,166,339
2100449,121,163,284
2100450,382,393,775
2100451,223,216,439
2100501,157,180,337
2100502,340,331,671
2100503,371,398,769
2100504,233,257,490
2100505,159,164,323
2100506,288,264,552
2100507,166,200,366
2100508,194,193,387
2100509,124,112,236
2100510,173,144,317
2100511,146,142,288
2100512,148,142,290
2100513,180,167,347
2100514,96,77,173
2100515,183,189,372
2100516,175,171,346
2100517,174,152,326
2100601,213,268,481
2100602,215,234,449
2100603,185,193,378
2100604,184,194,378
2100605,276,297,573
2100606,183,183,366
2100607,139,122,261
2100608,94,94,188
2100609,419,485,904
2100610,208,231,439
2100611,179,207,386
2100612,254,266,520
2100613,150,153,303
2100614,60,65,125
2100701,240,218,458
2100702,178,173,351
2100703,191,175,366
2100704,223,213,436
2100705,220,213,433
2100706,266,241,507
2100707,257,249,506
2100708,191,197,388
2100709,187,165,352
2100801,149,170,319
2100802,107,106,213
2100803,280,263,543
2100804,185,177,362
2100805,176,178,354
2100806,212,250,462
2100807,176,188,364
2100808,3,4,7
2100809,250,264,514
2100810,240,264,504
2100811,115,117,232
2100812,150,175,325
2100813,144,160,304
2100814,0,0,0
2100815,175,188,363
2100816,148,168,316
2100817,130,130,260
2100818,213,222,435
2100819,740,765,1505
2100820,218,217,435
2100821,208,239,447
2100822,126,152,278
2100823,271,311,582
2100824,228,326,554
2100825,159,201,360
2100826,215,253,468
2100827,234,266,500
2100828,186,193,379
2100829,139,141,280
2100830,190,210,400
2100831,171,215,386
2100832,271,284,555
2100833,282,286,568
2100834,138,158,296
2100835,180,163,343
2100901,257,277,534
2100902,136,130,266
2100903,225,187,412
2100904,116,105,221
2100905,157,140,297
2100906,133,120,253
2100907,173,179,352
2100908,168,144,312
2100909,176,176,352
2100910,146,138,284
2100911,133,134,267
2100912,168,158,326
2100913,153,154,307
2100914,99,119,218
2100915,135,147,282
2100916,179,206,385
2100917,240,236,476
2101001,196,185,381
2101002,230,231,461
2101003,136,170,306
2101004,152,128,280
2101005,100,157,257
2101006,210,227,437
2101007,183,172,355
2101008,193,218,411
2101009,108,102,210
2101010,152,149,301
2101011,150,150,300
2101012,216,229,445
2101013,177,195,372
2101014,140,141,281
2101015,158,160,318
2101016,141,138,279
2101017,155,140,295
2101018,191,164,355
2101019,274,280,554
2101020,274,293,567
2101021,125,132,257
2101101,213,210,423
2101102,84,90,174
2101103,142,141,283
2101104,126,106,232
2101105,142,111,253
2101106,197,210,407
2101107,224,231,455
2101108,102,139,241
2101109,137,171,308
2101110,159,141,300
2101111,121,165,286
2101112,240,277,517
2101113,226,233,459
2101114,138,176,314
2101115,198,279,477
2101116,155,188,343
2101117,148,177,325
2101118,137,165,302
2101119,155,154,309
2101120,172,153,325
2101121,148,150,298
2101122,185,209,394
2101123,157,162,319
2101124,129,116,245
2101125,202,196,398
2101201,158,166,324
2101202,95,73,168
2101203,202,198,400
2101204,121,119,240
2101205,187,172,359
2101206,138,133,271
2101207,133,124,257
2101208,142,120,262
2101209,186,173,359
2101210,214,191,405
2101211,206,179,385
2101212,115,98,213
2101213,168,157,325
2101214,186,192,378
2101215,123,103,226
2101216,198,177,375
2101217,221,243,464
2101301,242,216,458
2101302,107,122,229
2101303,152,134,286
2101304,218,201,419
2101305,210,200,410
2101306,141,144,285
2101307,123,113,236
2101308,236,219,455
2101309,133,132,265
2101310,129,127,256
2101401,188,216,404
2101402,113,165,278
2101403,197,204,401
2101404,212,194,406
2101405,128,124,252
2101406,258,136,394
2101407,157,137,294
2101408,215,196,411
2101409,120,110,230
2101410,82,72,154
2101411,137,156,293
2101412,153,156,309
2101413,8,4,12
2101501,275,260,535
2101502,141,157,298
2101503,196,159,355
2101504,120,108,228
2101505,211,208,419
2101506,197,161,358
2101507,257,236,493
2101508,116,124,240
2101509,198,196,394
2101510,102,101,203
2101511,124,120,244
2101512,149,138,287
2101601,100,102,202
2101602,257,281,538
2101603,186,198,384
2101604,184,192,376
2101605,132,133,265
2101606,217,220,437
2101607,229,205,434
2101608,167,157,324
2101609,169,221,390
2101610,242,258,500
2101611,91,80,171
2101612,221,247,468
2101613,235,284,519
2101614,178,195,373
2101615,138,115,253
2101616,203,225,428
2101617,155,169,324
2101618,107,137,244
2101619,198,222,420
2101620,139,154,293
2101621,140,136,276
2101701,185,176,361
2101702,132,139,271
2101703,141,115,256
2101704,158,142,300
2101705,148,136,284
2101706,137,125,262
2101707,224,236,460
2101708,134,124,258
2101709,218,215,433
2101710,263,219,482
2101711,172,185,357
2101712,261,239,500
2101713,147,112,259
2101714,158,162,320
2101715,137,122,259
2101801,263,282,545
2101802,125,139,264
2101803,218,238,456
2101804,79,167,246
2101805,214,238,452
2101806,176,240,416
2101807,198,217,415
2101808,93,97,190
2101809,194,198,392
2101810,154,159,313
2101811,195,230,425
2101812,147,170,317
2101813,216,223,439
2101814,133,116,249
2101815,278,255,533
2101816,206,240,446
2101817,219,239,458
2101818,177,204,381
2101819,128,126,254
2101820,94,110,204
2101821,159,177,336
2101822,180,172,352
2101823,174,180,354
2101824,218,249,467
2101825,153,175,328
2101826,147,145,292
2101827,208,259,467
2101828,190,228,418
2101829,100,92,192
2101830,298,355,653
2101831,256,269,525
2101832,206,192,398
2101833,222,235,457
2101834,184,178,362
2101835,258,288,546
2101836,133,131,264
2101837,238,251,489
2101838,115,103,218
2101901,250,271,521
2101902,269,336,605
2101903,145,185,330
2101904,234,272,506
2101905,244,318,562
2101906,44,47,91
2101907,201,194,395
2101908,255,276,531
2101909,331,333,664
2101910,203,218,421
2101911,152,164,316
2101912,137,163,300
2101913,202,220,422
2101914,249,258,507
2101915,187,187,374
2101916,148,182,330
2101917,63,99,162
2101918,145,139,284
2101919,263,213,476
2101920,325,314,639
2101921,251,258,509
2101922,281,300,581
2101923,130,136,266
2101924,159,177,336
2102001,147,148,295
2102002,92,120,212
2102003,139,149,288
2102004,179,188,367
2102005,235,272,507
2102006,179,212,391
2102007,118,133,251
2102008,84,98,182
2102009,165,174,339
2102010,188,202,390
2102011,284,302,586
2102012,148,167,315
2102013,152,152,304
2102014,118,129,247
2102015,168,184,352
2102016,117,140,257
2102017,123,146,269
2102018,262,260,522
2102019,284,305,589
2102020,109,132,241
2102021,238,238,476
2102022,122,133,255
2102023,120,108,228
2102024,176,182,358
2102025,297,295,592
2102026,219,248,467
2102027,84,137,221
2102028,202,228,430
2102029,216,234,450
2102030,223,233,456
2102031,252,305,557
2102032,172,199,371
2102033,220,255,475
2102034,194,215,409
2102035,179,199,378
2102036,165,169,334
2102037,0,0,0
2102038,108,177,285
2102039,14,8,22
2102101,170,148,318
2102102,200,265,465
2102103,178,163,341
2102104,243,298,541
2102105,202,214,416
2102106,108,130,238
2102107,201,255,456
2102108,167,260,427
2102109,200,225,425
2102110,219,248,467
2102111,194,278,472
2102112,124,166,290
2102113,129,150,279
2102114,161,191,352
2102115,224,253,477
2102116,143,145,288
2102117,160,185,345
2102118,250,246,496
2102119,240,265,505
2102120,156,169,325
2102121,135,151,286
2102122,103,93,196
2102123,0,0,0
2102124,5,4,9
2102125,171,197,368
2102126,211,205,416
2102127,0,0,0
2102201,203,237,440
2102202,242,297,539
2102203,106,153,259
2102204,158,195,353
2102205,190,197,387
2102206,178,219,397
2102207,187,224,411
2102208,220,229,449
2102209,220,250,470
2102210,207,220,427
2102211,242,238,480
2102212,200,193,393
2102213,90,109,199
2102214,158,152,310
2102215,138,140,278
2102216,292,340,632
2102217,225,259,484
2102218,237,262,499
2102219,174,184,358
2102220,105,96,201
2102221,203,193,396
2102222,283,297,580
2102223,235,264,499
2102224,215,264,479
2102225,274,346,620
2102226,144,160,304
2102227,257,299,556
2102228,257,278,535
2102229,239,285,524
2102230,146,185,331
2102231,203,196,399
2102232,236,232,468
2102233,149,152,301
2102234,122,140,262
2102235,224,218,442
2102236,318,361,679
2102237,265,272,537
2102238,213,216,429
2102239,192,219,411
2102240,104,83,187
2102241,266,348,614
2102242,127,130,257
2102243,140,152,292
2102244,169,156,325
2102301,239,254,493
2102302,262,249,511
2102303,397,374,771
2102304,369,351,720
2102305,298,286,584
2102306,185,169,354
2102307,215,192,407
2102308,281,281,562
2102401,105,90,195
2102402,157,149,306
2102403,98,98,196
2102404,484,473,957
2102405,265,281,546
2102406,370,362,732
2102407,267,289,556
2102408,306,316,622
2102409,327,304,631
2102410,303,301,604
2102411,181,138,319
2102412,244,267,511
2102413,145,156,301
2102414,173,159,332
2102415,108,114,222
2102501,242,260,502
2102502,224,218,442
2102503,245,247,492
2102504,116,136,252
2102505,185,232,417
2102506,177,175,352
2102507,8,0,8
2102508,622,669,1291
2102509,222,213,435
2102510,174,198,372
2102511,158,176,334
2102512,147,137,284
2102513,336,346,682
2102514,212,208,420
2102515,119,107,226
2102516,142,143,285
2102517,239,245,484
2102518,302,289,591
2102519,190,187,377
2102520,239,246,485
2102601,156,160,316
2102602,156,131,287
2102603,245,241,486
2102604,187,187,374
2102605,148,166,314
2102606,91,84,175
2102607,196,199,395
2102608,171,180,351
2102609,137,128,265
2102610,145,142,287
2102611,240,228,468
2102612,202,205,407
2102613,246,253,499
2102614,111,119,230
2102615,143,139,282
2102616,153,147,300
2102617,67,64,131
2102618,166,159,325
2102619,154,146,300
2102701,162,195,357
2102702,171,177,348
2102703,400,0,400
2102704,147,200,347
2102705,170,208,378
2102706,205,234,439
2102707,126,124,250
2102708,290,319,609
2102709,142,150,292
2102710,136,149,285
2102711,149,163,312
2102712,155,165,320
2102713,188,226,414
2102714,148,166,314
2102715,200,247,447
2102716,101,138,239
2102717,169,197,366
2102718,187,237,424
2102719,191,218,409
2102720,151,169,320
2102721,249,259,508
2102722,127,136,263
2102723,110,142,252
2102724,104,112,216
2102725,167,202,369
2102726,217,239,456
2102727,199,197,396
2102801,119,121,240
2102802,268,244,512
2102803,180,160,340
2102804,134,119,253
2102805,174,157,331
2102806,133,139,272
2102807,161,139,300
2102808,199,194,393
2102809,78,117,195
2102810,207,244,451
2102811,155,134,289
2102812,87,99,186
2102813,159,151,310
2102814,158,162,320
2102815,232,232,464
2102816,186,164,350
2102817,109,115,224
2102818,159,172,331
2102819,122,119,241
2102820,215,218,433
2102821,112,118,230
2102822,119,126,245
2102823,154,169,323
2102824,207,184,391
2102825,75,72,147
2102826,208,203,411
2102901,228,245,473
2102902,128,134,262
2102903,119,97,216
2102904,148,138,286
2102905,141,124,265
2102906,144,137,281
2102907,251,216,467
2102908,176,166,342
2102909,143,150,293
2102910,173,172,345
2102911,183,170,353
2102912,150,163,313
2102913,101,73,174
2103001,197,190,387
2103002,180,172,352
2103003,236,231,467
2103004,244,212,456
2103005,139,144,283
2103006,150,145,295
2103007,176,174,350
2103008,100,102,202
2103009,172,183,355
2103010,161,172,333
2103011,167,116,283
2103012,215,244,459
2103013,231,248,479
2103014,105,116,221
2103015,179,179,358
2103016,197,224,421
2103017,305,293,598
2103018,215,305,520
2103019,273,295,568
2103020,311,344,655
2103021,210,230,440
2103022,0,3,3
2103023,155,173,328
2103101,225,260,485
2103102,299,336,635
2103103,185,191,376
2103104,255,233,488
2103105,266,273,539
2103106,132,159,291
2103107,264,259,523
2103108,150,158,308
2103109,105,104,209
2103110,138,126,264
2103111,199,192,391
2103112,123,139,262
2103113,198,219,417
2103114,119,140,259
2103115,204,266,470
2103116,204,292,496
2103201,242,252,494
2103202,175,179,354
2103203,137,124,261
2103204,151,152,303
2103205,171,179,350
2103206,227,173,400
2103207,241,216,457
2103208,129,136,265
2103209,161,167,328
2103210,108,89,197
2103211,142,155,297
2103212,64,73,137
2103213,150,162,312
2103301,215,227,442
2103302,186,177,363
2103303,122,95,217
2103304,164,140,304
2103305,155,152,307
2103306,192,166,358
2103307,188,158,346
2103308,162,154,316
2103309,144,154,298
2103310,138,110,248
2103311,68,72,140
2103312,167,157,324
2103313,225,184,409
2103314,179,195,374
2103315,178,202,380
2103316,181,173,354
2103317,245,222,467
2103318,188,194,382
2103319,108,103,211
2103320,94,115,209
2103321,151,157,308
2103322,136,135,271
2103401,239,270,509
2103402,253,211,464
2103403,199,206,405
2103404,250,239,489
2103405,125,124,249
2103406,404,439,843
2103407,267,259,526
2103408,112,142,254
2103409,255,246,501
2103410,66,78,144
2103411,169,150,319
2103501,130,159,289
2103502,182,185,367
2103503,280,266,546
2103504,132,137,269
2103505,226,220,446
2103506,233,234,467
2103507,152,151,303
2103508,120,114,234
2103509,206,197,403
2103510,185,185,370
2103511,158,158,316
2103512,297,289,586
2103513,228,205,433
2103514,234,235,469
2103515,145,132,277
2103516,230,212,442
2103601,120,158,278
2103602,295,275,570
2103603,178,164,342
2103604,184,189,373
2103605,145,132,277
2103606,103,97,200
2103607,237,217,454
2103608,130,122,252
2103609,129,146,275
2103610,169,167,336
2103611,193,183,376
2103612,144,155,299
2103613,155,130,285
2103614,180,168,348
2103615,228,224,452
2103616,275,296,571
2103701,226,232,458
2103702,276,280,556
2103703,188,171,359
2103704,201,223,424
2103705,239,250,489
2103706,149,181,330
2103707,263,243,506
2103708,0,0,0
2103709,278,262,540
2103710,145,204,349
2103711,290,302,592
2103712,213,241,454
2103713,159,168,327
2103714,156,146,302
2103715,223,260,483
2103716,240,233,473
2103717,250,293,543
2103718,177,186,363
2103719,147,164,311
2103720,200,212,412
2103721,178,198,376
2103722,246,247,493
2103723,228,279,507
2103724,258,291,549
2103725,143,159,302
2103726,221,257,478
2103727,302,323,625
2103728,136,193,329
2103729,253,290,543
2103730,201,250,451
2103731,254,241,495
2103732,122,100,222
2103801,220,226,446
2103802,116,132,248
2103803,144,135,279
2103804,193,221,414
2103805,126,145,271
2103806,157,199,356
2103807,118,134,252
2103808,177,161,338
2103809,156,178,334
2103810,297,278,575
2103811,219,272,491
2103812,129,154,283
2103813,306,306,612
2103814,132,145,277
2103815,120,136,256
2103816,166,191,357
2103817,174,188,362
2103818,198,216,414
2103819,150,150,300
2103820,207,199,406
2103821,137,155,292
2103822,192,200,392
2103823,201,219,420
2103824,113,123,236
2103825,216,235,451
2103826,239,222,461
2103827,170,150,320
2103828,117,159,276
2103829,300,308,608
2103830,171,184,355
2103831,181,217,398
2103832,217,222,439
2103833,155,155,310
2103834,133,157,290
2103835,108,114,222
2103836,172,179,351
2103837,118,136,254
2103838,192,195,387
2103839,158,174,332
2103840,153,158,311
2103841,131,117,248
2103842,248,263,511
2103843,158,162,320
2103844,194,217,411
2103845,126,168,294
2103846,46,50,96
2103847,179,176,355
2103848,216,206,422
2103849,225,235,460
2103850,173,180,353
2103851,132,143,275
2103852,92,93,185
2103853,0,3,3
2103854,109,109,218
2103855,209,222,431
2103856,303,312,615
2103857,227,247,474
2103858,105,104,209
2103859,232,300,532
2103860,160,173,333
2103861,200,199,399
2103862,7,3,10
2103863,4,3,7
2103864,174,180,354
2103865,171,197,368
2103866,136,144,280
2103867,128,110,238
2103868,180,169,349
2103869,259,282,541
2103870,145,159,304
2103871,122,138,260
2103872,155,152,307
2103873,186,181,367
2103874,161,166,327
2103875,197,186,383
2103876,111,99,210
2103901,222,199,421
2103902,191,205,396
2103903,231,224,455
2103904,159,156,315
2103905,166,200,366
2103906,163,165,328
2103907,251,251,502
2103908,192,212,404
2103909,136,158,294
2103910,262,234,496
2103911,171,195,366
2103912,211,226,437
2103913,151,171,322
2103914,249,259,508
2103915,267,279,546
2103916,154,196,350
2103917,155,201,356
2103918,164,195,359
2103919,278,312,590
2103920,206,223,429
2103921,108,114,222
2103922,207,220,427
2103923,224,247,471
2103924,211,185,396
2103925,211,227,438
2103926,0,0,0
2103927,163,217,380
2103928,259,248,507
2103929,165,189,354
2103930,174,222,396
2103931,0,0,0
2103932,107,117,224
2104001,220,232,452
2104002,278,287,565
2104003,197,189,386
2104004,266,310,576
2104005,132,136,268
2104006,148,159,307
2104007,173,194,367
2104008,214,237,451
2104009,171,186,357
2104010,168,168,336
2104011,157,185,342
2104012,212,233,445
2104013,146,144,290
2104014,202,256,458
2104015,215,234,449
2104016,216,195,411
2104017,170,190,360
2104018,240,245,485
2104019,133,135,268
2104020,117,121,238
2104021,148,154,302
2104022,176,196,372
2104023,155,185,340
2104024,200,187,387
2104025,222,273,495
2104026,200,218,418
2104027,132,146,278
2104028,110,120,230
2104029,185,201,386
2104030,108,124,232
2104031,254,297,551
2104032,115,126,241
2104033,166,152,318
2104034,252,262,514
2104035,207,223,430
2104036,223,191,414
2104037,99,90,189
2104038,248,254,502
2104039,201,254,455
2104040,167,176,343
2104041,313,334,647
2104042,215,222,437
2104043,196,190,386
2104044,180,203,383
2104045,161,164,325
2104046,161,168,329
2104047,162,214,376
2104048,106,127,233
2104049,115,134,249
2104050,131,174,305
2104101,222,253,475
2104102,188,210,398
2104103,282,307,589
2104104,188,190,378
2104105,271,288,559
2104106,262,341,603
2104107,313,389,702
2104108,196,245,441
2104109,218,203,421
2104110,168,170,338
2104111,231,237,468
2104112,217,209,426
2104113,228,259,487
2104114,460,478,938
2104115,169,188,357
2104116,236,334,570
2104117,68,58,126
2104118,215,223,438
2104119,347,334,681
2104120,212,317,529
2104121,227,298,525
2104122,170,212,382
2104123,179,202,381
2104124,179,181,360
2104125,200,219,419
2104126,164,135,299
2104127,482,509,991
2104128,222,229,451
2104129,212,218,430
2104130,146,160,306
2104131,198,171,369
2104132,208,209,417
2104133,160,176,336
2104134,195,220,415
2104135,217,198,415
2104136,160,144,304
2104137,188,191,379
2104138,356,339,695
2104139,134,130,264
2104140,108,118,226
2104141,238,253,491
2104142,310,394,704
2104143,104,116,220
2104201,302,260,562
2104202,277,268,545
2104203,165,188,353
2104204,132,142,274
2104205,187,180,367
2104206,265,280,545
2104207,326,326,652
2104208,245,289,534
2104209,255,275,530
2104210,162,180,342
2104211,253,268,521
2104212,166,183,349
2104213,179,193,372
2104214,605,649,1254
2104215,258,272,530
2104216,265,296,561
2104217,206,234,440
2104218,282,306,588
2104219,192,217,409
2104220,205,206,411
2104221,175,159,334
2104222,269,273,542
2104223,265,275,540
2104224,201,227,428
2104225,118,118,236
2104226,146,176,322
2104227,110,126,236
2104228,244,244,488
2104229,241,248,489
2104230,247,270,517
2104231,278,260,538
2104232,206,277,483
2104233,177,226,403
2104234,164,183,347
2104235,205,212,417
2104236,154,138,292
2104237,274,297,571
2104238,215,224,439
2104239,155,186,341
2104240,144,172,316
2104241,91,62,153
2104242,129,122,251
2104243,258,251,509
2104244,0,0,0
2104301,241,236,477
2104302,130,138,268
2104303,136,119,255
2104304,160,185,345
2104305,179,191,370
2104306,121,122,243
2104307,272,257,529
2104308,698,22,720
2104309,43,43,86
2104310,182,212,394
2104311,145,132,277
2104312,132,116,248
2104313,196,220,416
2104314,138,136,274
2104315,50,84,134
2104316,139,149,288
2104317,138,149,287
2104318,277,287,564
2104319,304,293,597
2104320,247,258,505
2104321,254,263,517
2104322,178,170,348
2104323,288,310,598
2104324,153,157,310
2104325,14,12,26
2104326,175,171,346
2104327,204,202,406
2104328,637,656,1293
2104329,195,187,382
2104330,207,208,415
2104331,285,271,556
2104332,336,353,689
2104333,166,174,340
2104334,220,224,444
2104335,179,197,376
2104336,351,405,756
2104337,211,232,443
2104401,173,176,349
2104402,210,219,429
2104403,111,122,233
2104404,203,237,440
2104405,226,225,451
2104406,268,296,564
2104407,239,247,486
2104408,140,172,312
2104409,239,252,491
2104410,243,239,482
2104411,191,203,394
2104412,258,220,478
2104413,237,255,492
2104414,239,277,516
2104415,157,138,295
2104416,158,144,302
2104417,353,339,692
2104418,198,189,387
2104419,359,383,742
2104420,124,117,241
2104421,160,160,320
2104422,175,199,374
2104423,209,231,440
2104424,107,105,212
2104501,222,254,476
2104502,192,192,384
2104503,191,235,426
2104504,215,333,548
2104505,259,252,511
2104506,259,258,517
2104507,186,199,385
2104508,276,271,547
2104509,181,205,386
2104510,135,114,249
2104511,186,206,392
2104512,164,182,346
2104513,202,210,412
2104514,272,277,549
2104515,171,163,334
2104516,263,272,535
2104517,299,322,621
2104518,154,134,288
2104519,270,251,521
2104520,217,227,444
2104521,153,167,320
2104522,181,155,336
2104523,174,208,382
2104524,195,235,430
2104525,223,282,505
2104526,171,181,352
2104527,185,201,386
2104528,260,289,549
2104529,0,0,0
2104530,210,255,465
2104531,187,242,429
2104532,187,166,353
2104533,202,231,433
2104534,203,232,435
2104535,217,232,449
2104601,294,283,577
2104602,282,292,574
2104603,149,166,315
2104604,82,101,183
2104605,102,119,221
2104606,297,293,590
2104607,197,180,377
2104608,188,180,368
2104609,178,167,345
2104610,188,212,400
2104611,264,272,536
2104612,228,281,509
2104613,217,232,449
2104614,215,218,433
2104615,279,248,527
2104616,109,125,234
2104617,289,303,592
2104618,115,138,253
2104619,93,90,183
2104620,186,181,367
2104621,175,200,375
2104622,102,115,217
2104623,197,231,428
2104624,189,198,387
2104625,119,131,250
2104701,0,0,0
2104702,6,3,9
2104703,156,170,326
2104704,265,265,530
2104705,136,166,302
2104706,217,223,440
2104707,175,177,352
2104708,152,156,308
2104709,193,215,408
2104710,225,212,437
2104711,261,282,543
2104712,182,197,379
2104713,177,173,350
2104714,109,122,231
2104715,327,314,641
2104716,340,319,659
2104717,0,0,0
2104718,213,253,466
2104719,157,158,315
2104720,168,185,353
2104721,229,250,479
2104722,132,132,264
2104723,209,245,454
2104724,266,279,545
2104725,104,151,255
2104726,129,135,264
2104727,11,4,15
2104728,245,257,502
2104729,302,312,614
2104730,200,239,439
2104731,218,214,432
2104732,0,0,0
2104733,131,118,249
2104734,114,123,237
2104735,232,241,473
2104736,77,54,131
2104737,137,159,296
2104738,293,285,578
2104739,163,171,334
2104740,179,192,371
2104801,212,295,507
2104802,154,194,348
2104803,281,299,580
2104804,171,172,343
2104805,223,230,453
2104806,117,112,229
2104807,112,112,224
2104808,184,178,362
2104809,97,116,213
2104810,174,164,338
2104811,216,199,415
2104812,157,152,309
2104813,343,440,783
2104814,138,182,320
2104815,102,127,229
2104816,282,297,579
2104817,319,320,639
2104818,109,138,247
2104819,203,208,411
2104820,191,209,400
2104821,181,222,403
2104822,106,107,213
2104823,357,351,708
2104824,119,134,253
2104825,186,205,391
2104826,172,166,338
2104827,162,142,304
2104828,195,217,412
2104829,175,196,371
2104830,95,91,186
2104831,90,97,187
2104901,178,176,354
2104902,222,220,442
2104903,183,193,376
2104904,275,290,565
2104905,316,348,664
2104906,202,232,434
2104907,181,167,348
2104908,301,303,604
2104909,189,199,388
2104910,209,197,406
2104911,168,169,337
2105001,136,117,253
2105002,153,153,306
2105003,183,204,387
2105004,215,232,447
2105005,244,255,499
2105006,200,252,452
2105007,122,111,233
2105008,163,203,366
2105009,228,250,478
2105010,158,177,335
2105011,207,220,427
2105012,192,210,402
2105013,194,196,390
2105014,195,200,395
2105015,155,180,335
2105016,220,202,422
2105017,160,187,347
2105018,192,218,410
2105019,178,210,388
2105020,240,288,528
2105021,185,186,371
2105022,259,265,524
2105023,209,217,426
2105024,179,156,335
2105025,142,126,268
2105026,226,261,487
2105027,543,685,1228
2105028,154,159,313
2105029,233,266,499
2105030,147,156,303
2105031,219,254,473
2105032,291,286,577
2105033,133,170,303
2105034,194,159,353
2105035,265,258,523
2105036,258,281,539
2105037,97,83,180
2105038,388,393,781
2105039,239,293,532
2105040,249,257,506
2105041,110,92,202
2105042,232,212,444
2105043,76,76,152
2105044,125,127,252
2105101,246,261,507
2105102,140,173,313
2105103,120,118,238
2105104,301,310,611
2105105,119,129,248
2105106,157,181,338
2105107,158,210,368
2105108,141,140,281
2105109,220,254,474
2105110,232,215,447
2105111,151,181,332
2105112,295,298,593
2105113,143,152,295
2105114,162,143,305
2105115,251,226,477
2105116,220,215,435
2105117,119,128,247
2105201,146,160,306
2105202,207,215,422
2105203,141,167,308
2105204,247,279,526
2105205,220,274,494
2105206,195,219,414
2105207,260,277,537
2105208,132,157,289
2105209,124,146,270
2105210,165,159,324
2105211,95,93,188
2105301,215,236,451
2105302,294,261,555
2105303,295,289,584
2105304,78,81,159
2105305,273,276,549
2105306,246,247,493
2105307,218,223,441
2105308,161,155,316
2105309,199,190,389
2105310,292,315,607
2105311,215,225,440
2105312,173,200,373
2105313,144,168,312
2105314,336,344,680
2105315,281,264,545
2105316,400,433,833
2105317,388,404,792
2105318,210,187,397
2105319,240,248,488
2105320,178,184,362
2105321,157,169,326
2105322,167,174,341
2105323,224,217,441
2105324,181,198,379
2105325,175,179,354
2105326,277,300,577
2105327,183,205,388
2105328,85,81,166
2105329,217,225,442
2105330,234,241,475
2105331,85,78,163
2105332,163,171,334
2105333,248,234,482
2105334,200,216,416
2105401,116,107,223
2105402,137,120,257
2105403,165,167,332
2105404,138,140,278
2105405,3,0,3
2105406,275,273,548
2105407,133,137,270
2105408,162,168,330
2105409,197,164,361
2105410,166,180,346
2105411,165,172,337
2105412,147,178,325
2105413,136,111,247
2105414,147,183,330
2105415,180,185,365
2105416,154,180,334
2105417,249,225,474
2105418,126,131,257
2105419,239,234,473
2105501,208,214,422
2105502,137,157,294
2105503,96,105,201
2105504,140,148,288
2105505,116,115,231
2105506,216,237,453
2105507,138,124,262
2105508,198,209,407
2105509,158,176,334
2105510,92,105,197
2105511,174,193,367
2105512,206,191,397
2105513,150,154,304
2105514,230,186,416
2105515,187,150,337
2105516,170,161,331
2105517,95,103,198
2105518,102,103,205
2105519,162,147,309
2105601,244,254,498
2105602,157,153,310
2105603,123,111,234
2105604,124,117,241
2105605,330,331,661
2105606,160,160,320
2105607,160,168,328
2105608,215,220,435
2105609,322,302,624
2105610,180,173,353
2105611,116,112,228
2105612,88,97,185
2105613,348,389,737
2105614,250,257,507
2105615,279,276,555
2105616,225,217,442
2105617,310,329,639
2105618,138,124,262
2105619,196,240,436
2105620,283,288,571
2105621,161,153,314
2105622,100,111,211
2105623,117,106,223
2105624,165,165,330
2105625,184,228,412
2105626,160,163,323
2105627,113,121,234
2105628,204,220,424
2105629,97,98,195
2105630,258,237,495
2105631,108,117,225
2105701,209,175,384
2105702,167,135,302
2105703,280,241,521
2105704,284,263,547
2105705,340,356,696
2105706,65,56,121
2105707,138,157,295
2105708,200,157,357
2105709,5,0,5
2105710,117,133,250
2105711,154,150,304
2105712,119,144,263
2105713,325,345,670
2105714,298,363,661
2105715,127,99,226
2105716,219,296,515
2105717,191,191,382
2105718,133,134,267
2105719,311,345,656
2105720,150,92,242
2105721,102,87,189
2105722,159,135,294
2105801,115,104,219
2105802,138,145,283
2105803,95,113,208
2105804,137,133,270
2105805,92,124,216
2105806,152,135,287
2105807,228,221,449
2105808,98,93,191
2105809,182,186,368
2105810,0,0,0
2105811,120,113,233
2105812,99,103,202
2105813,134,120,254
2105814,191,194,385
2105901,192,202,394
2105902,152,188,340
2105903,167,172,339
2105904,106,92,198
2105905,141,127,268
2105906,279,296,575
2105907,170,165,335
2105908,62,61,123
2105909,239,287,526
2105910,165,168,333
2105911,197,189,386
2105912,229,249,478
2105913,181,207,388
2105914,204,225,429
2105915,261,305,566
2105916,173,171,344
2105917,182,177,359
2106001,143,133,276
2106002,231,227,458
2106003,106,107,213
2106004,0,0,0
2106005,241,210,451
2106006,160,141,301
2106007,187,186,373
2106008,164,151,315
2106009,142,130,272
2106010,197,208,405
2106011,691,463,1154
2106101,118,102,220
2106201,182,178,360
2106202,124,95,219
2106203,180,185,365
2106204,156,167,323
2106205,267,242,509
2106206,198,207,405
2106207,226,203,429
2106208,144,118,262
2106209,135,136,271
2106210,135,120,255
2106301,193,169,362
2106302,217,203,420
2106303,100,109,209
2106304,217,276,493
2106305,101,106,207
2106306,246,275,521
2106307,232,264,496
2106308,242,263,505
2106309,166,175,341
2106310,150,155,305
2106311,133,152,285
2106312,211,235,446
2106313,202,220,422
2106314,154,171,325
2106315,122,131,253
2106316,3,0,3
2106317,175,155,330
2106318,168,219,387
2106319,235,263,498
2106320,193,174,367
2106321,196,191,387
2106322,192,164,356
2106323,129,180,309
2106324,145,167,312
2106325,167,231,398
2106326,217,259,476
2106327,206,219,425
2106328,131,136,267
2106329,121,124,245
2106401,170,177,347
2106402,273,225,498
2106403,186,173,359
2106404,229,236,465
2106405,113,92,205
2106406,248,264,512
2106407,179,171,350
2106408,232,229,461
2106409,92,96,188
2106501,132,126,258
2106502,187,153,340
2106503,212,235,447
2106504,223,232,455
2106505,126,147,273
2106506,188,202,390
2106507,187,171,358
2106508,142,148,290
2106509,128,144,272
2106510,175,167,342
2106511,141,150,291
2106601,219,238,457
2106602,232,242,474
2106603,242,314,556
2106604,124,166,290
2106605,185,215,400
2106606,305,496,801
2106607,178,213,391
2106608,268,247,515
2106609,183,233,416
2106610,122,128,250
2106611,226,229,455
2106612,228,236,464
2106613,163,182,345
2106614,163,194,357
2106615,280,309,589
2106616,220,236,456
2106617,289,298,587
2106618,242,248,490
2106619,200,262,462
2106620,173,179,352
2106621,138,170,308
2106622,156,185,341
2106623,178,215,393
2106624,150,152,302
2106625,187,187,374
2106626,165,203,368
2106627,171,193,364
2106628,124,136,260
2106629,234,254,488
2106630,243,264,507
2106631,180,186,366
2106632,133,153,286
2106633,75,59,134
2106634,178,201,379
2106635,181,196,377
2106636,173,195,368
2106637,172,170,342
2106638,96,108,204
2106639,0,0,0
2106640,88,89,177
2106641,136,121,257
2106642,210,247,457
2106643,108,114,222
2106644,96,120,216
2106645,169,174,343
2106646,248,268,516
2106647,112,135,247
2106701,179,137,316
2106702,120,111,231
2106703,252,232,484
2106704,166,159,325
2106705,184,171,355
2106706,184,158,342
2106707,148,113,261
2106708,120,113,233
2106709,108,100,208
2106710,105,94,199
2106711,115,119,234
2106712,96,111,207
2106713,177,177,354
2106714,133,129,262
2106715,126,126,252
2106716,140,125,265
2106717,185,196,381
2106718,114,129,243
2106719,175,155,330
2106720,162,168,330
2106721,157,160,317
2106722,177,167,344
2106723,179,187,366
2106724,144,152,296
2106725,171,168,339
2106726,118,133,251
2106727,129,119,248
2106728,136,120,256
2106729,203,218,421
2106730,157,139,296
2106731,91,94,185
2106801,158,164,322
2106802,279,146,425
2106803,170,154,324
2106804,153,182,335
2106805,160,157,317
2106806,109,118,227
2106807,149,193,342
2106808,200,248,448
2106809,155,157,312
2106810,166,180,346
2106811,213,303,516
2106812,156,160,316
2106901,121,124,245
2106902,120,120,240
2106903,136,144,280
2106904,158,175,333
2106905,134,142,276
2106906,113,121,234
2106907,155,141,296
2106908,3,6,9
2106909,94,95,189
2106910,104,102,206
2106911,178,202,380
2106912,91,80,171
2106913,72,49,121
2106914,137,153,290
2106915,183,188,371
2106916,150,160,310
2106917,136,171,307
2106918,110,120,230
2106919,134,156,290
2106920,0,0,0
2106921,147,140,287
2106922,198,180,378
2106923,131,161,292
2106924,127,117,244
2106925,128,97,225
2106926,171,175,346
2106927,143,159,302
2106928,154,153,307
2106929,102,59,161
2106930,67,76,143
2106931,135,136,271
2107001,259,252,511
2107002,106,108,214
2107003,184,192,376
2107004,111,96,207
2107005,219,218,437
2107006,148,136,284
2107007,116,110,226
2107008,155,148,303
2107009,172,162,334
2107101,241,285,526
2107102,132,124,256
2107103,111,119,230
2107104,96,87,183
2107105,85,84,169
2107106,158,132,290
2107107,196,181,377
2107108,193,174,367
2107109,185,154,339
2107110,77,83,160
2107111,187,178,365
2107112,237,228,465
2107113,0,3,3
2107114,133,173,306
2107115,235,237,472
2107201,99,103,202
2107202,205,194,399
2107203,101,131,232
2107204,154,175,329
2107205,114,110,224
2107206,156,162,318
2107207,140,133,273
2107208,163,171,334
2107209,115,100,215
2107210,154,148,302
2107211,174,167,341
2107212,141,116,257
2107213,244,260,504
2107214,221,229,450
2107215,0,0,0
2107216,183,168,351
2107217,114,103,217
2107218,127,110,237
2107219,211,202,413
2107220,139,128,267
2107301,148,152,300
2107302,284,308,592
2107303,145,159,304
2107304,218,271,489
2107305,240,272,512
2107306,233,244,477
2107307,236,271,507
2107308,134,179,313
2107309,117,130,247
2107310,169,187,356
2107311,210,194,404
2107312,163,187,350
2107313,195,211,406
2107314,118,135,253
2107315,257,253,510
2107316,158,172,330
2107317,182,196,378
2107318,101,94,195
2107319,166,166,332
2107320,341,411,752
2107321,209,214,423
2107322,225,203,428
2107323,278,294,572
2107324,196,198,394
2107325,275,310,585
2107326,264,244,508
2107327,200,227,427
2107328,265,241,506
2107329,172,166,338
2107330,178,191,369
2107331,216,217,433
2107332,193,196,389
2107333,273,285,558
2107334,210,197,407
2107335,108,131,239
2107401,159,135,294
2107402,247,313,560
2107403,91,85,176
2107404,98,102,200
2107405,439,460,899
2107406,266,273,539
2107407,148,148,296
2107408,9,9,18
2107409,101,114,215
2107410,3,0,3
2107411,264,260,524
2107412,234,295,529
2107413,206,246,452
2107414,198,212,410
2107415,296,305,601
2107416,139,134,273
2107417,176,203,379
2107418,220,202,422
2107419,153,173,326
2107420,194,228,422
2107421,142,153,295
2107422,257,260,517
2107423,197,243,440
2107424,124,123,247
2107425,161,168,329
2107426,213,208,421
2107427,281,325,606
2107428,223,242,465
2107429,95,114,209
2107430,156,137,293
2107431,11,8,19
2107432,134,145,279
2107433,223,240,463
2107434,246,235,481
2107435,111,102,213
2107436,135,144,279
2107437,286,314,600
2107438,179,185,364
2107439,261,275,536
2107440,364,377,741
2107441,270,287,557
2107442,186,199,385
2107443,263,270,533
2107444,272,293,565
2107445,162,175,337
2107446,244,231,475
2107447,192,164,356
2107448,3,6,9
2107449,99,82,181
2107450,71,86,157
2107451,195,205,400
2107452,372,209,581
2107453,161,163,324
2107454,374,92,466
2107455,122,133,255
2107501,223,336,559
2107502,215,221,436
2107503,151,160,311
2107504,156,160,316
2107505,101,93,194
2107506,206,190,396
2107507,194,201,395
2107508,134,101,235
2107509,244,206,450
2107510,222,223,445
2107511,150,140,290
2107512,191,198,389
2107601,166,212,378
2107602,500,477,977
2107603,107,134,241
2107604,266,287,553
2107605,101,99,200
2107606,350,366,716
2107607,320,321,641
2107608,252,274,526
2107609,251,284,535
2107610,247,248,495
2107611,158,158,316
2107612,134,133,267
2107613,218,196,414
2107614,209,183,392
2107615,122,106,228
2107616,259,268,527
2107617,226,256,482
2107618,155,139,294
2107619,152,148,300
2107620,235,214,449
2107621,258,255,513
2107622,138,161,299
2107623,100,78,178
2107624,162,148,310
2107625,68,65,133
2107626,73,61,134
2107627,129,118,247
2107628,123,150,273
2107629,294,300,594
2107630,149,212,361
2107631,278,353,631
2107632,220,220,440
2107633,98,86,184
2107701,14,8,22
2107702,86,96,182
2107703,142,135,277
2107704,127,112,239
2107705,173,151,324
2107706,8,7,15
2107707,3,4,7
2107708,148,149,297
2107709,213,214,427
2107710,109,105,214
2107711,158,167,325
2107712,273,249,522
2107713,214,201,415
2107714,231,235,466
2107715,176,185,361
2107716,175,168,343
2107717,110,116,226
2107718,0,0,0
2107719,246,248,494
2107720,111,91,202
2107721,186,167,353
2107722,134,125,259
2107801,280,301,581
2107802,179,177,356
2107803,110,113,223
2107804,149,131,280
2107805,156,146,302
2107806,204,215,419
2107807,104,91,195
2107808,195,194,389
2107809,188,234,422
2107810,114,117,231
2107811,318,344,662
2107812,312,283,595
2107813,102,119,221
2107814,177,182,359
2107815,107,110,217
2107816,93,89,182
2107817,268,236,504
2107818,79,75,154
2107819,133,129,262
2107820,115,128,243
2107821,135,149,284
2107901,155,157,312
2107902,249,286,535
2107903,197,195,392
2107904,221,229,450
2107905,249,281,530
2107906,165,185,350
2107907,194,185,379
2107908,198,192,390
2107909,140,153,293
2107910,205,266,471
2107911,141,167,308
2107912,177,260,437
2107913,224,236,460
2107914,145,138,283
2107915,165,157,322
2107916,212,246,458
2107917,167,179,346
2107918,114,112,226
2107919,135,131,266
2107920,159,158,317
2107921,230,241,471
2107922,191,178,369
2107923,179,243,422
2107924,101,128,229
2107925,202,280,482
2107926,182,204,386
2107927,267,284,551
2107928,314,358,672
2107929,211,212,423
2107930,214,192,406
2107931,214,241,455
2107932,279,280,559
2107933,168,182,350
2107934,445,457,902
2107935,223,258,481
2107936,192,180,372
2107937,168,180,348
2107938,205,195,400
2107939,226,291,517
2107940,199,214,413
2108001,0,0,0
2108101,67,61,128
2108102,521,558,1079
2108103,128,112,240
2108104,304,309,613
2108105,221,230,451
2108106,257,248,505
2108107,270,320,590
2108108,405,452,857
2108109,285,326,611
2108110,248,234,482
2108111,133,136,269
2108112,182,206,388
2108113,246,320,566
2108114,246,293,539
2108115,122,120,242
2108116,204,293,497
2108117,273,315,588
2108118,146,152,298
2108119,99,112,211
2108120,220,274,494
2108121,175,183,358
2108122,210,225,435
2108123,173,177,350
2108124,125,136,261
2108125,263,299,562
2108126,225,237,462
2108127,127,160,287
2108128,191,201,392
2108129,107,119,226
2108130,129,139,268
2108201,59,45,104
2108202,206,184,390
2108203,280,269,549
2108204,174,162,336
2108205,165,165,330
2108206,112,96,208
2108207,107,115,222
2108208,138,132,270
2108209,143,106,249
2108210,120,97,217
2108211,217,203,420
2108212,172,165,337
2108213,112,106,218
2108214,131,112,243
2108215,138,148,286
2108216,166,183,349
2108217,87,60,147
2108218,161,148,309
2108219,253,246,499
2108220,96,79,175
2108221,139,121,260
2108222,158,155,313
2108223,79,69,148
2108224,193,199,392
2108225,157,151,308
2108301,0,0,0
2108401,187,228,415
2108402,250,233,483
2108403,133,168,301
2108404,256,282,538
2108405,209,216,425
2108406,327,297,624
2108407,250,221,471
2108408,160,140,300
2108409,155,158,313
2108410,207,182,389
2108411,153,182,335
2108412,146,155,301
2108413,102,107,209
2108414,115,112,227
2108415,114,132,246
2108416,218,233,451
2108417,165,186,351
2108418,177,187,364
2108419,140,189,329
2108420,148,156,304
2108421,212,186,398
2108422,0,3,3
2108423,131,133,264
2108424,214,230,444
2108425,129,140,269
2108426,112,114,226
2108427,142,135,277
2108428,110,94,204
2108501,131,146,277
2108502,146,127,273
2108503,98,125,223
2108504,158,150,308
2108505,206,232,438
2108506,172,186,358
2108507,144,146,290
2108508,68,59,127
2108509,207,220,427
2108510,88,81,169
2108511,184,164,348
2108512,163,124,287
2108513,112,119,231
2108514,225,216,441
2108515,201,184,385
2108516,177,175,352
2108517,131,109,240
2108518,178,163,341
2108519,150,134,284
2108520,203,228,431
2108521,87,85,172
2108522,154,166,320
2108601,93,87,180
2108602,98,127,225
2108603,254,257,511
2108604,200,213,413
2108605,249,290,539
2108606,251,250,501
2108607,261,279,540
2108608,145,166,311
2108609,134,136,270
2108610,243,230,473
2108611,130,126,256
2108612,150,141,291
2108613,85,80,165
2108614,168,174,342
2108615,138,130,268
2108616,149,170,319
2108617,0,0,0
2108701,194,186,380
2108702,104,104,208
2108703,99,98,197
2108704,136,133,269
2108705,168,150,318
2108706,130,160,290
2108707,124,144,268
2108708,93,86,179
2108709,232,207,439
2108710,106,103,209
2108711,224,216,440
2108712,158,182,340
2108713,207,235,442
2108714,229,225,454
2108715,208,204,412
2108716,216,230,446
2108717,138,123,261
2108718,95,100,195
2108719,263,233,496
2108720,319,299,618
2108721,100,107,207
2108722,198,185,383
2108723,181,182,363
2108724,90,106,196
2108725,82,92,174
2108801,58,58,116
2108901,259,278,537
2108902,154,164,318
2108903,157,134,291
2108904,208,228,436
2108905,230,235,465
2108906,101,132,233
2108907,241,238,479
2108908,282,327,609
2108909,163,173,336
2108910,160,144,304
2108911,170,151,321
2108912,204,184,388
2108913,122,116,238
2108914,168,198,366
2108915,126,120,246
2108916,150,135,285
2108917,236,204,440
2108918,172,181,353
2108919,312,319,631
2108920,132,134,266
2108921,271,324,595
2108922,231,209,440
2108923,97,74,171
2109001,156,156,312
2109002,169,173,342
2109003,178,213,391
2109004,177,190,367
2109005,174,257,431
2109006,187,225,412
2109007,181,189,370
2109008,215,227,442
2109009,171,152,323
2109010,164,168,332
2109011,252,258,510
2109012,214,230,444
2109013,219,217,436
2109014,183,202,385
2109015,279,265,544
2109016,224,210,434
2109017,267,266,533
2109018,293,320,613
2109019,280,282,562
2109020,186,182,368
2109021,150,159,309
2109022,168,193,361
2109023,209,251,460
2109024,153,167,320
2109025,138,124,262
2109026,129,134,263
2109101,231,324,555
2109102,267,285,552
2109103,184,189,373
2109104,311,311,622
2109105,150,143,293
2109106,160,177,337
2109107,316,343,659
2109108,359,335,694
2109109,173,165,338
2109110,127,131,258
2109111,116,110,226
2109112,179,210,389
2109113,139,111,250
2109114,77,58,135
2109115,259,280,539
2109116,185,201,386
2109117,144,155,299
2109118,116,124,240
2109119,189,221,410
2109120,330,355,685
2109121,192,186,378
2109122,223,217,440
2109123,170,174,344
2109124,0,0,0
2109201,8,6,14
2109301,263,244,507
2109302,218,190,408
2109303,165,198,363
2109304,130,137,267
2109305,93,75,168
2109306,226,206,432
2109307,99,90,189
2109308,164,166,330
2109309,112,124,236
2109310,181,189,370
2109311,0,0,0
2109312,196,186,382
2109313,107,118,225
2109314,151,152,303
2109315,275,319,594
2109316,180,269,449
2109317,266,267,533
2109318,228,244,472
2109319,275,313,588
2109320,202,190,392
2109321,167,185,352
2109322,209,264,473
2109323,431,498,929
2109324,199,247,446
2109325,116,118,234
2109326,197,201,398
2109327,165,156,321
2109328,173,177,350
2109329,143,141,284
2109330,190,211,401
2109331,190,193,383
2109332,213,230,443
2109333,233,255,488
2109334,178,174,352
2109335,187,178,365
2109336,148,173,321
2109337,202,208,410
2109338,206,208,414
2109339,366,343,709
2109340,257,238,495
2109341,239,287,526
2109342,325,304,629
2109343,284,288,572
2109344,201,180,381
2109345,199,203,402
2109346,132,139,271
2109347,118,115,233
2109348,107,124,231
2109349,152,142,294
2109350,311,338,649
2109351,43,39,82
2109401,140,150,290
2109402,223,186,409
2109403,176,192,368
2109404,132,147,279
2109405,261,271,532
2109406,90,103,193
2109407,236,237,473
2109408,187,161,348
2109409,92,76,168
2109410,294,281,575
2109411,235,231,466
2109412,128,139,267
2109413,369,369,738
2109414,236,289,525
2109415,233,245,478
2109416,216,195,411
2109417,161,164,325
2109418,106,127,233
2109419,160,159,319
2109420,196,170,366
2109421,206,176,382
2109422,119,117,236
2109423,191,214,405
2109424,154,156,310
2109425,199,237,436
2109426,161,157,318
2109427,160,159,319
2109428,115,124,239
2109429,230,237,467
2109430,155,149,304
2109431,85,110,195
2109501,127,111,238
2109502,224,252,476
2109503,172,173,345
2109504,291,310,601
2109505,216,192,408
2109506,174,181,355
2109507,143,188,331
2109508,169,183,352
2109509,209,215,424
2109510,0,0,0
2109511,324,419,743
2109512,226,243,469
2109513,202,197,399
2109514,227,255,482
2109515,362,372,734
2109516,219,202,421
2109517,208,207,415
2109518,219,212,431
2109519,196,182,378
2109520,226,259,485
2109521,193,194,387
2109522,209,291,500
2109523,269,307,576
2109524,150,168,318
2109525,252,262,514
2109526,280,286,566
2109527,278,280,558
2109528,181,211,392
2109529,214,215,429
2109530,167,196,363
2109531,189,202,391
2109532,315,328,643
2109533,203,217,420
2109534,270,257,527
2109535,233,287,520
2109536,209,221,430
2109537,166,193,359
2109538,148,154,302
2109601,270,326,596
2109602,97,114,211
2109603,164,172,336
2109604,5,5,10
2109605,198,223,421
2109606,177,170,347
2109607,175,162,337
2109608,268,341,609
2109609,334,326,660
2109610,190,162,352
2109611,227,211,438
2109612,208,232,440
2109613,298,299,597
2109614,299,249,548
2109615,181,232,413
2109616,220,224,444
2109617,148,130,278
2109618,137,152,289
2109619,240,253,493
2109620,189,206,395
2109621,98,118,216
2109622,179,204,383
2109623,255,304,559
2109624,239,225,464
2109625,4,0,4
2109626,268,260,528
2109627,204,220,424
2109628,268,267,535
2109629,147,152,299
2109630,243,261,504
2109631,131,148,279
2109632,156,156,312
2109633,234,220,454
2109634,254,247,501
2109635,179,137,316
2109636,0,0,0
2109701,149,143,292
2109702,168,176,344
2109703,124,136,260
2109704,118,154,272
2109705,118,118,236
2109706,169,174,343
2109707,122,119,241
2109708,197,218,415
2109709,151,155,306
2109710,141,163,304
2109711,268,270,538
2109712,105,113,218
2109713,118,151,269
2109714,183,203,386
2109715,169,218,387
2109716,162,206,368
2109717,347,359,706
2109718,24,21,45
2109719,140,142,282
2109720,223,216,439
2109721,324,354,678
2109722,198,201,399
2109723,248,271,519
2109724,153,140,293
2109725,148,159,307
2109726,203,211,414
2109727,121,126,247
2109728,166,149,315
2109729,473,474,947
2109730,126,131,257
2109731,204,215,419
2109732,158,179,337
2109733,143,150,293
2109734,169,166,335
2109735,270,312,582
2109736,187,195,382
2109737,192,257,449
2109738,124,123,247
2109739,388,471,859
2109740,226,223,449
2109741,292,263,555
2109742,230,294,524
2109743,447,419,866
2109744,232,236,468
2109745,231,257,488
2109746,180,163,343
2109747,170,198,368
2109748,223,232,455
2109749,207,248,455
2109750,249,269,518
2109751,178,200,378
2109752,160,207,367
2109753,136,139,275
2109754,145,282,427
2109755,136,139,275
2109756,217,210,427
2109757,188,156,344
2109758,227,237,464
2109759,261,297,558
2109760,131,137,268
2109761,206,225,431
2109762,342,329,671
2109763,4,3,7
2109764,199,211,410
2109801,202,196,398
2109802,0,0,0
2109803,249,221,470
2109804,203,185,388
2109805,13,9,22
2109806,213,194,407
2109807,242,220,462
2109808,148,170,318
2109809,136,138,274
2109810,100,107,207
2109811,150,147,297
2109812,72,71,143
2109813,311,302,613
2109814,211,232,443
2109901,18,11,29
2110001,164,166,330
2110002,110,85,195
2110003,242,249,491
2110004,292,250,542
2110005,0,0,0
2110006,171,169,340
2110007,14,10,24
2110008,188,189,377
2110009,197,199,396
2110010,212,202,414
2110011,165,151,316
2110012,170,121,291
2110013,75,44,119
2110101,136,160,296
2110102,153,172,325
2110103,331,321,652
2110104,157,177,334
2110105,117,99,216
2110106,161,161,322
2110107,241,239,480
2110108,155,142,297
2110109,222,206,428
2110110,188,213,401
2110111,154,193,347
2110112,185,188,373
2110113,166,177,343
2110114,161,127,288
2110115,266,303,569
2110116,222,239,461
2110117,205,203,408
2110118,251,228,479
2110119,246,237,483
2110120,83,93,176
2110121,204,206,410
2110122,283,274,557
2110123,178,269,447
2110124,178,219,397
2110125,220,252,472
2110126,255,281,536
2110127,152,143,295
2110128,169,177,346
2110129,178,153,331
2110130,271,266,537
2110131,106,109,215
2110132,187,213,400
2110133,142,134,276
2110134,162,136,298
2110135,109,104,213
2110201,137,148,285
2110202,231,238,469
2110203,825,19,844
2110204,124,128,252
2110205,145,169,314
2110206,231,212,443
2110207,167,142,309
2110208,148,131,279
2110209,214,201,415
2110210,184,193,377
2110211,151,167,318
2110212,116,129,245
2110301,274,303,577
2110302,63,57,120
2110303,283,266,549
2110304,187,220,407
2110305,225,242,467
2110306,114,142,256
2110307,210,234,444
2110308,194,213,407
2110309,205,211,416
2110310,84,75,159
2110311,248,313,561
2110312,159,187,346
2110313,254,283,537
2110314,170,178,348
2110315,124,147,271
2110316,220,232,452
2110317,224,263,487
2110318,222,260,482
2110319,236,296,532
2110320,212,280,492
2110321,217,234,451
2110322,144,177,321
2110323,276,299,575
2110324,151,181,332
2110325,277,297,574
2110326,208,221,429
2110327,273,309,582
2110328,200,215,415
2110329,104,101,205
2110330,159,140,299
2110331,249,264,513
2110332,102,125,227
2110333,248,275,523
2110334,242,247,489
2110401,127,120,247
2110402,98,94,192
2110403,237,241,478
2110404,120,115,235
2110405,161,140,301
2110406,147,145,292
2110407,3,0,3
2110408,127,120,247
2110409,140,120,260
2110410,187,173,360
2110411,260,228,488
2110412,174,195,369
2110413,172,177,349
2110414,269,277,546
2110415,236,245,481
2110416,227,197,424
2110501,99,113,212
2110502,310,295,605
2110503,224,237,461
2110504,150,162,312
2110505,153,170,323
2110506,246,220,466
2110507,217,240,457
2110508,198,184,382
2110509,146,155,301
2110510,285,293,578
2110511,489,556,1045
2110512,160,163,323
2110513,393,390,783
2110514,217,234,451
2110515,191,188,379
2110516,114,144,258
2110517,210,231,441
2110518,186,218,404
2110519,166,158,324
2110520,194,189,383
2110521,197,211,408
2110522,329,319,648
2110523,329,361,690
2110524,213,240,453
2110525,167,183,350
2110526,201,239,440
2110527,184,144,328
2110528,151,155,306
2110529,235,252,487
2110530,233,267,500
2110531,268,302,570
2110532,108,98,206
2110533,231,238,469
2110534,269,336,605
2110535,314,309,623
2110536,163,195,358
2110537,225,252,477
2110538,256,242,498
2110539,208,203,411
2110540,259,261,520
2110541,300,291,591
2110542,203,241,444
2110543,278,267,545
2110544,423,441,864
2110545,305,290,595
2110546,135,129,264
2110547,149,123,272
2110548,96,105,201
2110549,171,170,341
2110550,175,239,414
2110601,258,310,568
2110602,272,313,585
2110603,193,241,434
2110604,225,242,467
2110605,180,218,398
2110606,135,181,316
2110607,220,236,456
2110608,226,270,496
2110609,255,272,527
2110610,166,172,338
2110611,223,240,463
2110612,251,280,531
2110613,206,210,416
2110614,307,335,642
2110615,178,216,394
2110616,147,171,318
2110617,235,279,514
2110618,149,183,332
2110619,136,150,286
2110701,217,257,474
2110702,189,197,386
2110703,229,243,472
2110704,191,179,370
2110705,239,255,494
2110706,316,305,621
2110707,281,312,593
2110708,177,184,361
2110709,302,344,646
2110710,169,150,319
2110711,143,168,311
2110712,244,250,494
2110713,214,245,459
2110714,251,235,486
2110715,217,264,481
2110716,255,200,455
2110717,184,171,355
2110718,178,180,358
2110719,279,293,572
2110720,290,252,542
2110721,210,200,410
2110722,109,100,209
2110723,154,176,330
2110724,162,178,340
2110725,216,248,464
2110726,188,222,410
2110727,175,166,341
2110728,139,142,281
2110729,140,159,299
2110730,139,157,296
2110731,260,265,525
2110801,163,162,325
2110802,119,127,246
2110803,284,253,537
2110804,166,166,332
2110805,256,280,536
2110806,219,247,466
2110807,153,165,318
2110808,201,221,422
2110809,270,296,566
2110810,217,232,449
2110811,185,222,407
2110812,128,125,253
2110813,171,211,382
2110814,203,224,427
2110815,264,272,536
2110816,201,212,413
2110817,159,165,324
2110818,161,156,317
2110819,276,310,586
2110820,264,302,566
2110821,252,270,522
2110822,387,344,731
2110823,264,289,553
2110824,281,275,556
2110825,277,287,564
2110826,177,188,365
2110827,166,193,359
2110828,210,197,407
2110829,254,246,500
2110830,153,175,328
2110831,244,277,521
2110832,179,222,401
2110833,282,261,543
2110834,216,208,424
2110835,182,221,403
2110836,178,201,379
2110837,168,142,310
2110838,272,304,576
2110839,146,161,307
2110840,151,151,302
2110841,219,205,424
2110842,225,203,428
2110843,225,201,426
2110844,218,229,447
2110845,164,173,337
2110846,203,229,432
2110847,195,189,384
2110848,105,131,236
2110849,226,232,458
2110850,210,234,444
2110851,137,156,293
2110852,105,110,215
2110853,394,357,751
2110854,147,163,310
2110855,206,201,407
2110856,93,104,197
2110857,114,130,244
2110858,233,261,494
2110859,122,186,308
2110860,146,150,296
2110901,254,271,525
2110902,181,188,369
2110903,146,162,308
2110904,211,221,432
2110905,170,172,342
2110906,266,233,499
2110907,217,220,437
2110908,158,156,314
2110909,238,256,494
2110910,143,158,301
2110911,211,236,447
2110912,193,209,402
2110913,221,229,450
2110914,161,157,318
2110915,191,212,403
2110916,177,173,350
2110917,208,189,397
2110918,257,249,506
2110919,170,204,374
2110920,183,184,367
2110921,189,198,387
2110922,223,230,453
2110923,217,208,425
2110924,129,119,248
2111001,186,208,394
2111002,190,215,405
2111003,247,254,501
2111004,142,147,289
2111005,117,110,227
2111006,265,248,513
2111007,226,258,484
2111008,231,272,503
2111009,0,5,5
2111010,300,322,622
2111011,141,155,296
2111012,224,250,474
2111013,273,276,549
2111014,186,184,370
2111015,297,342,639
2111016,220,215,435
2111017,132,136,268
2111018,174,191,365
2111019,240,211,451
2111020,0,0,0
2111021,6,7,13
2111022,208,187,395
2111101,152,222,374
2111102,128,162,290
2111103,338,346,684
2111104,289,312,601
2111105,287,284,571
2111106,172,169,341
2111107,233,290,523
2111108,260,346,606
2111109,159,156,315
2111110,257,275,532
2111111,122,137,259
2111112,294,314,608
2111113,269,330,599
2111114,265,296,561
2111115,233,247,480
2111116,129,109,238
2111117,183,213,396
2111118,208,259,467
2111119,138,171,309
2111120,157,183,340
2111121,148,187,335
2111122,163,170,333
2111123,311,267,578
2111124,197,200,397
2111125,119,145,264
2111126,198,218,416
2111127,197,211,408
2111128,271,275,546
2111129,230,260,490
2111130,259,300,559
2111131,137,164,301
2111132,226,244,470
2111133,222,285,507
2111134,176,157,333
2111135,200,219,419
2111136,288,313,601
2111137,243,252,495
2111138,206,225,431
2111139,170,163,333
2111140,245,297,542
2111141,187,192,379
2111142,179,228,407
2111143,266,311,577
2111144,171,215,386
2111145,253,277,530
2111146,206,228,434
2111147,192,181,373
2111148,290,322,612
2111149,190,193,383
2111150,106,142,248
2111151,171,200,371
2111152,174,196,370
2111153,0,0,0
2111201,252,278,530
2111202,234,216,450
2111203,163,191,354
2111204,143,149,292
2111205,330,291,621
2111206,181,186,367
2111207,208,264,472
2111208,179,181,360
2111209,247,270,517
2111210,218,253,471
2111211,127,144,271
2111212,232,242,474
2111213,227,214,441
2111214,228,256,484
2111215,200,195,395
2111216,218,218,436
2111217,155,202,357
2111218,139,168,307
2111219,217,220,437
2111220,225,255,480
2111221,223,284,507
2111222,136,144,280
2111223,238,263,501
2111224,210,235,445
2111225,277,310,587
2111226,193,218,411
2111227,172,180,352
2111228,227,260,487
2111229,219,221,440
2111230,239,249,488
2111231,107,119,226
2111232,211,235,446
2111233,193,227,420
2111234,239,216,455
2111235,282,276,558
2111236,132,126,258
2111237,158,182,340
2111238,179,209,388
2111239,197,204,401
2111240,142,135,277
2111241,137,158,295
2111242,193,154,347
2111301,0,0,0
2111302,141,181,322
2111303,288,307,595
2111304,311,301,612
2111305,356,347,703
2111306,336,329,665
2111307,295,298,593
2111308,171,161,332
2111309,164,178,342
2111310,136,145,281
2111311,295,302,597
2111312,239,272,511
2111313,213,204,417
2111314,197,200,397
2111315,211,213,424
2111316,200,247,447
2111317,247,261,508
2111318,148,142,290
2111319,225,248,473
2111320,186,201,387
2111321,195,222,417
2111322,163,184,347
2111323,180,200,380
2111324,260,256,516
2111325,176,205,381
2111326,227,219,446
2111327,262,301,563
2111328,233,216,449
2111329,113,98,211
2111330,154,154,308
2111331,148,170,318
2111332,133,122,255
2111401,124,125,249
2111402,230,248,478
2111403,180,184,364
2111404,173,194,367
2111405,166,204,370
2111406,241,278,519
2111407,276,284,560
2111408,177,224,401
2111409,258,290,548
2111410,251,264,515
2111411,131,150,281
2111412,168,186,354
2111413,305,331,636
2111414,229,253,482
2111415,111,117,228
2111416,141,177,318
2111417,186,211,397
2111418,189,189,378
2111419,120,146,266
2111420,153,175,328
2111421,244,247,491
2111422,153,146,299
2111423,220,242,462
2111424,136,164,300
2111425,208,219,427
2111426,214,198,412
2111427,280,314,594
2111428,227,236,463
2111429,178,182,360
2111430,153,164,317
2111431,164,160,324
2111432,179,201,380
2111433,216,208,424
2111434,152,166,318
2111435,240,253,493
2111436,187,162,349
2111437,290,284,574
2111438,245,259,504
2111439,148,166,314
2111440,205,291,496
2111441,250,262,512
2111442,251,277,528
2111443,214,216,430
2111444,284,303,587
2111445,215,208,423
2111446,198,214,412
2111447,200,197,397
2111448,165,210,375
2111449,205,256,461
2111450,149,163,312
2111451,132,148,280
2111452,273,276,549
2111453,184,197,381
2111454,190,172,362
2111455,110,149,259
2111456,133,134,267
2111457,137,181,318
2111458,176,204,380
2111459,152,152,304
2111460,181,173,354
2111461,248,264,512
2111501,176,211,387
2111502,209,221,430
2111503,160,163,323
2111504,149,158,307
2111505,216,208,424
2111506,193,276,469
2111507,221,313,534
2111508,267,309,576
2111509,143,105,248
2111510,204,170,374
2111511,240,243,483
2111512,256,294,550
2111513,190,192,382
2111514,155,189,344
2111515,209,246,455
2111516,228,248,476
2111517,614,615,1229
2111518,0,0,0
2111519,151,197,348
2111520,222,295,517
2111521,136,169,305
2111601,174,176,350
2111602,228,282,510
2111603,225,228,453
2111604,223,214,437
2111605,176,160,336
2111606,167,212,379
2111607,212,218,430
2111608,205,260,465
2111609,164,158,322
2111610,192,220,412
2111611,206,213,419
2111612,197,231,428
2111613,261,291,552
2111614,221,225,446
2111615,268,253,521
2111616,238,252,490
2111617,223,240,463
2111618,227,237,464
2111619,246,245,491
2111620,181,186,367
2111621,211,248,459
2111622,232,259,491
2111623,243,224,467
2111624,186,215,401
2111625,202,242,444
2111626,243,261,504
2111627,173,177,350
2111628,204,214,418
2111629,4,4,8
2111630,164,178,342
2111631,287,342,629
2111632,140,156,296
2111701,337,324,661
2111702,197,219,416
2111703,121,130,251
2111704,220,209,429
2111705,202,197,399
2111706,280,315,595
2111707,270,292,562
2111708,256,243,499
2111709,214,216,430
2111710,221,298,519
2111711,161,178,339
2111712,169,225,394
2111713,195,216,411
2111714,155,137,292
2111715,242,240,482
2111716,153,146,299
2111717,125,117,242
2111718,257,309,566
2111719,280,294,574
2111720,182,173,355
2111721,278,255,533
2111722,157,183,340
2111723,217,282,499
2111724,0,0,0
2111725,204,172,376
2111726,142,139,281
2111727,190,189,379
2111728,255,307,562
2111729,162,153,315
2111730,352,402,754
2111731,215,206,421
2111732,356,578,934
2111801,227,196,423
2111802,260,249,509
2111803,510,434,944
2111804,360,332,692
2111805,300,245,545
2111806,92,100,192
2111807,101,101,202
2111808,139,129,268
2111809,127,122,249
2111810,400,362,762
2111811,3,3,6
2111812,88,84,172
2111813,375,327,702
2111814,67,59,126
2111901,115,132,247
2111902,210,178,388
2111903,164,200,364
2111904,149,141,290
2111905,109,115,224
2111906,192,195,387
2111907,251,282,533
2111908,202,266,468
2111909,243,280,523
2111910,117,128,245
2111911,92,94,186
2111912,203,223,426
2111913,0,0,0
2111914,148,139,287
2111915,143,196,339
2112001,40,38,78
2112101,7,10,17
2112102,142,162,304
2112103,245,218,463
2112104,192,199,391
2112105,264,234,498
2112106,0,0,0
2112107,483,510,993
2112108,274,257,531
2112109,190,200,390
2112110,165,176,341
2112111,0,0,0
2112112,153,184,337
2112113,183,248,431
2112114,142,154,296
2112115,294,340,634
2112116,136,156,292
2112117,357,365,722
2112118,231,245,476
2112119,308,286,594
2112120,354,356,710
2112121,85,87,172
2112122,231,261,492
2112123,298,347,645
2112201,502,519,1021
2112202,162,201,363
2112203,342,357,699
2112204,162,170,332
2112205,0,0,0
2112206,294,306,600
2112207,476,496,972
2112208,526,420,946
2112209,280,247,527
2112210,219,186,405
2112211,240,209,449
2112212,322,342,664
2112213,233,254,487
2112214,237,216,453
2112215,353,304,657
2112216,199,174,373
2112217,305,265,570
2112218,141,100,241
2112219,660,646,1306
2112220,468,430,898
2112221,168,179,347
2112222,239,204,443
2112223,123,113,236
2112224,216,190,406
2112225,111,109,220
2112226,458,504,962
2112227,862,871,1733
2112228,175,188,363
2112229,381,378,759
2112230,177,177,354
2112231,133,132,265
2112232,321,298,619
2112233,226,201,427
2112234,183,187,370
2112235,250,305,555
2112301,485,420,905
2112302,203,133,336
2112303,255,247,502
2112304,173,149,322
2112305,138,128,266
2112306,172,155,327
2112307,144,126,270
2112308,295,245,540
2112309,217,242,459
2112310,137,142,279
2112311,311,263,574
2112312,302,348,650
2112313,234,0,234
2112314,346,308,654
2112315,0,0,0
2112316,262,274,536
2112317,0,0,0
2112318,241,245,486
2112319,191,213,404
2112320,95,83,178
2112321,291,303,594
2112322,259,263,522
2112323,81,98,179
2112324,255,216,471
2112325,248,271,519
2112326,118,134,252
2112327,118,115,233
2112328,197,216,413
2112329,242,243,485
2112330,266,246,512
2112331,202,188,390
2112332,259,245,504
2112333,33,9,42
2112334,203,175,378
2112335,323,309,632
2112336,260,237,497
2112337,342,323,665
2112338,143,142,285
2112401,43,21,64
2112402,191,255,446
2112403,8,4,12
2112404,145,198,343
2112405,287,334,621
2112406,133,135,268
2112407,712,805,1517
2112408,473,528,1001
2112409,167,149,316
2112410,208,198,406
2112411,174,214,388
2112412,176,171,347
2112413,213,240,453
2112501,206,232,438
2112502,312,265,577
2112503,226,206,432
2112504,152,187,339
2112505,279,352,631
2112506,196,197,393
2112507,249,254,503
2112508,203,201,404
2112509,143,149,292
2112510,239,246,485
2112511,73,163,236
2112512,318,329,647
2112513,141,172,313
2112514,124,179,303
2112601,329,337,666
2112602,274,269,543
2112603,211,226,437
2112604,161,196,357
2112605,148,164,312
2112606,230,210,440
2112607,320,283,603
2112608,315,259,574
2112609,421,360,781
2112610,132,129,261
2112611,345,321,666
2112612,0,0,0
2112613,229,216,445
2112614,180,183,363
2112615,263,209,472
2112616,214,193,407
2112617,260,239,499
2112618,454,444,898
2112619,377,290,667
2112620,165,141,306
2112621,403,359,762
2112622,35,31,66
2112623,40,41,81
2112624,3,3,6
2112625,97,103,200
2112626,0,0,0
2112627,88,83,171
2112628,167,155,322
2112701,0,0,0
2112702,0,0,0
2112801,132,116,248
2112802,162,176,338
2112803,275,266,541
2112804,204,222,426
2112805,153,150,303
2112806,181,209,390
2112807,209,231,440
2112808,260,252,512
2112809,227,254,481
2112810,114,134,248
2112811,164,181,345
2112812,199,197,396
2112813,279,316,595
2112814,194,184,378
2112815,165,199,364
2112816,209,258,467
2112817,207,225,432
2112818,123,147,270
2112819,234,226,460
2112820,210,238,448
2112821,156,141,297
2112822,194,213,407
2112823,175,173,348
2112824,177,204,381
2112825,179,218,397
2112826,242,251,493
2112827,281,263,544
2112828,316,325,641
2112829,497,481,978
2112830,375,345,720
2112831,111,115,226
2112832,0,3,3
2112833,320,290,610
2112901,153,187,340
2112902,266,276,542
2112903,233,234,467
2112904,202,240,442
2112905,306,291,597
2112906,138,141,279
2112907,276,316,592
2112908,239,259,498
2112909,223,241,464
2112910,183,200,383
2112911,144,142,286
2112912,107,111,218
2112913,229,244,473
2112914,175,201,376
2112915,122,130,252
2112916,214,252,466
2112917,0,0,0
2112918,0,0,0
2112919,0,0,0
2112920,0,0,0
2112921,217,227,444
2112922,255,315,570
2112923,267,272,539
2112924,216,223,439
2112925,269,280,549
2112926,196,224,420
2112927,150,168,318
2112928,195,181,376
2112929,150,156,306
2112930,206,203,409
2112931,242,265,507
2112932,174,210,384
2112933,163,204,367
2112934,144,173,317
2112935,197,203,400
2112936,193,236,429
2112937,94,107,201
2112938,134,120,254
2112939,213,201,414
2112940,160,156,316
2113001,245,269,514
2113002,294,285,579
2113003,235,234,469
2113004,158,165,323
2113005,139,171,310
2113006,163,193,356
2113007,231,248,479
2113008,110,127,237
2113009,154,162,316
2113010,256,296,552
2113011,225,233,458
2113012,151,146,297
2113013,163,205,368
2113014,134,141,275
2113015,127,162,289
2113016,213,258,471
2113017,270,257,527
2113018,651,742,1393
2113019,164,163,327
2113020,293,309,602
2113021,136,116,252
2113022,295,292,587
2113023,162,167,329
2113024,267,250,517
2113025,187,226,413
2113026,245,226,471
2113027,170,229,399
2113028,198,165,363
2113029,250,216,466
2113030,166,172,338
2113031,341,389,730
2113032,131,117,248
2113033,107,152,259
2113101,0,0,0
2113102,6,0,6
2113201,152,180,332
2113202,119,183,302
2113203,288,277,565
2113204,180,144,324
2113205,208,184,392
2113206,161,167,328
2113207,166,161,327
2113208,199,254,453
2113209,201,215,416
2113210,176,238,414
2113211,135,125,260
2113212,181,186,367
2113213,258,295,553
2113214,191,231,422
2113215,247,251,498
2113216,306,307,613
2113217,247,265,512
2113218,181,155,336
2113219,203,219,422
2113220,154,164,318
2113221,140,114,254
2113222,82,90,172
2113223,169,209,378
2113224,158,168,326
2113225,170,116,286
2113226,125,150,275
2113301,162,121,283
2113302,114,127,241
2113303,148,132,280
2113304,172,141,313
2113305,244,182,426
2113306,0,0,0
2113307,259,254,513
2113308,293,339,632
2113309,0,0,0
2113310,97,101,198
2113311,143,177,320
2113312,196,210,406
2113313,223,174,397
2113314,267,263,530
2113315,194,198,392
2113316,224,219,443
2113317,280,230,510
2113318,245,233,478
2113319,0,0,0
2113320,157,162,319
2113321,136,142,278
2113322,249,258,507
2113323,294,255,549
2113324,158,171,329
2113325,0,0,0
2113326,241,240,481
2113327,257,183,440
2113328,188,179,367
2113329,230,206,436
2113330,221,177,398
2113331,304,238,542
2113332,371,345,716
2113333,224,255,479
2113334,394,357,751
2113335,218,168,386
2113336,221,199,420
2113337,349,319,668
2113338,177,156,333
2113339,243,260,503
2113340,176,184,360
2113341,143,221,364
2113342,172,238,410
2113343,253,223,476
2113344,244,246,490
2113345,184,116,300
2113346,227,201,428
2113347,145,122,267
2113348,292,219,511
2113349,252,245,497
2113350,235,206,441
2113351,283,246,529
2113352,291,299,590
2113353,241,212,453
2113354,202,206,408
2113355,244,242,486
2113356,134,130,264
2113401,194,177,371
2113402,170,154,324
2113403,175,175,350
2113404,99,115,214
2113405,273,233,506
2113406,252,251,503
2113407,234,201,435
2113408,188,156,344
2113409,122,138,260
2113410,116,124,240
2113411,194,173,367
2113412,281,293,574
2113413,277,279,556
2113414,197,184,381
2113415,219,223,442
2113416,237,252,489
2113417,202,204,406
2113418,150,164,314
2113419,223,237,460
2113420,243,256,499
2113421,208,166,374
2113422,260,223,483
2113423,202,180,382
2113424,147,124,271
2113425,236,217,453
2113426,165,159,324
2113427,228,246,474
2113428,231,233,464
2113429,179,180,359
2113430,187,211,398
2113431,123,141,264
2113432,292,311,603
2113433,211,190,401
2113434,230,228,458
2113435,211,202,413
2113436,95,110,205
2113437,229,212,441
2113438,267,285,552
2113439,174,182,356
2113501,271,269,540
2113502,191,217,408
2113503,315,349,664
2113504,223,242,465
2113505,163,182,345
2113506,234,278,512
2113507,300,366,666
2113508,187,178,365
2113509,186,218,404
2113510,202,214,416
2113511,192,200,392
2113512,177,212,389
2113513,265,251,516
2113514,169,185,354
2113515,188,245,433
2113516,263,309,572
2113517,264,346,610
2113518,117,124,241
2113519,210,258,468
2113601,309,319,628
2113602,303,222,525
2113603,208,188,396
2113604,162,176,338
2113605,244,258,502
2113606,249,229,478
2113607,282,230,512
2113608,275,257,532
2113609,156,157,313
2113610,247,244,491
2113611,195,222,417
2113612,172,157,329
2113613,204,209,413
2113614,184,198,382
2113615,108,78,186
2113616,202,193,395
2113617,297,211,508
2113618,230,256,486
2113619,238,237,475
2113620,186,184,370
2113621,178,169,347
2113622,163,161,324
2113623,249,258,507
2113624,294,285,579
2113625,205,255,460
2113626,253,275,528
2113627,213,244,457
2113628,282,339,621
2113629,212,196,408
2113630,215,212,427
2113631,154,211,365
2113632,193,218,411
2113633,258,315,573
2113634,203,234,437
2113635,210,271,481
2113636,122,137,259
2113637,173,175,348
2113638,147,141,288
2113639,222,269,491
2113640,110,111,221
2113641,153,143,296
2113701,0,0,0
2113702,346,357,703
2113703,135,134,269
2113704,325,313,638
2113705,179,188,367
2113706,218,249,467
2113707,246,251,497
2113708,172,209,381
2113709,252,273,525
2113710,332,345,677
2113711,235,222,457
2113712,137,173,310
2113713,201,186,387
2113714,223,214,437
2113715,225,261,486
2113716,182,171,353
2113717,335,280,615
2113718,172,178,350
2113719,263,253,516
2113720,298,331,629
2113721,162,146,308
2113722,211,254,465
2113723,275,290,565
2113724,262,265,527
2113725,257,282,539
2113726,184,195,379
2113727,256,305,561
2113728,243,364,607
2113729,366,339,705
2113730,313,320,633
2113731,153,172,325
2113801,148,184,332
2113802,223,203,426
2113803,134,147,281
2113804,179,229,408
2113805,190,226,416
2113806,128,142,270
2113807,133,148,281
2113808,192,212,404
2113809,152,159,311
2113810,176,215,391
2113811,194,189,383
2113812,290,338,628
2113813,209,232,441
2113814,247,300,547
2113815,188,221,409
2113816,189,200,389
2113817,174,208,382
2113818,221,239,460
2113819,185,228,413
2113820,270,290,560
2113821,176,162,338
2113822,183,227,410
2113823,224,314,538
2113824,215,224,439
2113825,199,255,454
2113826,172,189,361
2113827,226,220,446
2113828,137,152,289
2113829,180,207,387
2113830,241,229,470
2113831,170,190,360
2113832,127,125,252
2113901,169,152,321
2113902,184,256,440
2113903,236,220,456
2113904,137,149,286
2113905,299,313,612
2113906,185,206,391
2113907,361,317,678
2113908,155,104,259
2113909,235,255,490
2113910,272,191,463
2113911,243,271,514
2114001,142,143,285
2114002,183,171,354
2114003,124,142,266
2114004,143,174,317
2114005,147,180,327
2114006,170,205,375
2114007,160,177,337
2114008,239,274,513
2114009,212,216,428
2114010,214,231,445
2114011,175,183,358
2114012,154,174,328
2114013,0,0,0
2114014,229,282,511
2114015,203,219,422
2114016,261,277,538
2114017,155,178,333
2114018,166,174,340
2114019,171,176,347
2114020,113,166,279
2114021,186,236,422
2114022,176,194,370
2114023,169,213,382
2114101,332,342,674
2114102,225,215,440
2114103,165,121,286
2114104,335,300,635
2114105,343,319,662
2114106,373,425,798
2114107,134,162,296
2114108,143,152,295
2114109,246,210,456
2114110,137,139,276
2114111,177,188,365
2114112,308,306,614
2114113,127,116,243
2114114,209,224,433
2114201,196,246,442
2114202,186,191,377
2114203,159,238,397
2114204,233,270,503
2114205,227,268,495
2114206,276,228,504
2114207,112,109,221
2114208,242,235,477
2114209,217,209,426
2114210,216,246,462
2114211,177,192,369
2114212,225,250,475
2114213,173,204,377
2114214,149,82,231
2114215,195,105,300
2114216,147,162,309
2114217,299,300,599
2114218,129,112,241
2114219,189,185,374
2114220,232,244,476
2114221,242,270,512
2114222,133,138,271
2114223,298,294,592
2114301,197,233,430
2114302,149,157,306
2114303,217,237,454
2114304,132,134,266
2114305,271,295,566
2114306,267,271,538
2114307,251,295,546
2114308,245,318,563
2114309,245,279,524
2114310,167,190,357
2114311,225,227,452
2114312,214,261,475
2114313,110,125,235
2114314,227,277,504
2114315,215,252,467
2114316,251,268,519
2114317,255,272,527
2114318,173,199,372
2114319,90,176,266
2114320,165,159,324
2114321,166,179,345
2114322,194,216,410
2114323,182,204,386
2114324,260,259,519
2114325,202,192,394
2114326,133,152,285
2114327,224,212,436
2114401,220,206,426
2114402,206,244,450
2114403,251,249,500
2114404,187,171,358
2114405,203,282,485
2114406,228,255,483
2114407,192,264,456
2114408,179,211,390
2114409,205,260,465
2114410,221,239,460
2114411,121,128,249
2114412,252,270,522
2114413,220,218,438
2114414,206,219,425
2114415,193,161,354
2114416,187,195,382
2114417,206,233,439
2114418,240,275,515
2114419,191,180,371
2114420,211,191,402
2114421,155,127,282
2114422,148,155,303
2114423,236,252,488
2114424,242,228,470
2114425,249,215,464
2114426,242,215,457
2114427,228,272,500
2114428,229,244,473
2114429,124,145,269
2114430,215,214,429
2114431,139,148,287
2114432,228,252,480
2114433,218,235,453
2114434,121,168,289
2114435,250,260,510
2114436,186,242,428
2114437,125,143,268
2114438,147,147,294
2114439,151,145,296
2114440,243,216,459
2114441,145,174,319
2114442,232,218,450
2114443,298,265,563
2114444,407,384,791
2114445,364,325,689
2114446,263,212,475
2114447,209,194,403
2114448,240,263,503
2114449,217,235,452
2114450,273,304,577
2114451,198,213,411
2114452,275,243,518
2114453,214,216,430
2114454,261,343,604
2114455,263,274,537
2114456,144,126,270
2114457,250,309,559
2114458,171,184,355
2114459,150,160,310
2114460,210,211,421
2114461,0,5,5
2114501,224,216,440
2114502,229,262,491
2114503,224,233,457
2114504,187,181,368
2114505,222,252,474
2114506,281,285,566
2114507,134,155,289
2114508,164,169,333
2114509,0,0,0
2114510,260,298,558
2114511,192,181,373
2114512,201,183,384
2114513,173,186,359
2114514,245,222,467
2114515,192,230,422
2114516,133,174,307
2114517,250,266,516
2114518,138,181,319
2114519,170,176,346
2114520,219,121,340
2114521,160,167,327
2114601,191,192,383
2114602,124,129,253
2114603,204,210,414
2114604,173,168,341
2114605,163,165,328
2114606,318,288,606
2114607,204,176,380
2114608,120,131,251
2114609,262,292,554
2114610,202,234,436
2114611,246,239,485
2114612,173,168,341
2114613,142,145,287
2114614,289,304,593
2114615,172,227,399
2114616,141,175,316
2114617,129,111,240
2114618,177,169,346
2114619,316,320,636
2114701,230,248,478
2114702,160,182,342
2114703,131,131,262
2114704,196,182,378
2114705,237,249,486
2114706,261,329,590
2114707,125,125,250
2114708,118,128,246
2114709,248,283,531
2114710,273,314,587
2114711,222,262,484
2114712,186,221,407
2114713,296,305,601
2114714,320,336,656
2114715,187,218,405
2114716,206,292,498
2114717,229,222,451
2114718,172,184,356
2114719,249,308,557
2114720,267,245,512
2114721,200,216,416
2114722,221,237,458
2114723,227,295,522
2114724,224,286,510
2114725,252,312,564
2114726,231,236,467
2114727,218,256,474
2114728,232,283,515
2114729,196,237,433
2114730,173,292,465
2114731,136,176,312
2114732,179,215,394
2114733,218,236,454
2114734,115,124,239
2114735,126,146,272
2114801,173,175,348
2114802,220,259,479
2114803,178,184,362
2114804,237,224,461
2114805,132,143,275
2114806,244,244,488
2114807,286,305,591
2114808,216,244,460
2114809,193,200,393
2114810,146,148,294
2114811,249,252,501
2114812,260,269,529
2114813,192,179,371
2114814,170,182,352
2114815,205,181,386
2114816,249,221,470
2114817,266,303,569
2114818,122,142,264
2114819,201,189,390
2114820,137,181,318
2114821,129,131,260
2114822,236,255,491
2114823,223,235,458
2114824,196,197,393
2114825,187,186,373
2114826,155,148,303
2114827,314,292,606
2114828,283,290,573
2114829,203,190,393
2114830,207,215,422
2114831,236,245,481
2114832,274,304,578
2114833,213,224,437
2114834,181,193,374
2114835,134,128,262
2114836,125,119,244
2114837,116,114,230
2114838,216,220,436
2114839,239,255,494
2114840,184,198,382
2114841,239,246,485
2114842,122,151,273
2114843,143,163,306
2114844,151,155,306
2114845,201,235,436
2114846,0,0,0
2114847,0,0,0
2114848,150,151,301
2114849,127,152,279
2114850,201,264,465
2114851,135,141,276
2114852,167,168,335
2114901,193,262,455
2114902,197,215,412
2114903,144,159,303
2114904,195,244,439
2114905,208,205,413
2114906,264,304,568
2114907,202,217,419
2114908,227,272,499
2114909,250,264,514
2114910,176,183,359
2114911,142,142,284
2114912,128,170,298
2114913,161,183,344
2114914,195,192,387
2114915,114,155,269
2114916,249,245,494
2114917,182,185,367
2114918,241,270,511
2114919,215,255,470
2114920,198,207,405
2114921,110,136,246
2114922,115,139,254
2114923,105,108,213
2114924,199,211,410
2114925,155,143,298
2114926,151,199,350
2114927,146,198,344
2114928,248,286,534
2114929,219,219,438
2114930,246,274,520
2114931,205,241,446
2114932,237,255,492
2114933,82,90,172
2114934,253,262,515
2114935,331,385,716
2114936,211,214,425
2114937,135,145,280
2114938,86,194,280
2114939,225,321,546
2114940,220,246,466
2114941,257,291,548
2114942,149,186,335
2114943,192,246,438
2114944,269,282,551
2114945,135,147,282
2114946,272,320,592
2114947,201,204,405
2114948,137,164,301
2114949,203,208,411
2115001,165,156,321
2115002,249,241,490
2115003,228,226,454
2115004,165,194,359
2115005,214,216,430
2115006,238,257,495
2115007,121,110,231
2115008,115,112,227
2115009,161,193,354
2115010,227,251,478
2115011,192,171,363
2115012,175,205,380
2115013,273,315,588
2115014,164,169,333
2115015,273,336,609
2115016,186,214,400
2115017,158,162,320
2115018,234,246,480
2115019,216,226,442
2115020,251,244,495
2115021,297,295,592
2115022,238,256,494
2115023,184,235,419
2115024,212,210,422
2115025,148,182,330
2115026,301,312,613
2115027,543,521,1064
2115028,85,103,188
2115029,243,250,493
2115030,151,201,352
2115031,206,253,459
2115032,217,246,463
2115033,160,176,336
2115034,166,177,343
2115035,120,122,242
2115036,159,186,345
2115037,131,131,262
2115038,141,145,286
2115101,264,337,601
2115102,145,169,314
2115103,205,194,399
2115104,247,238,485
2115105,235,288,523
2115106,249,277,526
2115107,215,198,413
2115108,119,147,266
2115109,208,199,407
2115110,183,224,407
2115111,209,188,397
2115112,107,110,217
2115113,278,348,626
2115114,257,285,542
2115115,178,167,345
2115116,315,232,547
2115117,191,184,375
2115118,226,213,439
2115119,282,330,612
2115120,94,125,219
2115121,264,307,571
2115122,181,238,419
2115123,186,182,368
2115124,125,133,258
2115125,209,229,438
2115126,144,187,331
2115127,200,221,421
2115128,268,311,579
2115129,198,202,400
2115130,191,181,372
2115131,205,196,401
2115132,99,94,193
2115133,259,265,524
2115134,214,260,474
2115135,149,201,350
2115136,315,152,467
2115137,229,247,476
2115138,209,210,419
2115139,314,305,619
2115140,208,187,395
2115141,380,298,678
2115142,240,238,478
2115143,247,217,464
2115144,268,285,553
2115145,153,176,329
2115146,238,230,468
2115147,286,325,611
2115201,296,281,577
2115202,208,220,428
2115203,128,118,246
2115204,192,182,374
2115205,241,247,488
2115206,245,274,519
2115207,231,240,471
2115208,170,175,345
2115209,141,162,303
2115210,239,276,515
2115211,226,226,452
2115212,190,193,383
2115213,154,155,309
2115214,175,179,354
2115215,211,222,433
2115216,213,211,424
2115217,195,159,354
2115218,222,234,456
2115219,233,241,474
2115220,283,310,593
2115221,125,224,349
2115222,279,329,608
2115223,161,185,346
2115224,282,284,566
2115225,142,143,285
2115226,248,248,496
2115227,286,312,598
2115228,228,234,462
2115229,213,258,471
2115230,229,211,440
2115231,202,258,460
2115301,196,236,432
2115302,199,272,471
2115303,200,246,446
2115304,208,228,436
2115305,276,215,491
2115306,216,250,466
2115307,239,207,446
2115308,279,289,568
2115309,233,232,465
2115310,186,276,462
2115311,195,215,410
2115312,205,188,393
2115313,257,284,541
2115314,150,170,320
2115315,184,187,371
2115316,269,311,580
2115317,261,296,557
2115318,187,195,382
2115319,123,151,274
2115320,213,240,453
2115321,215,204,419
2115322,273,289,562
2115323,140,177,317
2115324,177,249,426
2115325,226,295,521
2115326,164,192,356
2115327,190,209,399
2115328,210,229,439
2115329,175,166,341
2115330,223,242,465
2115331,320,326,646
2115332,171,173,344
2115333,178,182,360
2115334,215,233,448
2115335,212,242,454
2115336,185,237,422
2115337,133,163,296
2115338,189,213,402
2115339,252,220,472
2115340,166,168,334
2115341,188,210,398
2115342,160,176,336
2115343,202,196,398
2115344,240,272,512
2115345,168,205,373
2115346,232,253,485
2115347,168,171,339
2115348,247,259,506
2115349,241,296,537
2115350,184,196,380
2115351,205,204,409
2115352,140,108,248
2115353,153,181,334
2115354,176,206,382
2115355,0,0,0
2115356,145,164,309
2115357,125,130,255
2115401,158,146,304
2115402,128,154,282
2115403,152,187,339
2115404,179,210,389
2115405,123,130,253
2115406,131,155,286
2115407,182,171,353
2115408,187,204,391
2115409,196,200,396
2115410,234,237,471
2115411,226,270,496
2115412,274,276,550
2115413,184,198,382
2115414,150,158,308
2115415,120,119,239
2115416,224,214,438
2115417,202,225,427
2115418,0,0,0
2115501,204,209,413
2115502,171,192,363
2115503,303,293,596
2115504,164,158,322
2115505,153,259,412
2115506,174,183,357
2115507,115,123,238
2115508,206,194,400
2115509,151,178,329
2115510,234,266,500
2115511,264,265,529
2115512,179,189,368
2115513,143,141,284
2115514,218,258,476
2115515,142,141,283
2115516,105,136,241
2115517,154,148,302
2115518,170,202,372
2115519,188,173,361
2115520,188,249,437
2115521,182,192,374
2115522,257,303,560
2115523,114,115,229
2115524,165,209,374
2115525,207,230,437
2115526,255,296,551
2115527,101,121,222
2115528,179,208,387
2115529,110,128,238
2115530,236,259,495
2115531,143,185,328
2115532,213,221,434
2115533,192,214,406
2115534,270,273,543
2115535,166,194,360
2115536,129,154,283
2115537,121,145,266
2115538,149,152,301
2115539,130,124,254
2115540,202,226,428
2115541,109,125,234
2115542,186,220,406
2115543,87,108,195
2115601,186,197,383
2115602,268,292,560
2115603,277,289,566
2115604,154,155,309
2115605,264,268,532
2115606,3,0,3
2115607,108,132,240
2115608,5,3,8
2115609,246,241,487
2115610,250,273,523
2115611,191,205,396
2115612,184,195,379
2115613,265,285,550
2115614,170,149,319
2115615,248,278,526
2115616,149,146,295
2115617,179,193,372
2115618,221,215,436
2115619,275,281,556
2115620,248,249,497
2115621,239,261,500
2115622,146,166,312
2115623,170,184,354
2115624,178,172,350
2115625,204,208,412
2115626,169,181,350
2115627,176,162,338
2115628,160,161,321
2115701,185,305,490
2115702,149,156,305
2115703,240,271,511
2115704,175,179,354
2115705,164,166,330
2115706,189,213,402
2115707,241,271,512
2115708,242,269,511
2115709,200,215,415
2115710,288,297,585
2115711,175,186,361
2115712,272,289,561
2115713,150,146,296
2115714,150,132,282
2115715,262,290,552
2115716,223,243,466
2115717,211,232,443
2115718,134,153,287
2115719,0,0,0
2115720,176,184,360
2115721,170,181,351
2115722,130,140,270
2115723,162,187,349
2115724,230,209,439
2115725,168,245,413
2115726,190,177,367
2115727,151,170,321
2115728,132,137,269
2115729,210,231,441
2115730,184,179,363
2115731,260,250,510
2115732,273,289,562
2115733,276,312,588
2115734,281,287,568
2115735,172,182,354
2115736,190,206,396
2115737,276,309,585
2115738,180,183,363
2115739,143,165,308
2115740,113,116,229
2115741,197,208,405
2115742,219,221,440
2115743,214,226,440
2115744,128,145,273
2115745,147,176,323
2115746,195,210,405
2115801,156,156,312
2115802,174,185,359
2115803,270,293,563
2115804,202,213,415
2115805,143,154,297
2115806,170,187,357
2115807,171,177,348
2115808,135,142,277
2115809,165,170,335
2115810,123,132,255
2115811,214,235,449
2115812,230,254,484
2115813,262,264,526
2115814,134,159,293
2115815,195,192,387
2115816,243,232,475
2115817,114,116,230
2115818,213,243,456
2115819,137,176,313
2115820,246,225,471
2115821,164,167,331
2115822,157,177,334
2115823,112,152,264
2115824,146,196,342
2115825,113,111,224
2115826,157,155,312
2115827,205,209,414
2115828,306,367,673
2115829,224,192,416
2115830,151,140,291
2115831,173,204,377
2115832,242,243,485
2115833,249,245,494
2115834,311,288,599
2115835,141,139,280
2115836,280,281,561
2115837,243,245,488
2115838,168,192,360
2115839,173,156,329
2115840,199,238,437
2115841,207,205,412
2115842,234,245,479
2115843,180,241,421
2115844,295,351,646
2115845,227,235,462
2115846,137,138,275
2115847,146,141,287
2115848,253,294,547
2115849,149,193,342
2115850,160,191,351
2115851,204,196,400
2115852,183,211,394
2115853,163,172,335
2115854,180,206,386
2115855,153,191,344
2115856,103,136,239
2115857,216,214,430
2115858,196,212,408
2115859,203,277,480
2115860,281,298,579
2115861,177,176,353
2115862,175,245,420
2115863,193,197,390
2115864,244,271,515
2115865,310,341,651
2115866,0,0,0
2115867,125,141,266
2115868,131,124,255
2115869,179,183,362
2115901,273,270,543
2115902,129,128,257
2115903,149,163,312
2115904,261,264,525
2115905,231,231,462
2115906,171,216,387
2115907,244,248,492
2115908,148,136,284
2115909,157,160,317
2115910,273,292,565
2115911,186,185,371
2115912,215,211,426
2115913,111,125,236
2115914,152,177,329
2115915,201,178,379
2115916,171,187,358
2115917,201,195,396
2115918,179,177,356
2115919,182,241,423
2115920,245,274,519
2115921,261,265,526
2115922,212,218,430
2115923,144,157,301
2115924,249,249,498
2115925,3,0,3
2115926,228,267,495
2115927,172,202,374
2115928,140,157,297
2115929,120,156,276
2115930,204,187,391
2115931,140,138,278
2115932,82,79,161
2115933,234,281,515
2115934,239,238,477
2115935,119,119,238
2115936,170,270,440
2115937,109,119,228
2115938,208,227,435
2115939,226,229,455
2115940,138,149,287
2115941,220,239,459
2115942,188,196,384
2115943,201,203,404
2115944,100,97,197
2116001,120,126,246
2116002,200,263,463
2116003,177,193,370
2116004,158,166,324
2116005,121,112,233
2116006,246,256,502
2116007,241,229,470
2116008,225,211,436
2116009,136,143,279
2116010,212,288,500
2116011,184,207,391
2116012,167,173,340
2116013,201,236,437
2116014,274,283,557
2116015,152,138,290
2116016,186,199,385
2116017,269,304,573
2116018,120,152,272
2116019,203,283,486
2116020,162,159,321
2116021,131,143,274
2116022,178,187,365
2116023,252,274,526
2116024,240,264,504
2116025,307,310,617
2116026,181,191,372
2116027,238,229,467
2116028,196,210,406
2116029,183,175,358
2116030,113,126,239
2116031,234,237,471
2116032,219,242,461
2116033,102,108,210
2116101,143,175,318
2116102,239,266,505
2116103,221,253,474
2116104,170,188,358
2116105,286,307,593
2116106,205,214,419
2116107,215,225,440
2116108,151,145,296
2116109,243,262,505
2116110,149,155,304
2116111,272,282,554
2116112,182,193,375
2116113,103,122,225
2116114,159,183,342
2116115,195,220,415
2116116,228,217,445
2116117,272,314,586
2116118,274,251,525
2116119,211,211,422
2116120,197,193,390
2116121,333,299,632
2116122,195,213,408
2116123,253,286,539
2116124,265,290,555
2116125,238,287,525
2116126,142,158,300
2116127,258,265,523
2116128,278,254,532
2116129,236,236,472
2116130,205,239,444
2116131,249,249,498
2116132,229,248,477
2116133,133,144,277
2116134,181,199,380
2116135,290,315,605
2116136,329,301,630
2116137,162,175,337
2116138,263,261,524
2116139,262,273,535
2116140,150,158,308
2116141,186,181,367
2116142,283,315,598
2116143,180,220,400
2116144,0,3,3
2116145,212,240,452
2116201,184,199,383
2116202,171,178,349
2116203,170,230,400
2116204,190,198,388
2116205,127,168,295
2116206,278,317,595
2116207,172,152,324
2116208,244,258,502
2116209,159,168,327
2116210,306,315,621
2116211,270,259,529
2116212,186,206,392
2116213,235,270,505
2116214,229,216,445
2116215,169,194,363
2116216,120,111,231
2116217,163,349,512
2116218,240,237,477
2116219,268,275,543
2116220,142,155,297
2116221,309,331,640
2116222,165,182,347
2116223,159,186,345
2116224,132,146,278
2116225,229,272,501
2116301,186,205,391
2116302,172,182,354
2116303,176,189,365
2116304,246,263,509
2116305,180,194,374
2116306,259,226,485
2116307,201,204,405
2116308,249,291,540
2116309,245,258,503
2116310,187,183,370
2116311,327,293,620
2116312,169,174,343
2116313,145,146,291
2116314,216,197,413
2116315,326,367,693
2116316,269,310,579
2116317,407,483,890
2116318,239,264,503
2116319,245,286,531
2116320,180,213,393
2116321,185,197,382
2116322,155,224,379
2116323,124,137,261
2116324,196,229,425
2116325,113,137,250
2116326,172,184,356
2116327,203,185,388
2116328,189,185,374
2116329,206,223,429
2116330,320,329,649
2116331,148,159,307
2116332,155,159,314
2116333,227,221,448
2116334,132,145,277
2116335,294,271,565
2116336,290,259,549
2116337,176,147,323
2116338,158,165,323
2116339,100,127,227
2116340,153,167,320
2116341,128,148,276
2116401,246,257,503
2116402,206,229,435
2116403,138,176,314
2116404,228,278,506
2116405,215,239,454
2116406,194,168,362
2116407,265,283,548
2116408,161,185,346
2116409,212,226,438
2116410,225,258,483
2116411,255,239,494
2116412,319,359,678
2116413,206,244,450
2116414,224,227,451
2116415,260,289,549
2116416,240,257,497
2116417,282,333,615
2116418,173,206,379
2116419,225,239,464
2116420,225,256,481
2116421,170,192,362
2116422,144,158,302
2116423,230,222,452
2116424,148,145,293
2116425,208,231,439
2116426,227,246,473
2116427,301,289,590
2116428,184,250,434
2116429,265,267,532
2116430,214,213,427
2116431,269,304,573
2116432,164,176,340
2116433,175,194,369
2116434,160,191,351
2116435,174,148,322
2116436,214,261,475
2116437,119,127,246
2116501,234,260,494
2116502,230,268,498
2116503,142,225,367
2116504,171,176,347
2116505,186,211,397
2116506,137,283,420
2116507,148,160,308
2116508,113,135,248
2116509,122,117,239
2116510,236,247,483
2116511,197,186,383
2116512,238,266,504
2116513,278,293,571
2116514,188,205,393
2116515,217,234,451
2116516,130,182,312
2116517,244,217,461
2116518,174,281,455
2116519,290,418,708
2116520,203,232,435
2116521,186,224,410
2116522,156,198,354
2116523,258,316,574
2116524,192,213,405
2116525,0,0,0
2116526,125,138,263
2116527,132,184,316
2116601,274,254,528
2116602,156,173,329
2116603,239,245,484
2116604,256,266,522
2116605,242,250,492
2116606,116,124,240
2116607,160,151,311
2116608,158,186,344
2116609,99,111,210
2116610,114,122,236
2116611,118,103,221
2116612,108,111,219
2116613,184,219,403
2116614,219,247,466
2116615,188,183,371
2116616,125,102,227
2116617,270,242,512
2116618,160,143,303
2116619,194,173,367
2116620,271,302,573
2116621,297,313,610
2116622,149,148,297
2116623,142,133,275
2116624,189,175,364
2116625,163,168,331
2116626,198,232,430
2116627,229,246,475
2116701,174,215,389
2116702,279,329,608
2116703,200,219,419
2116704,205,229,434
2116705,219,247,466
2116706,232,262,494
2116707,214,248,462
2116708,229,235,464
2116709,163,185,348
2116710,215,256,471
2116711,131,135,266
2116712,179,192,371
2116713,225,285,510
2116714,209,196,405
2116715,240,258,498
2116716,264,299,563
2116717,226,242,468
2116718,174,174,348
2116719,211,222,433
2116720,110,118,228
2116721,100,111,211
2116722,166,177,343
2116723,264,299,563
2116801,3,3,6
2116802,214,183,397
2116803,169,190,359
2116804,211,209,420
2116805,186,214,400
2116806,281,292,573
2116807,165,167,332
2116808,271,271,542
2116809,239,248,487
2116810,275,262,537
2116811,118,130,248
2116812,145,148,293
2116813,261,287,548
2116814,232,246,478
2116815,203,216,419
2116816,151,150,301
2116817,203,224,427
2116818,217,191,408
2116819,250,270,520
2116820,276,294,570
2116821,189,197,386
2116822,132,151,283
2116823,245,270,515
2116824,279,288,567
2116825,155,159,314
2116826,273,352,625
2116827,151,169,320
2116828,200,209,409
2116829,143,152,295
2116830,144,157,301
2116831,154,157,311
2116832,119,135,254
2116901,178,196,374
2116902,195,197,392
2116903,253,282,535
2116904,241,253,494
2116905,155,195,350
2116906,154,169,323
2116907,239,248,487
2116908,118,128,246
2116909,152,188,340
2116910,280,335,615
2116911,151,168,319
2116912,184,199,383
2116913,231,265,496
2116914,202,251,453
2116915,158,229,387
2116916,133,155,288
2116917,224,275,499
2116918,146,186,332
2116919,120,117,237
2116920,143,146,289
2116921,166,157,323
2116922,156,165,321
2116923,230,219,449
2116924,252,335,587
2116925,250,279,529
2116926,131,167,298
2116927,105,180,285
2116928,155,191,346
2116929,240,261,501
2116930,306,333,639
2116931,221,259,480
2116932,157,166,323
2116933,271,295,566
2116934,168,205,373
2116935,192,251,443
2116936,174,187,361
2116937,167,200,367
2116938,246,332,578
2116939,192,219,411
2116940,176,198,374
2116941,290,313,603
2116942,149,156,305
2116943,183,197,380
2116944,174,175,349
2116945,119,141,260
2116946,131,120,251
2116947,178,170,348
2116948,213,241,454
2116949,187,206,393
2116950,199,239,438
2116951,213,209,422
2116952,107,138,245
2116953,200,216,416
2117001,246,243,489
2117002,147,160,307
2117003,115,118,233
2117004,166,197,363
2117005,108,104,212
2117006,263,293,556
2117007,121,143,264
2117008,139,159,298
2117009,167,162,329
2117010,175,162,337
2117011,200,213,413
2117012,213,251,464
2117013,119,147,266
2117014,185,200,385
2117015,190,202,392
2117016,170,187,357
2117017,189,197,386
2117018,177,193,370
2117019,171,273,444
2117020,238,277,515
2117021,226,261,487
2117022,266,267,533
2117023,264,240,504
2117024,116,122,238
2117025,226,232,458
2117026,291,277,568
2117027,167,191,358
2117028,233,260,493
2117029,206,205,411
2117030,139,245,384
2117031,195,193,388
2117032,263,316,579
2117033,285,304,589
2117034,196,212,408
2117035,172,177,349
2117036,197,209,406
2117037,221,263,484
2117038,191,215,406
2117101,246,278,524
2117102,187,259,446
2117103,163,171,334
2117104,109,116,225
2117105,214,212,426
2117106,293,303,596
2117107,266,293,559
2117108,268,303,571
2117109,203,229,432
2117110,320,319,639
2117111,229,256,485
2117112,210,239,449
2117113,159,152,311
2117114,124,112,236
2117115,281,305,586
2117116,264,265,529
2117117,249,252,501
2117118,184,220,404
2117119,192,210,402
2117120,156,152,308
2117121,166,181,347
2117122,165,194,359
2117123,223,301,524
2117201,260,269,529
2117202,133,138,271
2117203,187,218,405
2117204,300,300,600
2117205,185,179,364
2117206,198,210,408
2117207,264,307,571
2117208,223,244,467
2117209,218,229,447
2117210,224,246,470
2117211,266,285,551
2117212,221,244,465
2117213,169,182,351
2117214,154,205,359
2117215,171,188,359
2117216,181,202,383
2117217,226,266,492
2117218,295,321,616
2117219,243,262,505
2117220,227,245,472
2117221,221,254,475
2117222,297,304,601
2117223,201,213,414
2117224,235,240,475
2117225,199,224,423
2117226,246,244,490
2117227,252,257,509
2117228,290,294,584
2117229,264,259,523
2117230,278,276,554
2117231,180,179,359
2117232,155,193,348
2117233,104,113,217
2117234,176,177,353
2117235,129,141,270
2117236,244,286,530
2117237,104,122,226
2117238,208,229,437
2117301,182,182,364
2117302,225,220,445
2117303,299,344,643
2117304,166,237,403
2117305,185,209,394
2117306,234,231,465
2117307,208,199,407
2117308,148,155,303
2117309,214,234,448
2117310,208,211,419
2117311,127,171,298
2117312,188,232,420
2117313,205,208,413
2117314,214,225,439
2117315,179,185,364
2117316,233,231,464
2117317,181,210,391
2117318,141,149,290
2117319,119,117,236
2117320,211,209,420
2117321,139,150,289
2117322,232,336,568
2117323,138,245,383
2117324,252,256,508
2117325,169,176,345
2117326,259,299,558
2117327,159,173,332
2117328,241,266,507
2117329,299,326,625
2117330,222,230,452
2117331,191,222,413
2117332,265,272,537
2117333,219,216,435
2117334,144,151,295
2117335,254,268,522
2117336,232,234,466
2117401,281,289,570
2117402,245,209,454
2117403,205,256,461
2117404,157,165,322
2117405,283,271,554
2117406,183,194,377
2117407,163,172,335
2117408,162,188,350
2117409,214,222,436
2117410,207,240,447
2117411,215,209,424
2117412,310,305,615
2117413,147,146,293
2117414,357,325,682
2117415,159,171,330
2117416,107,130,237
2117417,208,207,415
2117418,169,185,354
2117419,196,224,420
2117420,233,250,483
2117421,228,232,460
2117422,220,221,441
2117423,257,292,549
2117424,215,230,445
2117425,159,177,336
2117426,188,228,416
2117427,168,192,360
2117428,201,233,434
2117429,200,215,415
2117430,274,250,524
2117431,103,103,206
2117432,127,132,259
2117433,153,186,339
2117434,184,214,398
2117435,205,247,452
2117436,170,170,340
2117437,145,172,317
2117438,146,146,292
2117439,266,276,542
2117440,247,273,520
2117441,205,205,410
2117442,153,157,310
2117443,158,169,327
2117444,155,162,317
2117445,198,211,409
2117446,199,196,395
2117447,196,208,404
2117448,140,148,288
2117449,124,284,408
2117450,182,185,367
2117451,142,171,313
2117452,164,182,346
2117501,260,293,553
2117502,258,269,527
2117503,254,255,509
2117504,252,281,533
2117505,158,170,328
2117506,119,131,250
2117507,309,350,659
2117508,262,289,551
2117509,274,275,549
2117510,216,243,459
2117511,168,154,322
2117512,163,180,343
2117513,224,239,463
2117514,251,283,534
2117515,156,175,331
2117516,266,276,542
2117517,224,244,468
2117518,302,322,624
2117519,188,177,365
2117520,155,178,333
2117521,188,179,367
2117522,282,301,583
2117523,167,193,360
2117524,195,179,374
2117525,166,172,338
2117526,279,278,557
2117527,222,233,455
2117528,233,225,458
2117529,233,271,504
2117530,249,222,471
2117531,173,181,354
2117532,250,252,502
2117533,204,222,426
2117534,218,192,410
2117535,211,225,436
2117536,213,211,424
2117537,157,156,313
2117538,150,162,312
2117539,217,232,449
2117540,210,208,418
2117541,212,212,424
2117542,219,203,422
2117543,290,313,603
2117544,173,202,375
2117545,187,181,368
2117546,169,182,351
2117547,104,106,210
2117548,149,142,291
2117549,151,164,315
2117550,210,197,407
2117551,142,129,271
2117552,142,152,294
2117553,204,226,430
2117554,204,237,441
2117555,259,264,523
2117556,153,152,305
2117557,185,179,364
2117558,218,218,436
2117559,193,201,394
2117560,120,135,255
2117561,102,119,221
2117562,228,235,463
2117601,156,169,325
2117602,310,269,579
2117603,188,197,385
2117604,181,205,386
2117605,253,279,532
2117606,139,149,288
2117607,168,183,351
2117608,301,298,599
2117609,135,171,306
2117610,184,247,431
2117611,150,175,325
2117612,262,310,572
2117613,234,243,477
2117614,182,231,413
2117615,266,310,576
2117616,295,316,611
2117617,167,201,368
2117618,97,104,201
2117619,200,209,409
2117620,162,161,323
2117621,173,186,359
2117622,228,239,467
2117623,191,215,406
2117624,173,158,331
2117625,274,270,544
2117626,135,131,266
2117627,235,220,455
2117628,213,185,398
2117629,212,195,407
2117630,243,254,497
2117631,258,269,527
2117632,178,196,374
2117633,306,305,611
2117634,239,206,445
2117635,136,145,281
2117636,208,212,420
2117637,156,163,319
2117638,196,178,374
2117639,167,182,349
2117701,168,151,319
2117702,232,222,454
2117703,249,216,465
2117704,157,151,308
2117705,178,174,352
2117706,119,157,276
2117707,246,265,511
2117708,164,183,347
2117709,112,123,235
2117710,213,224,437
2117711,207,185,392
2117712,160,180,340
2117713,190,224,414
2117714,159,182,341
2117715,106,117,223
2117716,101,103,204
2117717,195,189,384
2117718,123,152,275
2117719,106,114,220
2117720,98,133,231
2117721,116,113,229
2117722,224,206,430
2117723,232,239,471
2117724,150,173,323
2117725,180,218,398
2117726,161,179,340
2117727,129,130,259
2117728,204,202,406
2117729,140,125,265
2117730,221,291,512
2117731,149,174,323
2117732,123,112,235
2117733,130,176,306
2117734,152,185,337
2117735,150,157,307
2117736,162,177,339
2117737,128,144,272
2117738,212,174,386
2117739,132,123,255
2117740,291,332,623
2117741,253,301,554
2117742,284,303,587
2117743,188,191,379
2117744,147,133,280
2117745,317,312,629
2117746,198,207,405
2117747,136,164,300
2117748,179,191,370
2117749,252,256,508
2117750,145,149,294
2117751,118,158,276
2117752,322,324,646
2117753,156,172,328
2117754,119,143,262
2117755,104,108,212
2117801,124,135,259
2117802,113,113,226
2117803,189,198,387
2117804,216,216,432
2117805,243,291,534
2117806,147,152,299
2117807,123,133,256
2117808,163,140,303
2117809,170,159,329
2117810,146,149,295
2117811,152,137,289
2117812,145,165,310
2117813,147,146,293
2117814,149,177,326
2117815,267,292,559
2117816,123,124,247
2117817,238,265,503
2117818,263,297,560
2117819,145,149,294
2117820,156,162,318
2117821,145,143,288
2117822,134,154,288
2117823,138,156,294
2117824,190,194,384
2117825,208,189,397
2117826,210,254,464
2117827,238,271,509
2117828,254,275,529
2117829,273,300,573
2117830,127,124,251
2117831,251,261,512
2117832,141,146,287
2117833,274,289,563
2117834,215,231,446
2117835,242,225,467
2117836,216,260,476
2117837,182,200,382
2117838,218,239,457
2117839,243,246,489
2117840,197,213,410
2117841,104,116,220
2117842,176,220,396
2117843,150,175,325
2117901,219,228,447
2117902,125,140,265
2117903,131,142,273
2117904,196,256,452
2117905,193,202,395
2117906,257,269,526
2117907,175,191,366
2117908,193,225,418
2117909,226,272,498
2117910,233,266,499
2117911,230,236,466
2117912,113,146,259
2117913,130,166,296
2117914,205,220,425
2117915,259,304,563
2117916,235,265,500
2117917,168,157,325
2117918,163,228,391
2117919,161,180,341
2117920,151,183,334
2117921,64,76,140
2117922,129,126,255
2117923,287,281,568
2117924,111,123,234
2117925,224,230,454
2117926,214,259,473
2117927,150,177,327
2117928,120,126,246
2118001,153,158,311
2118002,131,170,301
2118003,196,237,433
2118004,274,292,566
2118005,170,175,345
2118006,196,177,373
2118007,253,278,531
2118008,164,170,334
2118009,177,155,332
2118010,178,216,394
2118011,202,217,419
2118012,248,219,467
2118013,274,287,561
2118014,267,289,556
2118015,133,168,301
2118016,224,235,459
2118017,182,188,370
2118101,303,320,623
2118102,191,226,417
2118103,182,202,384
2118104,184,182,366
2118105,124,116,240
2118106,282,301,583
2118107,231,232,463
2118108,216,160,376
2118109,151,176,327
2118110,227,247,474
2118111,291,317,608
2118112,192,216,408
2118113,214,210,424
2118114,206,212,418
2118115,180,177,357
2118116,243,253,496
2118117,230,220,450
2118118,260,248,508
2118119,171,176,347
2118120,165,157,322
2118201,263,269,532
2118202,197,216,413
2118203,310,344,654
2118204,376,386,762
2118205,150,113,263
2118206,198,163,361
2118207,329,309,638
2118208,204,187,391
2118209,165,157,322
2118210,160,151,311
2118211,162,143,305
2118212,193,204,397
2118213,199,232,431
2118214,234,241,475
2118215,186,203,389
2118216,196,216,412
2118217,177,175,352
2118218,193,191,384
2118219,330,307,637
2118220,265,253,518
2118221,256,268,524
2118222,184,194,378
2118223,173,183,356
2118224,301,295,596
2118225,318,335,653
2118226,291,266,557
2118227,178,187,365
2118301,158,162,320
2118302,180,188,368
2118303,112,110,222
2118304,263,289,552
2118305,425,373,798
2118306,426,418,844
2118307,223,228,451
2118308,145,138,283
2118309,123,139,262
2118310,278,270,548
2118311,207,199,406
2118312,311,318,629
2118313,243,210,453
2118314,358,425,783
2118315,224,217,441
2118316,0,0,0
2118317,0,0,0
2118318,200,196,396
2118319,258,261,519
2118320,0,0,0
2118321,246,239,485
2118401,8,6,14
2118501,196,202,398
2118502,127,130,257
2118503,163,140,303
2118504,260,266,526
2118505,126,148,274
2118506,283,298,581
2118507,173,180,353
2118508,225,213,438
2118509,294,283,577
2118510,234,239,473
2118511,158,165,323
2118512,195,219,414
2118513,132,146,278
2118514,120,120,240
2118515,282,300,582
2118516,225,222,447
2118517,231,233,464
2118518,151,157,308
2118519,0,0,0
2118520,263,256,519
2118521,164,138,302
2118522,114,137,251
2118523,129,178,307
2118524,333,315,648
2118525,218,205,423
2118526,191,204,395
2118527,171,155,326
2118528,65,165,230
2118529,154,147,301
2118530,119,125,244
2118601,163,194,357
2118602,0,0,0
2118603,216,233,449
2118604,255,320,575
2118605,186,252,438
2118606,188,204,392
2118607,163,181,344
2118608,162,208,370
2118609,148,202,350
2118610,253,292,545
2118611,136,167,303
2118612,207,212,419
2118613,197,247,444
2118614,100,114,214
2118615,155,142,297
2118616,232,241,473
2118617,219,236,455
2118618,268,248,516
2118619,172,195,367
2118620,204,227,431
2118621,275,294,569
2118622,227,238,465
2118623,281,293,574
2118624,129,172,301
2118625,217,265,482
2118626,266,304,570
2118627,193,216,409
2118628,195,242,437
2118629,202,213,415
2118630,251,277,528
2118631,226,253,479
2118701,297,310,607
2118702,105,104,209
2118703,228,259,487
2118704,284,285,569
2118705,99,98,197
2118706,157,157,314
2118707,136,141,277
2118708,271,277,548
2118709,278,279,557
2118710,209,216,425
2118711,231,231,462
2118712,157,170,327
2118713,138,64,202
2118801,190,164,354
2118802,182,228,410
2118803,259,286,545
2118804,259,267,526
2118805,301,310,611
2118806,175,168,343
2118807,162,173,335
2118808,238,255,493
2118809,247,284,531
2118810,203,229,432
2118811,237,258,495
2118812,179,192,371
2118813,214,246,460
2118814,278,295,573
2118815,122,133,255
2118816,289,323,612
2118817,249,249,498
2118818,165,215,380
2118819,275,275,550
2118820,140,156,296
2118821,244,251,495
2118822,225,211,436
2118823,233,248,481
2118824,171,194,365
2118825,211,202,413
2118826,105,107,212
2118827,142,146,288
2118828,166,152,318
2118829,293,348,641
2118830,187,253,440
2118831,167,197,364
2118832,244,240,484
2118833,118,129,247
2118834,174,210,384
2118835,171,173,344
2118836,290,286,576
2118837,263,330,593
2118838,152,174,326
2118839,134,158,292
2118840,194,224,418
2118841,201,204,405
2118842,173,173,346
2118843,182,191,373
2118844,126,122,248
2118845,131,156,287
2118846,123,141,264
2118847,200,218,418
2118848,162,180,342
2118849,108,104,212
2118850,131,151,282
2118901,301,288,589
2118902,272,268,540
2118903,191,194,385
2118904,224,283,507
2118905,163,182,345
2118906,220,235,455
2118907,295,309,604
2118908,161,177,338
2118909,174,192,366
2118910,222,235,457
2118911,174,158,332
2118912,261,276,537
2118913,241,269,510
2118914,139,160,299
2118915,190,200,390
2118916,157,179,336
2118917,232,239,471
2118918,151,110,261
2118919,189,198,387
2118920,309,306,615
2118921,187,188,375
2118922,131,146,277
2118923,125,134,259
2118924,163,156,319
2118925,157,145,302
2118926,268,296,564
2118927,167,146,313
2118928,135,154,289
2118929,136,180,316
2118930,150,177,327
2119001,141,195,336
2119002,166,192,358
2119003,116,141,257
2119004,132,180,312
2119005,126,162,288
2119006,187,201,388
2119007,154,170,324
2119008,182,228,410
2119009,139,169,308
2119010,216,216,432
2119011,243,274,517
2119012,135,144,279
2119013,128,160,288
2119014,299,301,600
2119015,5,0,5
2119016,173,162,335
2119017,178,183,361
2119018,181,178,359
2119019,204,217,421
2119020,109,125,234
2119021,154,162,316
2119022,221,225,446
2119023,206,240,446
2119024,196,188,384
2119025,178,206,384
2119026,161,155,316
2119027,163,189,352
2119028,167,196,363
2119029,119,132,251
2119030,182,180,362
2119031,147,162,309
2119032,131,127,258
2119033,221,267,488
2119034,84,93,177
2119101,183,196,379
2119102,112,97,209
2119103,67,47,114
2119104,172,170,342
2119105,337,330,667
2119106,105,123,228
2119107,206,231,437
2119108,168,161,329
2119109,263,245,508
2119110,201,220,421
2119111,207,214,421
2119112,176,189,365
2119113,241,225,466
2119114,140,128,268
2119115,293,302,595
2119116,246,249,495
2119117,112,124,236
2119118,129,126,255
2119119,14,4,18
2119120,177,172,349
2119121,190,151,341
2119122,178,189,367
2119123,124,127,251
2119201,0,0,0
2119301,152,148,300
2119302,192,209,401
2119303,144,145,289
2119304,252,305,557
2119305,215,212,427
2119306,9,3,12
2119307,157,203,360
2119308,204,204,408
2119309,213,246,459
2119310,206,237,443
2119311,186,168,354
2119312,202,206,408
2119313,223,211,434
2119314,267,297,564
2119315,134,156,290
2119316,222,246,468
2119317,189,199,388
2119318,270,308,578
2119319,164,181,345
2119320,219,233,452
2119321,224,224,448
2119322,145,202,347
2119323,135,153,288
2119324,258,293,551
2119325,315,312,627
2119326,297,306,603
2119327,304,302,606
2119328,208,226,434
2119329,203,202,405
2119330,214,268,482
2119331,186,225,411
2119332,225,251,476
2119333,220,250,470
2119334,216,219,435
2119335,305,293,598
2119336,241,292,533
2119337,180,191,371
2119338,221,217,438
2119339,204,244,448
2119340,197,211,408
2119341,164,168,332
2119342,282,296,578
2119343,253,259,512
2119401,201,222,423
2119402,248,280,528
2119403,187,223,410
2119404,210,273,483
2119405,180,215,395
2119406,124,144,268
2119407,111,149,260
2119408,151,158,309
2119409,192,178,370
2119410,189,186,375
2119411,274,324,598
2119412,146,155,301
2119413,171,207,378
2119414,129,183,312
2119415,197,211,408
2119416,195,229,424
2119417,175,208,383
2119418,162,191,353
2119419,334,307,641
2119420,114,132,246
2119421,166,189,355
2119422,275,279,554
2119423,212,224,436
2119424,207,236,443
2119425,259,328,587
2119426,239,240,479
2119427,127,119,246
2119428,145,166,311
2119429,132,168,300
2119430,152,178,330
2119431,240,280,520
2119432,179,201,380
2119433,149,171,320
2119434,219,230,449
2119435,180,211,391
2119436,188,219,407
2119437,112,93,205
2119438,245,285,530
2119439,171,167,338
2119440,249,307,556
2119441,137,135,272
2119442,172,187,359
2119443,327,357,684
2119444,209,208,417
2119445,128,139,267
2119446,171,197,368
2119447,129,131,260
2119448,123,159,282
2119449,186,199,385
2119501,239,241,480
2119502,168,175,343
2119503,108,136,244
2119504,189,221,410
2119505,268,283,551
2119506,185,196,381
2119507,262,290,552
2119508,164,168,332
2119509,237,246,483
2119510,224,260,484
2119511,250,278,528
2119512,194,230,424
2119513,318,335,653
2119514,276,299,575
2119515,295,303,598
2119516,228,308,536
2119517,143,163,306
2119518,239,260,499
2119519,169,195,364
2119520,319,302,621
2119521,198,219,417
2119522,218,229,447
2119523,149,153,302
2119524,189,197,386
2119525,145,164,309
2119526,173,183,356
2119527,155,194,349
2119528,140,148,288
2119529,138,146,284
2119530,219,248,467
2119531,216,202,418
2119532,186,176,362
2119533,278,303,581
2119534,218,256,474
2119535,240,230,470
2119536,169,203,372
2119537,239,228,467
2119538,176,167,343
2119539,124,174,298
2119540,261,244,505
2119541,190,213,403
2119542,211,176,387
2119543,207,220,427
2119544,231,237,468
2119545,112,127,239
2119546,140,136,276
2119547,80,70,150
2119548,125,108,233
2119549,107,133,240
2119601,228,221,449
2119602,184,203,387
2119603,130,122,252
2119604,196,186,382
2119605,271,229,500
2119606,192,252,444
2119607,210,237,447
2119608,250,258,508
2119609,161,184,345
2119610,197,202,399
2119611,516,470,986
2119612,299,270,569
2119613,253,322,575
2119614,164,176,340
2119615,204,200,404
2119616,181,178,359
2119617,278,238,516
2119618,186,189,375
2119619,158,208,366
2119620,124,147,271
2119621,161,152,313
2119622,170,170,340
2119701,260,263,523
2119702,182,189,371
2119703,270,266,536
2119704,226,264,490
2119705,317,326,643
2119706,225,247,472
2119707,187,163,350
2119708,116,148,264
2119709,185,161,346
2119710,238,257,495
2119711,188,194,382
2119712,179,188,367
2119713,174,174,348
2119714,216,203,419
2119715,290,306,596
2119716,125,132,257
2119717,167,157,324
2119718,174,176,350
2119719,183,172,355
2119720,156,281,437
2119721,193,214,407
2119722,187,184,371
2119723,230,239,469
2119724,228,241,469
2119725,230,230,460
2119726,205,227,432
2119727,169,176,345
2119728,170,170,340
2119729,183,186,369
2119730,231,237,468
2119731,166,241,407
2119732,151,173,324
2119733,160,157,317
2119734,141,163,304
2119735,167,170,337
2119736,131,132,263
2119737,154,141,295
2119738,115,133,248
2119739,159,245,404
2119740,259,257,516
2119741,167,183,350
2119742,113,134,247
2119743,215,256,471
2119744,171,178,349
2119745,166,182,348
2119746,174,164,338
2119747,168,176,344
2119748,116,111,227
2119749,197,158,355
2119750,171,228,399
2119751,182,198,380
2119752,107,122,229
2119753,162,159,321
2119801,183,189,372
2119802,124,155,279
2119803,294,286,580
2119804,189,198,387
2119805,122,138,260
2119806,183,204,387
2119807,248,276,524
2119808,256,296,552
2119809,141,127,268
2119810,298,360,658
2119811,204,203,407
2119812,127,135,262
2119813,207,233,440
2119814,210,241,451
2119815,167,255,422
2119816,173,174,347
2119817,194,193,387
2119818,227,232,459
2119819,170,189,359
2119820,181,213,394
2119821,202,249,451
2119822,206,243,449
2119823,238,247,485
2119824,199,201,400
2119825,188,219,407
2119826,224,245,469
2119827,272,274,546
2119828,224,244,468
2119829,206,196,402
2119830,168,169,337
2119831,115,111,226
2119832,242,234,476
2119833,151,155,306
2119901,291,320,611
2119902,242,225,467
2119903,169,179,348
2119904,207,228,435
2119905,266,269,535
2119906,5,0,5
2119907,251,269,520
2119908,206,194,400
2119909,221,217,438
2119910,200,197,397
2119911,283,305,588
2119912,175,201,376
2119913,278,308,586
2119914,248,234,482
2119915,174,169,343
2119916,274,257,531
2119917,125,148,273
2119918,188,211,399
2119919,252,274,526
2119920,267,275,542
2119921,212,238,450
2119922,170,194,364
2119923,178,192,370
2119924,178,158,336
2119925,186,215,401
2119926,210,220,430
2119927,169,193,362
2119928,200,223,423
2119929,147,153,300
2119930,202,160,362
2119931,198,191,389
2119932,207,239,446
2120001,113,134,247
2120002,179,191,370
2120003,211,225,436
2120004,192,214,406
2120005,261,299,560
2120006,148,136,284
2120007,158,175,333
2120008,313,330,643
2120009,154,177,331
2120010,182,189,371
2120011,257,262,519
2120012,248,248,496
2120013,180,173,353
2120014,261,287,548
2120015,238,203,441
2120016,150,163,313
2120017,192,223,415
2120018,300,321,621
2120019,222,253,475
2120020,265,284,549
2120021,176,183,359
2120022,213,243,456
2120023,111,168,279
2120024,214,235,449
2120025,228,307,535
2120026,132,169,301
2120101,195,201,396
2120102,267,256,523
2120103,287,292,579
2120104,207,187,394
2120105,196,212,408
2120106,190,224,414
2120107,162,164,326
2120108,151,161,312
2120109,241,238,479
2120110,254,254,508
2120111,190,190,380
2120112,246,223,469
2120113,246,246,492
2120114,172,194,366
2120115,201,195,396
2120116,136,135,271
2120117,168,171,339
2120118,188,198,386
2120119,116,143,259
2120201,132,119,251
2120202,120,131,251
2120203,99,144,243
2120204,141,164,305
2120205,206,241,447
2120206,280,303,583
2120207,115,111,226
2120208,265,270,535
2120209,258,277,535
2120210,190,260,450
2120211,143,163,306
2120212,176,222,398
2120213,145,165,310
2120214,217,260,477
2120215,186,211,397
2120216,157,149,306
2120217,172,172,344
2120218,231,230,461
2120219,111,112,223
2120220,120,121,241
2120221,229,230,459
2120222,229,279,508
2120223,278,323,601
2120224,176,215,391
2120225,253,252,505
2120226,186,179,365
2120227,220,259,479
2120228,130,134,264
2120229,204,218,422
2120230,257,287,544
2120231,146,170,316
2120232,212,220,432
2120233,238,247,485
2120234,101,125,226
2120235,158,175,333
2120236,142,137,279
2120237,137,141,278
2120238,163,163,326
2120239,150,181,331
2120240,228,266,494
2120241,131,153,284
2120301,125,132,257
2120302,100,94,194
2120303,155,163,318
2120304,143,162,305
2120305,310,302,612
2120306,248,225,473
2120307,223,235,458
2120308,269,234,503
2120309,197,202,399
2120310,211,233,444
2120311,205,199,404
2120312,251,262,513
2120313,227,240,467
2120314,211,263,474
2120315,189,202,391
2120316,206,217,423
2120317,177,192,369
2120318,128,152,280
2120319,285,251,536
2120320,187,230,417
2120321,320,321,641
2120322,160,165,325
2120323,249,240,489
2120324,197,201,398
2120325,203,218,421
2120326,159,163,322
2120327,191,204,395
2120328,186,208,394
2120329,215,251,466
2120330,153,190,343
2120331,228,238,466
2120332,185,250,435
2120333,201,220,421
2120334,284,41,325
2120335,147,136,283
2120336,6,5,11
2120337,226,264,490
2120338,293,294,587
2120339,173,283,456
2120340,211,230,441
2120341,148,134,282
2120342,203,234,437
2120343,135,158,293
2120344,115,101,216
2120345,95,117,212
2120346,148,155,303
2120401,289,285,574
2120402,171,179,350
2120403,152,148,300
2120404,260,293,553
2120405,213,252,465
2120406,242,303,545
2120407,127,126,253
2120408,234,272,506
2120409,216,200,416
2120410,189,215,404
2120411,107,110,217
2120412,233,263,496
2120413,193,203,396
2120414,239,243,482
2120415,189,185,374
2120416,187,214,401
2120417,218,192,410
2120418,282,299,581
2120419,123,127,250
2120420,175,180,355
2120421,136,158,294
2120422,179,175,354
2120501,227,247,474
2120502,154,155,309
2120503,198,195,393
2120504,350,339,689
2120505,296,312,608
2120506,396,607,1003
2120507,262,279,541
2120508,245,319,564
2120509,241,272,513
2120510,164,169,333
2120511,259,297,556
2120512,239,250,489
2120513,447,465,912
2120514,214,206,420
2120515,292,327,619
2120516,181,215,396
2120517,3,3,6
2120518,286,267,553
2120519,0,0,0
2120520,299,287,586
2120521,191,210,401
2120601,233,225,458
2120602,182,190,372
2120603,253,240,493
2120604,191,199,390
2120605,279,269,548
2120606,205,248,453
2120607,250,236,486
2120608,142,145,287
2120609,231,221,452
2120610,294,275,569
2120611,260,285,545
2120612,210,235,445
2120613,296,280,576
2120614,186,195,381
2120615,226,245,471
2120616,199,196,395
2120617,238,242,480
2120618,197,219,416
2120619,180,214,394
2120620,267,308,575
2120621,232,189,421
2120622,240,224,464
2120623,284,282,566
2120624,182,162,344
2120625,254,271,525
2120626,235,209,444
2120627,196,212,408
2120628,269,281,550
2120629,176,219,395
2120630,264,262,526
2120631,221,189,410
2120632,309,308,617
2120633,147,149,296
2120634,284,281,565
2120635,3,0,3
2120636,307,303,610
2120637,290,299,589
2120638,183,179,362
2120639,219,209,428
2120640,186,179,365
2120641,271,296,567
2120642,267,313,580
2120643,138,155,293
2120644,202,215,417
2120645,296,305,601
2120646,352,266,618
2120647,238,252,490
2120648,169,178,347
2120649,329,289,618
2120650,130,185,315
2120651,161,168,329
2120652,213,236,449
2120653,236,276,512
2120654,166,174,340
2120655,177,177,354
2120656,265,277,542
2120657,325,349,674
2120658,271,306,577
2120659,274,296,570
2120660,203,202,405
2120661,339,233,572
2120662,231,262,493
2120663,274,271,545
2120664,145,147,292
2120665,155,185,340
2120701,156,172,328
2120702,168,197,365
2120703,193,177,370
2120704,211,205,416
2120705,204,226,430
2120706,241,248,489
2120707,211,234,445
2120708,201,209,410
2120709,179,198,377
2120710,198,216,414
2120711,139,166,305
2120712,212,223,435
2120713,255,283,538
2120714,269,290,559
2120715,225,218,443
2120716,258,277,535
2120717,285,286,571
2120718,205,227,432
2120719,205,199,404
2120720,205,209,414
2120721,198,211,409
2120722,175,193,368
2120723,223,236,459
2120724,227,211,438
2120725,252,264,516
2120726,228,212,440
2120727,226,249,475
2120728,241,215,456
2120729,223,224,447
2120730,152,207,359
2120731,217,257,474
2120732,190,153,343
2120733,205,215,420
2120734,220,219,439
2120735,286,331,617
2120736,223,202,425
2120737,280,285,565
2120738,255,226,481
2120739,156,183,339
2120740,194,211,405
2120741,262,244,506
2120742,225,251,476
2120743,236,336,572
2120744,102,226,328
2120745,137,141,278
2120746,152,171,323
2120747,188,198,386
2120748,140,151,291
2120749,125,215,340
2120750,187,187,374
2120751,156,150,306
2120752,175,185,360
2120753,226,242,468
2120754,172,204,376
2120755,177,202,379
2120756,143,142,285
2120757,254,250,504
2120758,284,282,566
2120801,206,203,409
2120802,324,340,664
2120803,227,241,468
2120804,0,0,0
2120805,208,204,412
2120806,159,187,346
2120807,212,230,442
2120808,304,265,569
2120809,192,170,362
2120810,135,140,275
2120811,265,265,530
2120812,130,144,274
2120813,221,239,460
2120814,247,276,523
2120815,165,185,350
2120816,221,245,466
2120817,297,315,612
2120818,256,273,529
2120819,184,183,367
2120820,128,121,249
2120821,266,252,518
2120822,228,219,447
2120823,17,6,23
2120824,194,218,412
2120825,231,225,456
2120826,231,268,499
2120827,204,206,410
2120828,320,311,631
2120829,194,190,384
2120830,181,218,399
2120831,253,264,517
2120832,278,271,549
2120833,256,233,489
2120834,161,163,324
2120835,179,194,373
2120836,257,249,506
2120837,69,62,131
2120838,263,223,486
2120839,219,242,461
2120840,308,277,585
2120841,164,137,301
2120842,298,310,608
2120843,89,77,166
2120844,181,178,359
2120845,7,0,7
2120846,202,218,420
2120847,193,192,385
2120848,0,0,0
2120849,213,223,436
2120850,131,143,274
2120851,253,263,516
2120852,273,279,552
2120853,122,127,249
2120854,138,147,285
2120855,163,165,328
2120856,198,179,377
2120857,234,242,476
2120858,163,154,317
2120901,249,259,508
2120902,111,128,239
2120903,224,253,477
2120904,148,160,308
2120905,164,162,326
2120906,216,219,435
2120907,202,196,398
2120908,193,223,416
2120909,157,152,309
2120910,252,246,498
2120911,144,150,294
2120912,173,168,341
2120913,230,235,465
2120914,132,129,261
2120915,262,269,531
2120916,203,216,419
2120917,236,243,479
2120918,195,234,429
2120919,270,292,562
2120920,134,146,280
2120921,169,187,356
2120922,213,219,432
2120923,174,172,346
2120924,259,315,574
2120925,169,170,339
2120926,102,100,202
2120927,119,120,239
2120928,107,113,220
2120929,239,255,494
2120930,178,172,350
2120931,213,211,424
2120932,117,109,226
2120933,192,200,392
2120934,255,278,533
2120935,183,192,375
2120936,241,285,526
2120937,164,157,321
2120938,196,204,400
2120939,216,232,448
2120940,134,116,250
2120941,171,169,340
2120942,242,222,464
2120943,174,151,325
2120944,187,202,389
2120945,197,318,515
2120946,130,154,284
2120947,175,156,331
2120948,103,111,214
2120949,193,190,383
2120950,270,278,548
2120951,190,185,375
2120952,173,165,338
2120953,167,170,337
2120954,211,213,424
2120955,206,188,394
2120956,161,161,322
2120957,131,132,263
2120958,261,249,510
2120959,93,130,223
2120960,187,190,377
2121001,139,151,290
2121002,253,237,490
2121003,120,116,236
2121004,198,219,417
2121005,122,120,242
2121006,228,219,447
2121007,116,108,224
2121008,179,169,348
2121009,182,166,348
2121010,234,235,469
2121101,87,85,172
2121102,233,213,446
2121103,211,192,403
2121104,140,113,253
2121105,128,123,251
2121106,292,293,585
2121107,119,105,224
2121108,56,53,109
2121109,151,138,289
2121110,176,168,344
2121111,104,109,213
2121112,141,147,288
2121201,216,190,406
2121202,138,141,279
2121203,121,101,222
2121204,200,191,391
2121205,125,122,247
2121206,150,138,288
2121207,107,92,199
2121208,76,71,147
2121209,0,0,0
2121210,0,0,0
2121211,182,186,368
2121212,165,180,345
2121213,177,167,344
2121214,180,160,340
2121215,172,178,350
2121216,140,133,273
2121217,126,124,250
2121218,97,110,207
2121219,69,76,145
2121220,121,106,227
2121301,295,310,605
2121302,173,174,347
2121303,119,121,240
2121304,300,272,572
2121305,306,299,605
2121306,125,141,266
2121307,172,165,337
2121308,209,216,425
2121309,171,184,355
2121310,115,109,224
2121311,387,377,764
2121312,101,100,201
2121313,204,219,423
2121314,160,161,321
2121315,196,220,416
2121316,196,168,364
2121317,143,186,329
2121318,207,203,410
2121319,122,113,235
2121320,122,110,232
2121321,96,97,193
2121322,102,92,194
2121323,167,175,342
2121324,143,127,270
2121325,154,126,280
2121401,207,212,419
2121402,176,203,379
2121403,150,129,279
2121404,216,231,447
2121405,186,178,364
2121406,225,240,465
2121407,212,203,415
2121408,275,269,544
2121409,144,131,275
2121410,235,232,467
2121411,261,257,518
2121412,185,168,353
2121413,136,133,269
2121414,184,195,379
2121415,187,185,372
2121416,182,182,364
2121417,144,152,296
2121501,129,117,246
2121502,194,227,421
2121503,160,152,312
2121504,141,149,290
2121505,228,214,442
2121506,0,0,0
2121507,242,243,485
2121508,158,141,299
2121509,271,294,565
2121510,93,97,190
2121511,224,230,454
2121512,348,353,701
2121513,255,253,508
2121514,194,197,391
2121515,201,177,378
2121516,149,150,299
2121517,292,315,607
2121518,211,255,466
2121519,216,224,440
2121520,229,210,439
2121521,223,236,459
2121522,276,288,564
2121523,233,246,479
2121524,152,183,335
2121525,285,301,586
2121526,160,161,321
2121527,178,184,362
2121528,92,111,203
2121529,217,225,442
2121530,210,233,443
2121531,194,193,387
2121532,231,251,482
2121533,130,117,247
2121534,116,114,230
2121601,212,192,404
2121602,548,572,1120
2121603,196,199,395
2121604,183,226,409
2121605,345,351,696
2121606,135,137,272
2121607,194,213,407
2121608,193,203,396
2121609,270,266,536
2121610,0,0,0
2121611,206,231,437
2121612,177,183,360
2121701,100,110,210
2121702,210,224,434
2121703,162,129,291
2121704,175,163,338
2121705,191,194,385
2121706,213,201,414
2121707,138,147,285
2121708,105,95,200
2121709,249,228,477
2121710,126,109,235
2121711,295,305,600
2121712,108,124,232
2121713,254,229,483
2121714,137,139,276
2121715,199,203,402
2121716,96,111,207
2121717,149,165,314
2121718,151,181,332
2121801,139,126,265
2121802,319,293,612
2121803,126,131,257
2121804,262,281,543
2121805,251,250,501
2121806,184,181,365
2121807,157,162,319
2121808,119,109,228
2121809,137,131,268
2121810,254,227,481
2121811,256,249,505
2121812,237,230,467
2121813,290,307,597
2121814,107,97,204
2121815,458,431,889
2121816,278,318,596
2121817,257,275,532
2121818,172,175,347
2121819,243,249,492
2121820,112,110,222
2121821,289,270,559
2121822,244,228,472
2121823,220,252,472
2121824,113,121,234
2121825,299,279,578
2121826,100,104,204
2121827,10,6,16
2121828,174,190,364
2121829,158,157,315
2121830,271,274,545
2121831,189,210,399
2121832,205,209,414
2121833,217,277,494
2121834,174,158,332
2121835,182,183,365
2121836,126,148,274
2121837,225,230,455
2121838,318,325,643
2121839,105,99,204
2121840,176,179,355
2121841,262,259,521
2121842,200,223,423
2121843,246,240,486
2121844,183,170,353
2121845,251,263,514
2121846,189,199,388
2121847,129,132,261
2121848,149,127,276
2121849,167,168,335
2121850,130,136,266
2121851,154,167,321
2121852,130,117,247
2121853,270,265,535
2121854,0,0,0
2121855,272,288,560
2121856,201,198,399
2121857,211,220,431
2121858,125,110,235
2121859,177,163,340
2121860,140,146,286
2121861,277,264,541
2121862,8,15,23
2121863,0,0,0
2121864,244,230,474
2121865,121,136,257
2121866,174,169,343
2121867,163,320,483
2121868,0,0,0
2121869,0,4,4
2121870,302,346,648
2121871,271,251,522
2121901,194,209,403
2121902,227,212,439
2121903,201,199,400
2121904,184,185,369
2121905,225,204,429
2121906,225,229,454
2121907,289,306,595
2121908,157,144,301
2121909,170,166,336
2121910,174,173,347
2121911,153,166,319
2121912,144,156,300
2121913,154,157,311
2121914,215,210,425
2121915,272,266,538
2121916,225,246,471
2121917,268,260,528
2121918,272,276,548
2121919,246,240,486
2121920,257,290,547
2121921,210,167,377
2121922,164,147,311
2121923,185,203,388
2121924,207,193,400
2121925,188,169,357
2121926,163,165,328
2121927,138,151,289
2121928,233,252,485
2121929,226,229,455
2121930,322,360,682
2121931,0,0,0
2121932,173,165,338
2121933,116,125,241
2121934,181,188,369
2121935,145,152,297
2121936,132,136,268
2121937,196,198,394
2121938,171,164,335
2121939,114,108,222
2121940,181,173,354
2121941,258,266,524
2121942,169,169,338
2121943,166,161,327
2121944,214,222,436
2121945,169,167,336
2121946,237,197,434
2121947,163,164,327
2121948,176,191,367
2121949,186,200,386
2121950,251,254,505
2121951,211,229,440
2122001,139,138,277
2122002,0,0,0
2122003,273,268,541
2122004,274,254,528
2122005,236,232,468
2122006,246,249,495
2122007,248,230,478
2122008,140,135,275
2122009,196,186,382
2122010,206,181,387
2122011,184,188,372
2122012,187,220,407
2122013,201,232,433
2122014,179,186,365
2122015,204,187,391
2122016,278,286,564
2122017,149,143,292
2122018,209,207,416
2122019,199,203,402
2122020,177,152,329
2122021,218,249,467
2122022,269,274,543
2122023,215,223,438
2122024,244,281,525
2122025,85,94,179
2122026,214,219,433
2122027,174,158,332
2122028,307,392,699
2122029,249,258,507
2122030,186,196,382
2122031,118,132,250
2122032,186,195,381
2122033,247,244,491
2122034,176,167,343
2122035,242,256,498
2122036,159,172,331
2122037,255,317,572
2122038,201,215,416
2122039,120,138,258
2122040,114,102,216
2122041,171,181,352
2122042,195,205,400
2122043,182,176,358
2122044,180,202,382
2122045,185,184,369
2122046,152,152,304
2122101,196,207,403
2122102,210,205,415
2122103,198,218,416
2122104,296,276,572
2122105,246,248,494
2122106,262,257,519
2122107,296,306,602
2122108,206,272,478
2122109,180,164,344
2122110,275,317,592
2122111,212,227,439
2122112,214,212,426
2122113,274,285,559
2122114,246,255,501
2122115,151,160,311
2122116,158,148,306
2122117,229,224,453
2122118,250,253,503
2122119,152,156,308
2122120,215,206,421
2122121,245,224,469
2122122,128,142,270
2122123,141,141,282
2122124,241,244,485
2122125,309,324,633
2122126,122,111,233
2122127,153,147,300
2122128,108,108,216
2122129,155,165,320
2122201,154,154,308
2122202,514,540,1054
2122203,373,363,736
2122204,0,0,0
2122205,264,241,505
2122206,342,351,693
2122207,668,699,1367
2122208,326,379,705
2122209,325,324,649
2122210,382,394,776
2122211,71,59,130
2122212,314,301,615
2122213,772,801,1573
2122214,306,302,608
2122215,136,126,262
2122216,218,219,437
2122217,163,196,359
2122218,0,0,0
2122219,154,194,348
2122220,199,197,396
2122221,143,182,325
2122222,985,1050,2035
2122223,182,199,381
2122224,250,280,530
2122225,213,214,427
2122226,147,151,298
2122227,148,149,297
2122228,203,210,413
2122229,155,166,321
2122230,160,166,326
2122231,295,274,569
2122232,409,437,846
2122233,279,277,556
2122234,217,248,465
2122235,324,312,636
2122236,244,237,481
2122237,203,196,399
2122238,255,214,469
2122239,267,264,531
2122240,195,216,411
2122241,213,213,426
2122242,24,29,53
2122243,92,143,235
2122244,588,630,1218
2122245,431,463,894
2122246,1000,1028,2028
2122247,1314,1367,2681
2122248,1524,1518,3042
2122249,209,223,432
2122250,1020,1059,2079
2122251,263,266,529
2122252,339,306,645
2122253,393,388,781
2122254,232,246,478
2122255,270,292,562
2122301,169,172,341
2122302,287,280,567
2122303,168,174,342
2122304,331,324,655
2122305,314,293,607
2122306,182,181,363
2122307,169,178,347
2122308,208,204,412
2122309,252,245,497
2122310,157,160,317
2122311,179,163,342
2122312,301,282,583
2122313,197,208,405
2122314,259,265,524
2122315,159,132,291
2122316,111,124,235
2122317,158,149,307
2122318,209,228,437
2122319,201,213,414
2122320,190,225,415
2122321,197,247,444
2122322,175,166,341
2122323,196,204,400
2122324,3,4,7
2122325,4,4,8
2122326,254,232,486
2122327,141,141,282
2122328,209,186,395
2122329,198,217,415
2122330,168,196,364
2122331,189,188,377
2122332,152,152,304
2122333,279,304,583
2122334,202,205,407
2122335,0,0,0
2122336,273,271,544
2122337,212,187,399
2122338,191,208,399
2122339,170,146,316
2122340,195,196,391
2122341,206,210,416
2122342,268,250,518
2122343,233,229,462
2122344,5,0,5
2122345,243,216,459
2122346,249,280,529
2122347,233,243,476
2122348,212,222,434
2122349,209,187,396
2122350,0,0,0
2122351,172,149,321
2122352,108,91,199
2122353,213,200,413
2122354,230,209,439
2122401,250,228,478
2122402,229,234,463
2122403,174,199,373
2122404,329,357,686
2122405,190,205,395
2122406,338,374,712
2122407,196,175,371
2122408,172,151,323
2122409,200,181,381
2122410,359,334,693
2122411,152,150,302
2122412,386,400,786
2122413,209,196,405
2122414,261,228,489
2122415,216,219,435
2122416,133,145,278
2122417,271,275,546
2122418,206,216,422
2122419,136,136,272
2122420,149,143,292
2122421,263,231,494
2122422,249,236,485
2122423,68,66,134
2122424,105,98,203
2122425,235,234,469
2122426,219,223,442
2122427,350,348,698
2122501,189,181,370
2122502,343,302,645
2122503,151,148,299
2122504,222,216,438
2122505,144,140,284
2122506,119,109,228
2122507,252,260,512
2122508,101,97,198
2122509,285,307,592
2122510,240,237,477
2122511,185,152,337
2122512,209,185,394
2122513,3,0,3
2122514,169,181,350
2122515,0,0,0
2122516,247,245,492
2122517,128,134,262
2122518,139,173,312
2122519,256,248,504
2122520,130,127,257
2122521,230,228,458
2122601,164,187,351
2122602,261,297,558
2122603,255,288,543
2122604,268,294,562
2122605,279,330,609
2122606,285,281,566
2122607,163,192,355
2122608,286,270,556
2122609,216,244,460
2122610,139,134,273
2122611,134,125,259
2122612,235,227,462
2122613,253,240,493
2122614,174,174,348
2122615,159,156,315
2122616,3,0,3
2122617,118,126,244
2122701,0,0,0
2122801,286,272,558
2122802,177,176,353
2122803,92,176,268
2122804,5,0,5
2122805,0,4,4
2122806,209,223,432
2122807,188,182,370
2122808,179,175,354
2122809,170,184,354
2122810,233,247,480
2122811,271,278,549
2122812,252,248,500
2122813,169,159,328
2122814,154,157,311
2122815,134,143,277
2122816,101,96,197
2122817,242,241,483
2122818,7,0,7
2122819,261,242,503
2122820,217,232,449
2122821,166,188,354
2122822,227,208,435
2122823,235,228,463
2122824,30,42,72
2122825,4,3,7
2122826,99,98,197
2122901,193,212,405
2122902,238,266,504
2122903,190,185,375
2122904,187,185,372
2122905,146,140,286
2122906,247,252,499
2122907,206,226,432
2122908,272,317,589
2122909,216,245,461
2122910,202,202,404
2122911,267,281,548
2122912,183,202,385
2122913,173,177,350
2122914,248,255,503
2122915,110,108,218
2122916,143,171,314
2122917,155,206,361
2122918,200,226,426
2122919,111,109,220
2122920,161,164,325
2122921,261,282,543
2122922,195,206,401
2122923,218,227,445
2122924,219,227,446
2122925,99,100,199
2122926,219,253,472
2122927,228,227,455
2122928,152,161,313
2122929,235,257,492
2122930,199,212,411
2122931,128,124,252
2122932,114,103,217
2122933,180,185,365
2122934,161,177,338
2122935,241,231,472
2122936,143,120,263
2122937,185,162,347
2122938,280,248,528
2122939,225,270,495
2122940,248,275,523
2122941,142,166,308
2122942,122,127,249
2122943,269,252,521
2122944,162,172,334
2122945,171,188,359
2122946,194,176,370
2122947,183,201,384
2122948,145,134,279
2122949,198,186,384
2122950,188,208,396
2122951,209,238,447
2122952,259,322,581
2122953,183,193,376
2122954,258,262,520
2122955,156,143,299
2122956,272,279,551
2122957,96,116,212
2122958,112,130,242
2122959,166,167,333
2122960,159,162,321
2122961,155,172,327
2122962,247,242,489
2123001,176,206,382
2123002,171,176,347
2123003,124,168,292
2123004,130,142,272
2123005,179,187,366
2123006,228,238,466
2123007,173,219,392
2123008,195,213,408
2123009,225,239,464
2123010,208,258,466
2123011,196,212,408
2123012,257,268,525
2123013,163,154,317
2123014,172,165,337
2123015,183,182,365
2123016,123,193,316
2123017,64,79,143
2123101,211,230,441
2123102,248,254,502
2123103,119,129,248
2123104,276,309,585
2123105,184,198,382
2123106,222,217,439
2123107,226,225,451
2123108,212,229,441
2123109,271,259,530
2123110,115,120,235
2123111,219,207,426
2123112,152,137,289
2123113,235,256,491
2123114,120,138,258
2123115,208,179,387
2123116,186,175,361
2123117,218,264,482
2123118,187,153,340
2123119,179,182,361
2123120,253,234,487
2123121,173,190,363
2123122,264,278,542
2123201,171,181,352
2123202,297,297,594
2123203,208,200,408
2123204,142,135,277
2123205,204,206,410
2123206,107,88,195
2123207,314,338,652
2123208,60,63,123
2123209,230,227,457
2123210,264,312,576
2123211,244,291,535
2123212,107,112,219
2123213,213,207,420
2123214,139,175,314
2123215,295,324,619
2123216,192,200,392
2123217,150,189,339
2123218,252,229,481
2123219,230,267,497
2123220,252,223,475
2123221,214,214,428
2123222,190,194,384
2123223,238,242,480
2123224,213,199,412
2123225,0,0,0
2123226,4,7,11
2123227,149,182,331
2123228,169,168,337
2123229,69,69,138
2123230,79,139,218
2123301,133,148,281
2123302,230,219,449
2123303,149,126,275
2123304,90,75,165
2123305,139,122,261
2123306,64,60,124
2123307,228,197,425
2123308,166,143,309
2123309,249,244,493
2123310,198,199,397
2123401,186,195,381
2123402,298,306,604
2123403,217,231,448
2123404,141,181,322
2123405,214,212,426
2123406,179,191,370
2123407,203,204,407
2123408,200,212,412
2123409,190,194,384
2123501,184,166,350
2123502,175,146,321
2123503,224,208,432
2123504,192,208,400
2123505,275,253,528
2123506,164,168,332
2123507,284,288,572
2123508,126,136,262
2123509,301,333,634
2123510,224,215,439
2123511,251,248,499
2123512,170,174,344
2123513,277,284,561
2123514,172,167,339
2123515,141,142,283
2123516,248,230,478
2123517,210,213,423
2123518,146,139,285
2123519,228,223,451
2123520,180,143,323
2123521,183,191,374
2123601,315,344,659
2123602,306,281,587
2123603,198,250,448
2123604,260,281,541
2123605,5,0,5
2123606,139,149,288
2123607,198,216,414
2123608,116,106,222
2123609,163,110,273
2123610,291,308,599
2123611,147,127,274
2123612,148,145,293
2123613,157,179,336
2123614,174,202,376
2123615,294,289,583
2123616,98,107,205
2123617,129,132,261
2123618,102,109,211
2123701,0,0,0
2123702,273,262,535
2123703,263,272,535
2123704,194,236,430
2123705,242,235,477
2123706,351,416,767
2123707,259,255,514
2123708,241,230,471
2123709,172,166,338
2123710,217,230,447
2123711,0,0,0
2123712,268,266,534
2123713,0,0,0
2123714,189,167,356
2123715,281,293,574
2123716,240,252,492
2123717,197,196,393
2123718,253,272,525
2123719,152,149,301
2123720,173,172,345
2123721,226,222,448
2123722,315,285,600
2123723,189,209,398
2123724,164,153,317
2123725,179,180,359
2123726,209,243,452
2123727,228,244,472
2123728,222,234,456
2123729,206,189,395
2123730,185,198,383
2123731,141,148,289
2123801,220,203,423
2123802,268,252,520
2123803,269,252,521
2123804,197,175,372
2123805,168,159,327
2123806,259,245,504
2123807,161,142,303
2123808,200,192,392
2123809,167,153,320
2123810,152,136,288
2123811,139,128,267
2123812,281,248,529
2123813,122,140,262
2123814,188,173,361
2123815,158,155,313
2123816,199,188,387
2123817,196,178,374
2123818,166,181,347
2123819,185,204,389
2123820,137,137,274
2123821,162,173,335
2123822,210,227,437
2123823,272,291,563
2123824,116,129,245
2123825,134,126,260
2123826,180,194,374
2123827,143,141,284
2123828,196,216,412
2123829,103,111,214
2123830,216,202,418
2123831,211,191,402
2123832,164,159,323
2123833,187,186,373
2123834,153,179,332
2123835,159,196,355
2123836,198,179,377
2123837,133,136,269
2123838,188,210,398
2123839,194,210,404
2123840,162,159,321
2123841,146,165,311
2123842,98,202,300
2123843,130,147,277
2123844,204,206,410
2123845,246,234,480
2123846,105,121,226
2123847,158,157,315
2123848,227,226,453
2123849,263,265,528
2123850,303,296,599
2123851,208,155,363
2123852,260,250,510
2123853,229,287,516
2123854,185,213,398
2123855,306,303,609
2123856,230,202,432
2123857,188,184,372
2123858,129,126,255
2123859,178,181,359
2123860,194,200,394
2123861,0,0,0
2123862,0,0,0
2123863,0,0,0
2123864,237,237,474
2123865,344,374,718
2123866,261,244,505
2123867,187,175,362
2123868,248,249,497
2123869,328,358,686
2123870,241,260,501
2123871,195,180,375
2123872,185,181,366
2123873,149,156,305
2123874,144,175,319
2123901,276,288,564
2123902,282,265,547
2123903,226,214,440
2123904,142,144,286
2123905,164,171,335
2123906,282,255,537
2123907,259,262,521
2123908,174,194,368
2123909,254,403,657
2123910,205,212,417
2123911,205,198,403
2123912,189,179,368
2123913,169,162,331
2123914,179,182,361
2123915,317,369,686
2123916,263,266,529
2123917,320,398,718
2123918,272,257,529
2123919,182,189,371
2123920,147,151,298
2123921,144,162,306
2123922,187,207,394
2123923,254,283,537
2123924,217,242,459
2123925,266,274,540
2123926,322,338,660
2123927,290,275,565
2123928,119,146,265
2123929,248,256,504
2123930,193,184,377
2123931,279,302,581
2123932,193,231,424
2123933,234,233,467
2123934,224,224,448
2123935,135,167,302
2123936,142,157,299
2123937,175,180,355
2123938,295,303,598
2123939,167,170,337
2123940,202,190,392
2123941,211,221,432
2123942,113,122,235
2123943,171,191,362
2123944,164,147,311
2123945,231,248,479
2123946,244,233,477
2123947,128,156,284
2124001,129,146,275
2124002,281,289,570
2124003,339,359,698
2124004,277,269,546
2124005,231,204,435
2124006,159,175,334
2124007,0,0,0
2124008,175,185,360
2124009,130,142,272
2124010,119,127,246
2124011,166,173,339
2124012,138,145,283
2124013,235,218,453
2124014,266,253,519
2124015,356,338,694
2124016,316,307,623
2124017,146,148,294
2124018,282,277,559
2124019,210,210,420
2124020,205,195,400
2124021,196,242,438
2124022,255,274,529
2124023,136,134,270
2124024,91,103,194
2124025,128,153,281
2124026,297,293,590
2124027,190,199,389
2124028,134,147,281
2124029,182,178,360
2124030,175,195,370
2124031,185,206,391
2124032,107,115,222
2124101,211,216,427
2124102,234,239,473
2124103,238,256,494
2124104,237,217,454
2124105,373,411,784
2124106,114,128,242
2124107,141,159,300
2124108,217,237,454
2124109,233,257,490
2124110,163,180,343
2124111,192,209,401
2124112,270,281,551
2124113,146,178,324
2124114,169,173,342
2124115,219,233,452
2124116,166,179,345
2124117,146,139,285
2124118,193,202,395
2124119,236,263,499
2124120,160,179,339
2124121,283,321,604
2124122,273,304,577
2124123,131,126,257
2124124,255,255,510
2124125,219,230,449
2124126,240,240,480
2124127,246,283,529
2124128,273,264,537
2124129,173,176,349
2124130,223,237,460
2124131,311,333,644
2124132,325,299,624
2124133,560,542,1102
2124134,134,173,307
2124135,164,244,408
2124136,252,305,557
2124137,218,200,418
2124138,136,155,291
2124139,195,198,393
2124140,228,225,453
2124141,182,158,340
2124142,177,161,338
2124143,178,154,332
2124144,212,225,437
2124145,354,331,685
2124146,274,281,555
2124147,99,98,197
2124148,232,197,429
2124149,108,81,189
2124150,157,159,316
2124151,104,108,212
2124152,172,186,358
2124153,223,223,446
2124154,245,351,596
2124155,211,213,424
2124201,289,291,580
2124202,218,205,423
2124203,268,285,553
2124204,314,331,645
2124205,366,336,702
2124206,233,253,486
2124207,199,193,392
2124208,276,279,555
2124209,260,228,488
2124210,199,208,407
2124211,177,211,388
2124212,370,336,706
2124213,241,229,470
2124214,150,155,305
2124215,315,325,640
2124216,95,50,145
2124217,129,125,254
2124218,303,306,609
2124219,176,214,390
2124220,230,222,452
2124221,171,160,331
2124222,275,233,508
2124223,21,25,46
2124224,228,246,474
2124225,269,253,522
2124226,0,0,0
2124227,119,110,229
2124301,189,186,375
2124302,118,144,262
2124303,0,3,3
2124304,3,0,3
2124305,172,37,209
2124306,235,250,485
2124307,96,116,212
2124308,138,138,276
2124309,194,207,401
2124310,209,198,407
2124311,157,166,323
2124312,276,271,547
2124313,121,117,238
2124314,286,259,545
2124315,140,164,304
2124316,123,112,235
2124317,238,249,487
2124318,293,294,587
2124319,242,223,465
2124320,311,333,644
2124321,231,221,452
2124322,0,0,0
2124323,230,244,474
2124324,165,147,312
2124325,132,152,284
2124326,184,193,377
2124327,305,319,624
2124328,233,242,475
2124329,252,229,481
2124330,218,172,390
2124331,151,130,281
2124332,106,121,227
2124333,228,235,463
2124334,183,184,367
2124335,219,231,450
2124336,218,254,472
2124337,193,187,380
2124338,135,112,247
2124339,192,186,378
2124340,254,262,516
2124341,194,180,374
2124342,129,123,252
2124343,230,226,456
2124344,147,153,300
2124401,221,220,441
2124402,161,170,331
2124403,239,226,465
2124404,265,255,520
2124405,175,165,340
2124406,107,111,218
2124407,372,412,784
2124408,296,264,560
2124409,191,199,390
2124410,311,333,644
2124411,732,763,1495
2124412,209,205,414
2124413,98,76,174
2124414,285,294,579
2124415,296,298,594
2124416,262,270,532
2124417,137,118,255
2124418,189,221,410
2124419,127,163,290
2124420,246,277,523
2124421,182,172,354
2124422,161,156,317
2124423,247,229,476
2124424,250,225,475
2124425,152,149,301
2124426,174,170,344
2124427,153,154,307
2124428,212,204,416
2124429,273,287,560
2124430,167,163,330
2124431,217,250,467
2124432,325,323,648
2124433,244,253,497
2124434,271,259,530
2124435,191,176,367
2124436,248,258,506
2124437,274,263,537
2124438,369,379,748
2124439,206,203,409
2124440,347,383,730
2124441,267,263,530
2124442,280,286,566
2124443,454,447,901
2124444,271,247,518
2124445,266,262,528
2124446,149,171,320
2124447,140,151,291
2124448,154,141,295
2124449,3205,3228,6433
2124450,333,351,684
2124451,290,330,620
2124452,142,127,269
2124453,194,186,380
2124454,140,114,254
2124455,184,177,361
2124456,145,129,274
2124457,165,172,337
2124458,218,195,413
2124459,121,115,236
2124460,158,154,312
2124461,132,138,270
2124462,137,121,258
2124501,250,250,500
2124502,223,207,430
2124503,153,162,315
2124504,142,152,294
2124505,209,208,417
2124506,183,196,379
2124507,171,179,350
2124508,238,236,474
2124509,132,113,245
2124510,156,159,315
2124511,141,137,278
2124512,133,162,295
2124513,176,208,384
2124514,228,262,490
2124515,177,191,368
2124516,142,130,272
2124517,152,149,301
2124518,217,211,428
2124519,189,184,373
2124520,93,103,196
2124521,117,126,243
2124522,102,103,205
2124523,272,276,548
2124524,168,186,354
2124525,131,163,294
2124526,281,265,546
2124527,110,128,238
2124528,316,297,613
2124529,182,195,377
2124530,327,332,659
2124531,269,284,553
2124532,257,245,502
2124533,166,162,328
2124534,0,0,0
2124535,0,0,0
2124536,0,0,0
2124537,3,7,10
2124538,170,190,360
2124539,244,242,486
2124540,239,242,481
2124541,231,265,496
2124542,241,294,535
2124543,270,265,535
2124544,88,103,191
2124545,134,116,250
2124546,268,267,535
2124547,130,120,250
2124548,207,215,422
2124601,272,276,548
2124602,286,274,560
2124603,221,201,422
2124604,181,181,362
2124605,187,184,371
2124606,230,224,454
2124607,195,199,394
2124608,143,175,318
2124609,213,214,427
2124610,257,232,489
2124611,228,219,447
2124612,208,226,434
2124613,124,131,255
2124614,246,246,492
2124615,273,263,536
2124616,177,143,320
2124617,275,272,547
2124618,155,135,290
2124619,199,175,374
2124620,175,174,349
2124621,158,145,303
2124622,177,96,273
2124623,157,138,295
2124624,169,168,337
2124625,319,314,633
2124626,418,446,864
2124627,181,179,360
2124628,172,181,353
2124629,140,144,284
2124701,284,258,542
2124702,199,186,385
2124703,266,277,543
2124704,287,311,598
2124705,232,245,477
2124706,299,293,592
2124707,141,151,292
2124708,262,305,567
2124709,262,238,500
2124710,214,244,458
2124711,277,292,569
2124712,232,241,473
2124713,294,316,610
2124714,252,298,550
2124715,289,321,610
2124716,233,264,497
2124717,228,227,455
2124718,215,239,454
2124719,192,178,370
2124720,220,265,485
2124721,266,263,529
2124722,282,280,562
2124723,291,285,576
2124724,345,324,669
2124725,323,330,653
2124726,241,229,470
2124727,259,233,492
2124728,208,218,426
2124729,110,106,216
2124730,101,120,221
2124801,69,73,142
2124901,226,251,477
2124902,248,230,478
2124903,316,320,636
2124904,227,230,457
2124905,197,245,442
2124906,214,233,447
2124907,319,283,602
2124908,411,399,810
2124909,20,11,31
2124910,213,196,409
2124911,217,224,441
2124912,393,419,812
2124913,218,238,456
2124914,168,181,349
2124915,194,189,383
2124916,214,227,441
2124917,119,140,259
2124918,302,289,591
2124919,153,168,321
2124920,264,282,546
2124921,277,261,538
2124922,199,204,403
2124923,235,224,459
2124924,204,205,409
2124925,188,217,405
2124926,253,299,552
2124927,205,209,414
2124928,306,287,593
2124929,181,193,374
2124930,155,159,314
2124931,130,134,264
2124932,244,248,492
2124933,269,285,554
2124934,217,235,452
2124935,3,0,3
2124936,140,157,297
2124937,149,145,294
2124938,167,197,364
2124939,199,241,440
2124940,186,209,395
2124941,173,187,360
2124942,162,147,309
2124943,229,248,477
2124944,215,244,459
2124945,215,206,421
2124946,130,113,243
2124947,166,195,361
2125001,213,211,424
2125002,186,183,369
2125003,221,251,472
2125004,235,248,483
2125005,196,217,413
2125006,186,204,390
2125007,268,270,538
2125008,9,3,12
2125009,234,263,497
2125010,223,218,441
2125011,225,206,431
2125012,138,154,292
2125013,165,163,328
2125014,199,202,401
2125015,104,101,205
2125016,130,137,267
2125017,5,5,10
2125018,137,159,296
2125019,0,0,0
2125101,106,103,209
2125102,205,196,401
2125103,191,176,367
2125104,206,190,396
2125105,312,296,608
2125106,295,263,558
2125107,318,295,613
2125108,112,108,220
2125109,285,293,578
2125110,172,188,360
2125111,167,190,357
2125112,356,346,702
2125113,200,209,409
2125114,305,300,605
2125115,196,206,402
2125116,205,203,408
2125117,141,158,299
2125118,307,297,604
2125119,153,147,300
2125120,312,345,657
2125121,144,142,286
2125122,9,0,9
2125123,151,137,288
2125124,200,195,395
2125125,144,200,344
2125126,132,125,257
2125127,147,145,292
2125128,149,169,318
2125201,6,0,6
2125202,281,258,539
2125203,136,167,303
2125204,244,280,524
2125205,140,147,287
2125206,177,176,353
2125207,164,184,348
2125208,293,321,614
2125209,156,158,314
2125210,262,250,512
2125211,212,198,410
2125212,244,258,502
2125213,273,256,529
2125214,282,265,547
2125215,248,218,466
2125216,317,346,663
2125217,299,302,601
2125218,208,211,419
2125219,226,233,459
2125220,272,319,591
2125221,168,223,391
2125222,229,247,476
2125223,179,177,356
2125224,224,230,454
2125225,214,229,443
2125226,218,226,444
2125227,208,208,416
2125228,228,247,475
2125229,260,309,569
2125230,140,159,299
2125231,328,357,685
2125232,167,194,361
2125233,187,200,387
2125234,125,158,283
2125235,215,230,445
2125236,182,158,340
2125237,208,263,471
2125238,266,266,532
2125239,230,260,490
2125240,230,269,499
2125241,120,121,241
2125242,214,220,434
2125243,294,295,589
2125244,204,193,397
2125245,346,392,738
2125246,161,185,346
2125247,143,153,296
2125248,224,231,455
2125249,138,130,268
2125250,251,247,498
2125251,0,0,0
2125252,107,101,208
2125253,160,157,317
2125254,146,140,286
2125255,199,228,427
2125256,162,152,314
2125257,179,173,352
2125258,111,129,240
2125259,185,171,356
2125260,129,145,274
2125261,102,103,205
2125301,183,187,370
2125302,198,218,416
2125303,188,194,382
2125304,313,312,625
2125305,139,165,304
2125306,227,225,452
2125307,279,278,557
2125308,246,248,494
2125309,270,289,559
2125310,180,176,356
2125311,269,251,520
2125312,184,193,377
2125313,212,178,390
2125314,215,198,413
2125315,294,292,586
2125316,242,271,513
2125317,214,219,433
2125318,115,136,251
2125319,275,271,546
2125320,241,266,507
2125321,191,179,370
2125322,292,291,583
2125323,316,335,651
2125324,153,148,301
2125325,310,310,620
2125326,163,180,343
2125327,282,301,583
2125328,156,144,300
2125329,177,172,349
2125330,212,211,423
2125331,219,220,439
2125332,218,283,501
2125333,273,243,516
2125334,205,212,417
2125335,216,216,432
2125336,231,235,466
2125337,174,189,363
2125338,217,204,421
2125339,141,141,282
2125340,143,163,306
2125341,258,313,571
2125342,260,261,521
2125343,261,241,502
2125344,186,195,381
2125345,234,245,479
2125346,289,265,554
2125347,109,139,248
2125348,153,178,331
2125349,135,133,268
2125350,194,185,379
2125351,291,240,531
2125352,180,187,367
2125353,228,199,427
2125354,249,246,495
2125355,277,238,515
2125356,109,134,243
2125357,130,124,254
2125358,332,300,632
2125359,139,156,295
2125360,235,373,608
2125361,208,220,428
2125362,233,241,474
2125363,271,264,535
2125364,139,154,293
2125365,0,0,0
2125401,208,194,402
2125402,218,234,452
2125403,300,286,586
2125404,160,149,309
2125405,193,209,402
2125406,246,247,493
2125407,4,3,7
2125408,210,246,456
2125409,233,241,474
2125410,191,216,407
2125411,215,248,463
2125412,109,120,229
2125413,283,319,602
2125414,250,234,484
2125415,209,212,421
2125416,339,350,689
2125417,165,178,343
2125418,4,4,8
2125419,259,270,529
2125420,237,222,459
2125421,219,233,452
2125422,279,282,561
2125423,159,144,303
2125424,200,216,416
2125425,220,214,434
2125426,0,0,0
2125427,0,0,0
2125428,151,156,307
2125429,257,229,486
2125430,241,232,473
2125431,290,273,563
2125432,109,123,232
2125433,136,122,258
2125434,178,165,343
2125501,212,212,424
2125502,175,189,364
2125503,238,241,479
2125504,438,453,891
2125505,218,236,454
2125506,266,274,540
2125507,242,257,499
2125508,160,158,318
2125509,104,128,232
2125510,212,212,424
2125511,103,78,181
2125512,303,327,630
2125513,214,195,409
2125514,192,188,380
2125515,177,157,334
2125601,136,116,252
2125602,177,183,360
2125603,196,186,382
2125604,147,161,308
2125605,274,291,565
2125606,184,194,378
2125607,0,0,0
2125608,287,282,569
2125609,208,217,425
2125610,158,176,334
2125611,183,168,351
2125612,217,232,449
2125613,192,212,404
2125614,158,153,311
2125615,97,114,211
2125616,274,279,553
2125617,107,105,212
2125618,194,192,386
2125619,265,296,561
2125620,220,235,455
2125621,269,274,543
2125622,270,264,534
2125623,93,175,268
2125624,277,250,527
2125625,201,218,419
2125626,263,257,520
2125627,269,285,554
2125628,119,103,222
2125629,277,283,560
2125630,256,247,503
2125631,138,146,284
2125632,250,258,508
2125633,228,240,468
2125634,127,144,271
2125635,237,234,471
2125636,123,145,268
2125637,150,167,317
2125638,166,151,317
2125639,116,104,220
2125701,0,0,0
2125702,249,240,489
2125703,357,337,694
2125704,304,291,595
2125705,205,202,407
2125706,223,234,457
2125707,215,212,427
2125708,259,249,508
2125709,202,195,397
2125710,240,256,496
2125711,227,226,453
2125712,236,254,490
2125713,114,116,230
2125714,274,302,576
2125715,183,187,370
2125716,185,210,395
2125717,119,170,289
2125718,244,206,450
2125719,178,190,368
2125801,0,0,0
2125802,7,8,15
2125803,235,245,480
2125804,172,164,336
2125805,268,268,536
2125806,204,240,444
2125807,283,310,593
2125808,0,0,0
2125809,175,198,373
2125810,222,213,435
2125811,147,160,307
2125812,233,217,450
2125813,273,258,531
2125814,250,245,495
2125815,242,224,466
2125816,258,249,507
2125817,225,222,447
2125818,130,121,251
2125819,219,262,481
2125820,138,134,272
2125821,195,177,372
2125822,243,233,476
2125823,219,221,440
2125824,294,292,586
2125825,155,154,309
2125826,235,234,469
2125827,171,177,348
2125828,208,205,413
2125901,221,231,452
2125902,118,114,232
2125903,176,172,348
2125904,163,153,316
2125905,169,165,334
2125906,232,237,469
2125907,234,229,463
2125908,204,211,415
2125909,264,289,553
2125910,154,164,318
2125911,194,224,418
2125912,257,252,509
2125913,252,256,508
2125914,155,182,337
2125915,211,206,417
2125916,0,0,0
2125917,94,94,188
2125918,176,158,334
2125919,153,166,319
2125920,127,165,292
2125921,143,146,289
2125922,222,242,464
2125923,226,239,465
2125924,96,234,330
2125925,142,185,327
2125926,151,166,317
2125927,244,229,473
2125928,132,78,210
2125929,271,300,571
2125930,229,229,458
2125931,215,184,399
2125932,140,149,289
2125933,165,179,344
2125934,119,113,232
2125935,178,183,361
2125936,240,257,497
2125937,154,147,301
2125938,108,104,212
2126001,0,0,0
2126002,147,165,312
2126003,4,3,7
2126004,203,166,369
2126005,222,223,445
2126006,15,17,32
2126007,301,269,570
2126008,173,188,361
2126009,162,173,335
2126010,188,210,398
2126011,205,192,397
2126012,109,111,220
2126013,280,285,565
2126014,247,232,479
2126015,190,233,423
2126016,228,224,452
2126017,160,135,295
2126018,189,217,406
2126019,191,240,431
2126020,131,160,291
2126021,209,293,502
2126022,248,242,490
2126023,245,266,511
2126024,70,153,223
2126025,152,139,291
2126026,218,281,499
2126027,197,201,398
2126028,180,177,357
2126029,225,217,442
2126030,170,166,336
2126031,179,194,373
2126032,155,188,343
2126033,186,211,397
2126034,206,218,424
2126035,229,234,463
2126036,178,178,356
2126037,132,128,260
2126038,226,261,487
2126039,185,355,540
2126040,156,177,333
2126041,187,227,414
2126042,213,229,442
2126043,166,158,324
2126044,214,212,426
2126045,166,173,339
2126046,191,194,385
2126047,158,178,336
2126101,240,221,461
2126102,250,279,529
2126103,334,351,685
2126104,280,253,533
2126105,202,186,388
2126106,209,220,429
2126107,133,138,271
2126108,322,324,646
2126109,183,333,516
2126110,154,139,293
2126111,199,213,412
2126112,227,216,443
2126113,148,137,285
2126114,177,161,338
2126115,130,117,247
2126116,254,261,515
2126117,168,179,347
2126118,162,229,391
2126119,184,190,374
2126120,127,127,254
2126121,248,250,498
2126122,104,105,209
2126123,88,108,196
2126124,148,141,289
2126125,238,268,506
2126126,195,188,383
2126127,280,266,546
2126128,183,181,364
2126129,212,241,453
2126130,234,236,470
2126131,216,208,424
2126132,180,173,353
2126133,313,301,614
2126134,174,172,346
2126135,157,156,313
2126136,97,98,195
2126137,133,131,264
2126138,151,186,337
2126139,168,195,363
2126201,145,132,277
2126202,102,118,220
2126203,169,175,344
2126204,228,223,451
2126205,196,207,403
2126206,118,117,235
2126207,132,134,266
2126208,201,179,380
2126209,132,137,269
2126210,260,275,535
2126211,176,176,352
2126212,97,81,178
2126213,157,204,361
2126214,156,173,329
2126215,164,151,315
2126216,166,149,315
2126217,153,133,286
2126218,110,95,205
2126219,99,108,207
2126220,172,178,350
2126221,185,182,367
2126222,108,129,237
2126223,111,126,237
2126224,219,201,420
2126225,165,155,320
2126226,116,116,232
2126227,199,216,415
2126228,186,174,360
2126229,150,133,283
2126230,122,131,253
2126231,144,141,285
2126232,170,153,323
2126301,261,266,527
2126302,242,241,483
2126303,178,194,372
2126304,109,111,220
2126305,138,154,292
2126306,187,188,375
2126307,185,214,399
2126308,145,175,320
2126309,162,185,347
2126310,138,114,252
2126311,265,275,540
2126312,187,183,370
2126313,131,140,271
2126314,167,167,334
2126315,173,178,351
2126316,155,140,295
2126317,281,303,584
2126318,265,265,530
2126319,335,334,669
2126320,228,190,418
2126321,112,134,246
2126322,153,166,319
2126323,309,264,573
2126324,209,187,396
2126325,233,228,461
2126326,253,310,563
2126327,3,0,3
2126328,0,0,0
2126329,208,225,433
2126330,261,272,533
2126401,119,146,265
2126402,0,0,0
2126403,215,226,441
2126404,174,218,392
2126405,222,222,444
2126406,175,200,375
2126407,227,256,483
2126408,141,151,292
2126409,251,262,513
2126410,190,254,444
2126411,130,171,301
2126412,137,154,291
2126413,239,233,472
2126414,189,199,388
2126415,230,244,474
2126416,85,109,194
2126417,299,299,598
2126418,143,141,284
2126419,251,274,525
2126420,265,293,558
2126421,113,118,231
2126422,140,159,299
2126423,228,265,493
2126424,233,246,479
2126425,233,206,439
2126426,153,157,310
2126427,285,281,566
2126428,142,166,308
2126429,176,188,364
2126430,0,0,0
2126431,261,259,520
2126432,232,242,474
2126433,191,215,406
2126434,284,323,607
2126435,346,383,729
2126436,176,189,365
2126437,211,234,445
2126438,159,237,396
2126439,113,153,266
2126440,162,151,313
2126441,200,224,424
2126442,107,115,222
2126443,106,105,211
2126444,148,164,312
2126445,114,129,243
2126446,212,230,442
2126447,221,322,543
2126448,192,195,387
2126449,227,307,534
2126450,147,158,305
2126451,129,119,248
2126452,198,186,384
2126453,159,168,327
2126454,154,176,330
2126455,172,197,369
2126456,140,148,288
2126457,130,310,440
2126458,194,198,392
2126459,271,297,568
2126460,179,200,379
2126461,231,235,466
2126462,219,220,439
2126463,153,216,369
2126464,150,170,320
2126465,103,132,235
2126466,148,176,324
2126467,144,138,282
2126468,154,164,318
2126469,213,221,434
2126470,143,156,299
2126471,269,320,589
2126472,129,136,265
2126473,246,250,496
2126474,183,234,417
2126475,205,200,405
2126476,195,246,441
2126477,205,210,415
2126501,216,243,459
2126502,196,210,406
2126503,162,176,338
2126504,180,193,373
2126505,171,214,385
2126506,225,230,455
2126507,195,193,388
2126508,229,251,480
2126509,232,261,493
2126510,201,209,410
2126511,246,239,485
2126512,279,269,548
2126513,302,301,603
2126514,267,266,533
2126515,304,271,575
2126516,138,130,268
2126517,216,211,427
2126518,187,182,369
2126519,251,263,514
2126520,271,277,548
2126521,116,136,252
2126522,87,107,194
2126523,269,265,534
2126524,251,244,495
2126525,228,241,469
2126526,150,163,313
2126527,170,172,342
2126528,176,178,354
2126529,275,253,528
2126530,152,161,313
2126531,259,266,525
2126532,224,223,447
2126533,203,213,416
2126534,177,166,343
2126535,226,210,436
2126536,128,134,262
2126537,173,168,341
2126538,130,106,236
2126539,223,205,428
2126540,109,96,205
2126541,179,241,420
2126542,137,127,264
2126543,145,172,317
2126544,247,256,503
2126601,131,115,246
2126602,137,133,270
2126603,4,5,9
2126604,7,4,11
2126605,0,0,0
2126606,213,294,507
2126607,241,253,494
2126608,209,243,452
2126609,143,140,283
2126610,0,0,0
2126611,167,156,323
2126612,122,196,318
2126613,113,131,244
2126614,226,237,463
2126615,168,171,339
2126616,35,28,63
2126617,230,216,446
2126618,233,250,483
2126619,162,206,368
2126620,136,135,271
2126621,172,164,336
2126622,204,215,419
2126623,199,221,420
2126624,139,122,261
2126625,200,220,420
2126626,131,154,285
2126627,161,186,347
2126628,58,50,108
2126629,0,0,0
2126630,161,195,356
2126631,164,187,351
2126632,227,332,559
2126633,126,165,291
2126634,134,150,284
2126635,248,241,489
2126636,162,169,331
2126637,171,155,326
2126638,273,286,559
2126639,152,161,313
2126640,209,206,415
2126641,237,272,509
2126642,176,193,369
2126643,273,288,561
2126644,254,281,535
2126645,181,190,371
2126646,276,272,548
2126647,136,136,272
2126648,196,196,392
2126701,193,208,401
2126702,267,264,531
2126703,248,241,489
2126704,207,217,424
2126705,186,186,372
2126706,243,256,499
2126707,280,292,572
2126708,175,153,328
2126709,266,284,550
2126710,159,162,321
2126711,251,268,519
2126712,228,233,461
2126713,194,207,401
2126714,231,227,458
2126715,148,157,305
2126716,172,161,333
2126717,100,136,236
2126718,273,274,547
2126719,242,222,464
2126720,179,208,387
2126721,237,233,470
2126722,179,172,351
2126723,94,97,191
2126724,231,258,489
2126725,202,206,408
2126726,186,214,400
2126727,272,287,559
2126728,120,137,257
2126729,170,175,345
2126730,157,168,325
2126731,157,179,336
2126732,265,267,532
2126733,240,265,505
2126734,188,171,359
2126735,240,236,476
2126736,233,215,448
2126737,254,278,532
2126738,115,121,236
2126739,220,247,467
2126740,179,214,393
2126741,127,131,258
2126742,130,173,303
2126743,272,291,563
2126744,160,199,359
2126745,163,155,318
2126746,116,115,231
2126747,149,152,301
2126801,125,145,270
2126802,184,168,352
2126803,142,170,312
2126804,208,205,413
2126805,262,258,520
2126806,226,216,442
2126807,217,233,450
2126808,335,353,688
2126809,230,217,447
2126810,175,198,373
2126811,215,213,428
2126812,196,189,385
2126813,163,155,318
2126814,144,140,284
2126815,238,248,486
2126816,274,286,560
2126817,256,282,538
2126818,250,227,477
2126819,173,169,342
2126820,197,188,385
2126821,221,210,431
2126822,96,113,209
2126823,112,108,220
2126901,215,289,504
2126902,229,239,468
2126903,197,204,401
2126904,167,200,367
2126905,212,223,435
2126906,242,309,551
2126907,259,283,542
2126908,222,244,466
2126909,162,159,321
2126910,163,200,363
2126911,289,351,640
2126912,222,193,415
2126913,109,124,233
2126914,185,217,402
2126915,147,254,401
2126916,225,237,462
2126917,287,290,577
2126918,178,184,362
2126919,203,206,409
2126920,271,261,532
2126921,315,337,652
2126922,240,313,553
2127001,244,300,544
2127002,273,283,556
2127003,162,147,309
2127004,275,313,588
2127005,211,229,440
2127006,196,211,407
2127007,219,215,434
2127008,161,192,353
2127009,228,220,448
2127010,298,301,599
2127011,262,292,554
2127012,300,307,607
2127013,195,213,408
2127014,240,254,494
2127015,174,152,326
2127016,217,209,426
2127017,172,178,350
2127018,163,183,346
2127019,197,221,418
2127020,172,180,352
2127021,100,104,204
2127022,139,149,288
2127023,207,219,426
2127024,284,283,567
2127025,282,283,565
2127026,198,219,417
2127027,162,188,350
2127028,142,159,301
2127029,185,181,366
2127030,112,101,213
2127031,114,131,245
2127032,193,214,407
2127033,117,140,257
2127034,211,217,428
2127035,133,146,279
2127036,0,0,0
2127037,148,156,304
2127038,123,119,242
2127039,0,0,0
2127040,0,0,0
2127101,0,0,0
2127102,188,232,420
2127103,288,282,570
2127104,123,151,274
2127105,267,268,535
2127106,240,217,457
2127107,170,171,341
2127108,174,216,390
2127109,267,263,530
2127110,180,169,349
2127111,208,216,424
2127112,168,184,352
2127113,247,267,514
2127114,116,103,219
2127115,152,146,298
2127116,318,321,639
2127117,222,237,459
2127118,177,177,354
2127119,200,213,413
2127120,113,140,253
2127121,231,260,491
2127122,191,199,390
2127123,319,319,638
2127124,195,201,396
2127125,104,95,199
2127126,208,320,528
2127127,138,155,293
2127128,95,132,227
2127129,3,0,3
2127201,150,153,303
2127202,158,166,324
2127203,152,169,321
2127204,231,304,535
2127205,285,311,596
2127206,211,205,416
2127207,174,187,361
2127208,157,180,337
2127209,207,207,414
2127210,151,178,329
2127211,227,222,449
2127212,177,185,362
2127213,261,255,516
2127214,208,258,466
2127215,288,288,576
2127216,233,234,467
2127217,200,231,431
2127218,206,219,425
2127219,245,245,490
2127220,150,148,298
2127221,189,210,399
2127222,163,146,309
2127223,179,173,352
2127224,155,141,296
2127225,54,62,116
2127301,151,162,313
2127302,158,177,335
2127303,169,165,334
2127304,178,192,370
2127305,175,263,438
2127306,213,210,423
2127307,234,258,492
2127308,123,133,256
2127309,183,156,339
2127310,182,185,367
2127311,138,148,286
2127312,184,193,377
2127313,218,236,454
2127314,220,223,443
2127315,182,175,357
2127316,185,216,401
2127317,172,172,344
2127318,129,133,262
2127319,175,194,369
2127320,177,185,362
2127321,248,240,488
2127322,209,212,421
2127323,210,287,497
2127324,235,234,469
2127325,205,189,394
2127326,170,176,346
2127327,122,122,244
2127328,213,202,415
2127329,229,234,463
2127330,176,189,365
2127401,133,124,257
2127402,200,205,405
2127403,151,132,283
2127404,201,188,389
2127405,245,239,484
2127406,258,251,509
2127407,136,149,285
2127408,149,192,341
2127409,131,140,271
2127410,123,116,239
2127411,143,137,280
2127412,273,283,556
2127413,110,123,233
2127414,190,186,376
2127415,107,97,204
2127416,256,230,486
2127417,95,101,196
2127418,187,200,387
2127419,102,113,215
2127420,174,159,333
2127421,160,166,326
2127422,209,193,402
2127423,145,131,276
2127424,119,108,227
2127425,154,152,306
2127426,92,68,160
2127427,117,117,234
2127428,138,155,293
2127429,175,159,334
2127430,252,288,540
2127431,113,116,229
2127501,213,217,430
2127502,255,231,486
2127503,205,214,419
2127504,189,218,407
2127505,279,281,560
2127506,248,258,506
2127507,198,206,404
2127508,113,101,214
2127509,0,0,0
2127510,247,247,494
2127511,210,219,429
2127512,171,185,356
2127513,233,228,461
2127514,178,185,363
2127515,248,280,528
2127516,0,0,0
2127517,237,209,446
2127518,225,245,470
2127519,183,184,367
2127520,174,164,338
2127521,158,157,315
2127522,149,153,302
2127523,128,146,274
2127524,116,129,245
2127525,136,170,306
2127601,95,101,196
2127602,161,162,323
2127603,235,291,526
2127604,194,194,388
2127605,161,172,333
2127606,181,211,392
2127607,203,242,445
2127608,144,188,332
2127609,210,251,461
2127610,271,331,602
2127611,158,153,311
2127612,157,163,320
2127613,276,294,570
2127614,280,269,549
2127615,0,0,0
2127616,235,222,457
2127617,157,153,310
2127618,177,189,366
2127619,141,182,323
2127620,289,270,559
2127621,127,114,241
2127622,146,145,291
2127623,131,109,240
2127624,149,150,299
2127625,221,227,448
2127626,196,222,418
2127627,262,260,522
2127628,168,174,342
2127629,100,100,200
2127630,101,84,185
2127631,176,160,336
2127632,233,245,478
2127633,173,156,329
2127634,172,166,338
2127635,199,202,401
2127701,166,168,334
2127702,246,291,537
2127703,241,253,494
2127704,271,258,529
2127705,268,268,536
2127706,180,221,401
2127707,158,156,314
2127708,280,347,627
2127709,175,160,335
2127710,163,174,337
2127711,115,114,229
2127712,218,224,442
2127713,278,279,557
2127714,255,225,480
2127715,0,0,0
2127716,272,329,601
2127717,174,186,360
2127718,219,229,448
2127719,232,375,607
2127720,181,177,358
2127801,118,115,233
2127802,33,33,66
2127803,170,160,330
2127804,179,156,335
2127805,147,116,263
2127806,237,225,462
2127807,245,207,452
2127808,132,130,262
2127809,273,294,567
2127810,162,164,326
2127811,94,101,195
2127812,122,117,239
2127813,164,178,342
2127814,166,165,331
2127815,201,250,451
2127816,204,200,404
2127817,143,150,293
2127818,271,275,546
2127819,221,206,427
2127820,271,293,564
2127821,12,10,22
2127822,289,326,615
2127823,209,236,445
2127824,160,187,347
2127825,251,261,512
2127826,237,222,459
2127827,208,196,404
2127828,162,181,343
2127829,218,245,463
2127830,234,343,577
2127831,254,246,500
2127832,214,207,421
2127833,216,245,461
2127834,303,323,626
2127835,211,224,435
2127836,172,160,332
2127837,131,218,349
2127838,3,0,3
2127839,186,212,398
2127840,150,174,324
2127841,199,206,405
2127842,168,158,326
2127843,148,149,297
2127844,115,124,239
2127845,165,143,308
2127846,354,384,738
2127847,285,276,561
2127901,270,273,543
2127902,105,105,210
2127903,198,176,374
2127904,283,286,569
2127905,284,322,606
2127906,190,184,374
2127907,187,217,404
2127908,131,146,277
2127909,234,229,463
2127910,195,175,370
2127911,168,183,351
2127912,133,116,249
2127913,222,255,477
2127914,135,130,265
2128001,219,211,430
2128002,231,212,443
2128003,170,158,328
2128004,175,192,367
2128005,139,179,318
2128006,167,186,353
2128007,222,256,478
2128008,189,264,453
2128009,207,198,405
2128010,159,179,338
2128011,132,121,253
2128012,331,322,653
2128013,221,238,459
2128014,181,186,367
2128015,129,139,268
2128016,181,189,370
2128017,115,128,243
2128018,109,102,211
2128101,273,308,581
2128102,167,166,333
2128103,88,97,185
2128104,191,188,379
2128105,181,195,376
2128106,242,273,515
2128107,160,155,315
2128108,194,205,399
2128109,226,221,447
2128110,289,296,585
2128111,229,220,449
2128112,209,206,415
2128113,326,356,682
2128114,181,183,364
2128115,277,267,544
2128116,246,250,496
2128117,282,287,569
2128118,260,256,516
2128119,225,233,458
2128120,299,265,564
2128121,237,250,487
2128122,135,148,283
2128123,267,277,544
2128124,265,283,548
2128125,206,199,405
2128126,242,218,460
2128127,256,268,524
2128128,251,276,527
2128129,237,232,469
2128130,241,256,497
2128131,248,265,513
2128132,255,246,501
2128133,203,215,418
2128134,205,190,395
2128135,103,105,208
2128136,203,172,375
2128137,123,131,254
2128138,217,228,445
2128139,131,147,278
2128140,179,174,353
2128141,257,246,503
2128142,265,252,517
2128143,134,124,258
2128144,227,232,459
2128145,275,329,604
2128146,209,211,420
2128147,150,139,289
2128201,229,230,459
2128202,156,129,285
2128203,205,174,379
2128204,130,137,267
2128205,199,190,389
2128206,104,110,214
2128207,105,103,208
2128208,152,141,293
2128209,201,194,395
2128210,133,132,265
2128211,166,170,336
2128212,199,198,397
2128213,181,144,325
2128214,207,190,397
2128215,239,251,490
2128216,181,166,347
2128217,9,9,18
2128218,214,217,431
2128219,196,200,396
2128220,302,273,575
2128221,88,93,181
2128222,231,254,485
2128223,241,257,498
2128224,165,182,347
2128225,115,114,229
2128226,114,116,230
2128227,0,0,0
2128228,167,155,322
2128229,0,0,0
2128230,6,4,10
2128231,3,0,3
2128232,248,244,492
2128301,158,182,340
2128302,232,228,460
2128303,130,123,253
2128304,158,155,313
2128305,186,183,369
2128306,288,317,605
2128307,144,147,291
2128308,160,153,313
2128309,255,243,498
2128310,140,170,310
2128311,261,262,523
2128312,175,174,349
2128313,210,200,410
2128314,166,182,348
2128315,165,178,343
2128316,188,169,357
2128317,236,229,465
2128318,152,130,282
2128319,199,193,392
2128320,176,198,374
2128321,170,166,336
2128322,137,134,271
2128323,135,132,267
2128324,189,170,359
2128325,171,172,343
2128326,104,96,200
2128401,148,133,281
2128402,200,195,395
2128403,203,218,421
2128404,203,203,406
2128405,209,184,393
2128406,114,138,252
2128407,109,100,209
2128408,194,200,394
2128409,122,122,244
2128410,193,219,412
2128411,207,213,420
2128412,175,164,339
2128413,238,242,480
2128414,121,120,241
2128415,159,196,355
2128416,204,194,398
2128417,224,205,429
2128418,117,98,215
2128419,214,217,431
2128420,383,346,729
2128421,173,185,358
2128422,186,176,362
2128423,272,255,527
2128424,164,175,339
2128425,109,102,211
2128426,176,161,337
2128427,110,109,219
2128501,96,97,193
2128502,91,90,181
2128503,141,130,271
2128504,167,172,339
2128505,153,144,297
2128506,117,144,261
2128507,171,165,336
2128508,122,130,252
2128509,205,192,397
2128510,97,98,195
2128511,203,197,400
2128512,70,87,157
2128513,80,76,156
2128514,103,92,195
2128515,144,132,276
2128516,206,198,404
2128517,126,122,248
2128518,109,108,217
2128519,139,139,278
2128520,136,147,283
2128521,147,147,294
2128522,193,170,363
2128523,115,118,233
2128524,248,236,484
2128525,199,208,407
2128526,160,143,303
2128601,76,68,144
2128602,157,162,319
2128603,190,187,377
2128604,219,220,439
2128605,182,183,365
2128606,164,177,341
2128607,128,129,257
2128608,135,135,270
2128609,0,3,3
2128610,182,182,364
2128611,221,231,452
2128612,160,159,319
2128613,162,150,312
2128614,207,219,426
2128615,235,220,455
2128616,171,200,371
2128617,203,196,399
2128618,232,257,489
2128619,94,90,184
2128620,157,163,320
2128621,150,173,323
2128622,116,153,269
2128623,129,117,246
2128624,289,343,632
2128625,108,109,217
2128626,112,118,230
2128627,217,204,421
2128628,171,190,361
2128629,225,295,520
2128630,197,184,381
2128631,222,194,416
2128632,133,132,265
2128633,111,100,211
2128634,185,199,384
2128635,101,109,210
2128636,91,91,182
2128637,105,95,200
2128638,148,150,298
2128639,150,137,287
2128640,112,117,229
2128641,64,71,135
2128642,243,231,474
2128643,179,176,355
2128644,146,156,302
2128645,0,0,0
2128646,98,140,238
2128647,122,133,255
2128648,108,112,220
2128649,173,161,334
2128650,124,123,247
2128651,137,118,255
2128652,144,154,298
2128653,0,0,0
2128701,267,229,496
2128702,236,236,472
2128703,191,210,401
2128704,573,576,1149
2128705,255,248,503
2128706,178,179,357
2128707,305,301,606
2128708,213,194,407
2128709,341,360,701
2128710,107,116,223
2128711,246,230,476
2128712,248,242,490
2128713,182,193,375
2128714,271,259,530
2128715,132,120,252
2128716,110,95,205
2128717,223,223,446
2128801,196,167,363
2128802,118,120,238
2128803,107,112,219
2128804,162,154,316
2128805,155,157,312
2128806,121,115,236
2128807,181,157,338
2128808,277,269,546
2128809,221,251,472
2128810,176,168,344
2128811,224,217,441
2128812,216,201,417
2128813,342,329,671
2128814,221,245,466
2128815,153,150,303
2128816,276,256,532
2128817,138,169,307
2128818,159,182,341
2128819,135,154,289
2128820,161,169,330
2128821,111,114,225
2128822,139,130,269
2128823,113,109,222
2128901,15,15,30
2128902,209,195,404
2128903,106,118,224
2128904,233,261,494
2128905,245,249,494
2128906,159,153,312
2128907,154,130,284
2128908,174,192,366
2128909,278,254,532
2128910,261,270,531
2128911,158,164,322
2128912,211,183,394
2128913,103,88,191
2128914,258,263,521
2128915,40,37,77
2128916,206,191,397
2128917,147,157,304
2128918,257,261,518
2128919,74,60,134
2128920,172,170,342
2128921,206,211,417
2128922,163,166,329
2128923,109,126,235
2128924,101,91,192
2128925,256,239,495
2128926,216,215,431
2128927,207,206,413
2128928,204,204,408
2128929,246,234,480
2128930,117,145,262
2128931,144,137,281
2128932,229,219,448
2128933,84,99,183
2128934,220,230,450
2128935,180,205,385
2128936,266,218,484
2128937,232,204,436
2128938,198,192,390
2128939,5,3,8
2128940,97,112,209
2128941,95,99,194
2128942,188,159,347
2128943,167,181,348
2128944,140,138,278
2128945,214,220,434
2128946,0,0,0
2128947,155,135,290
2128948,165,163,328
2128949,93,76,169
2128950,113,115,228
2128951,176,166,342
2128952,129,129,258
2128953,269,232,501
2129001,368,408,776
2129002,263,282,545
2129003,114,99,213
2129004,165,154,319
2129005,301,258,559
2129006,127,108,235
2129007,238,230,468
2129008,129,113,242
2129009,180,188,368
2129010,164,171,335
2129011,224,241,465
2129012,177,163,340
2129013,130,135,265
2129014,118,121,239
2129015,251,266,517
2129016,102,103,205
2129017,244,205,449
2129101,644,717,1361
2129102,476,532,1008
2129103,361,375,736
2129104,241,236,477
2129105,315,314,629
2129106,481,489,970
2129107,286,272,558
2129108,151,158,309
2129109,221,252,473
2129110,227,227,454
2129111,191,213,404
2129112,3,3,6
2129113,152,135,287
2129114,171,277,448
2129115,158,240,398
2129116,229,225,454
2129117,225,243,468
2129118,224,208,432
2129119,124,150,274
2129120,992,1040,2032
2129121,235,229,464
2129201,279,296,575
2129202,671,693,1364
2129203,749,827,1576
2129204,347,360,707
2129205,433,516,949
2129206,193,174,367
2129207,167,230,397
2129208,167,212,379
2129209,171,203,374
2129210,329,349,678
2129211,294,268,562
2129212,274,272,546
2129213,115,105,220
2129214,194,229,423
2129215,236,288,524
2129216,293,334,627
2129217,240,282,522
2129218,219,222,441
2129219,299,338,637
2129220,231,237,468
2129221,202,189,391
2129222,247,252,499
2129223,179,162,341
2129224,323,345,668
2129225,190,194,384
2129226,487,496,983
2129227,233,270,503
2129228,378,374,752
2129229,139,148,287
2129230,156,187,343
2129231,221,243,464
2129232,91,108,199
2129233,228,224,452
2129234,1095,1088,2183
2129235,203,171,374
2129236,102,92,194
2129301,302,308,610
2129302,234,257,491
2129303,124,172,296
2129304,208,214,422
2129305,125,136,261
2129306,216,253,469
2129307,408,421,829
2129308,243,238,481
2129309,239,364,603
2129310,192,201,393
2129311,221,252,473
2129312,270,320,590
2129313,144,156,300
2129314,319,335,654
2129315,186,180,366
2129316,247,232,479
2129317,229,221,450
2129318,275,291,566
2129319,256,231,487
2129320,223,240,463
2129321,171,194,365
2129322,113,133,246
2129323,157,185,342
2129324,233,313,546
2129325,186,248,434
2129326,220,212,432
2129327,249,292,541
2129328,173,218,391
2129329,301,283,584
2129330,375,385,760
2129331,214,214,428
2129332,278,295,573
2129333,153,184,337
2129334,216,276,492
2129335,277,304,581
2129336,155,166,321
2129337,75,88,163
2129338,176,204,380
2129339,113,145,258
2129340,184,249,433
2129341,162,204,366
2129342,278,323,601
2129343,234,229,463
2129344,137,179,316
2129345,85,127,212
2129346,171,193,364
2129347,139,139,278
2129348,132,118,250
2129349,98,104,202
2129350,126,141,267
2129351,176,231,407
2129352,99,130,229
2129401,317,300,617
2129402,390,390,780
2129403,545,555,1100
2129404,183,197,380
2129405,290,295,585
2129406,543,537,1080
2129407,1545,1539,3084
2129408,231,227,458
2129409,267,254,521
2129410,408,393,801
2129411,315,326,641
2129412,174,178,352
2129413,140,141,281
2129414,281,290,571
2129415,174,155,329
2129416,209,213,422
2129417,239,247,486
2129418,236,266,502
2129419,235,213,448
2129420,218,230,448
2129421,207,217,424
2129422,344,340,684
2129423,386,364,750
2129424,156,146,302
2129425,161,153,314
2129426,227,243,470
2129427,167,171,338
2129428,168,168,336
2129429,98,112,210
2129430,790,794,1584
2129431,339,363,702
2129432,302,321,623
2129433,149,120,269
2129434,152,160,312
2129435,133,138,271
2129436,412,399,811
2129437,0,0,0
2129438,317,383,700
2129501,106,112,218
2129502,0,0,0
2129503,0,0,0
2129504,151,152,303
2129505,242,215,457
2129506,344,320,664
2129507,149,146,295
2129508,257,223,480
2129509,4,0,4
2129510,343,340,683
2129511,174,173,347
2129512,288,259,547
2129513,248,260,508
2129514,147,154,301
2129515,285,256,541
2129516,195,203,398
2129517,185,185,370
2129518,268,243,511
2129519,213,203,416
2129520,211,198,409
2129521,211,243,454
2129522,170,164,334
2129523,149,192,341
2129524,221,225,446
2129525,334,331,665
2129526,262,292,554
2129601,174,182,356
2129602,100,102,202
2129603,124,131,255
2129604,177,166,343
2129605,185,206,391
2129606,140,129,269
2129607,265,239,504
2129608,0,0,0
2129609,0,0,0
2129610,159,158,317
2129611,287,286,573
2129612,208,214,422
2129613,93,102,195
2129614,117,107,224
2129615,219,209,428
2129616,212,217,429
2129617,279,295,574
2129618,274,247,521
2129619,94,94,188
2129620,234,247,481
2129621,198,212,410
2129622,243,212,455
2129623,144,141,285
2129624,288,332,620
2129625,261,266,527
2129626,234,220,454
2129627,246,258,504
2129628,200,215,415
2129629,175,157,332
2129630,125,121,246
2129631,154,158,312
2129632,161,147,308
2129633,177,169,346
2129634,180,188,368
2129635,154,156,310
2129636,226,246,472
2129637,202,201,403
2129638,227,238,465
2129639,241,236,477
2129640,219,211,430
2129641,214,199,413
2129642,230,231,461
2129643,260,236,496
2129644,272,271,543
2129645,306,273,579
2129646,130,127,257
2129647,304,305,609
2129648,226,244,470
2129649,98,99,197
2129650,165,149,314
2129651,211,210,421
2129652,185,177,362
2129653,127,122,249
2129654,159,162,321
2129655,174,173,347
2129656,183,186,369
2129657,210,181,391
2129658,180,177,357
2129659,216,208,424
2129660,171,173,344
2129661,156,158,314
2129662,115,128,243
2129663,130,134,264
2129664,188,182,370
2129665,173,177,350
2129666,97,113,210
2129667,185,179,364
2129668,139,124,263
2129669,203,175,378
2129701,208,214,422
2129702,152,159,311
2129703,216,204,420
2129704,237,247,484
2129705,291,304,595
2129706,205,224,429
2129707,160,141,301
2129708,193,245,438
2129709,320,316,636
2129710,209,201,410
2129711,170,172,342
2129712,172,181,353
2129713,204,232,436
2129714,228,220,448
2129715,210,226,436
2129716,226,236,462
2129717,210,197,407
2129718,197,209,406
2129719,192,219,411
2129720,4,0,4
2129721,223,237,460
2129722,203,192,395
2129723,154,152,306
2129724,149,154,303
2129725,146,146,292
2129726,134,124,258
2129801,198,201,399
2129802,219,227,446
2129803,195,198,393
2129804,216,185,401
2129805,223,213,436
2129806,162,143,305
2129807,139,157,296
2129808,293,255,548
2129809,183,171,354
2129810,256,265,521
2129811,211,238,449
2129812,280,290,570
2129813,163,162,325
2129814,253,245,498
2129815,257,277,534
2129816,169,176,345
2129817,117,109,226
2129818,241,290,531
2129819,93,99,192
2129820,135,133,268
2129821,269,282,551
2129822,191,193,384
2129823,0,0,0
2129824,247,248,495
2129825,253,252,505
2129826,232,226,458
2129827,221,232,453
2129828,200,201,401
2129829,288,272,560
2129830,181,208,389
2129831,219,222,441
2129832,0,0,0
2129833,172,164,336
2129834,227,215,442
2129835,227,208,435
2129836,217,228,445
2129837,278,287,565
2129838,180,200,380
2129839,294,317,611
2129840,324,327,651
2129841,192,181,373
2129842,164,172,336
2129843,265,264,529
2129844,224,241,465
2129845,243,248,491
2129846,265,235,500
2129847,0,0,0
2129848,254,265,519
2129849,283,268,551
2129850,297,321,618
2129851,181,188,369
2129852,178,176,354
2129853,160,131,291
2129854,209,223,432
2129855,149,142,291
2129856,154,149,303
2129857,234,214,448
2129858,118,116,234
2129859,145,142,287
2129860,289,267,556
2129861,103,96,199
2129862,180,160,340
2129863,121,124,245
2129864,159,147,306
2129865,154,155,309
2129901,202,184,386
2129902,134,129,263
2129903,180,185,365
2129904,187,174,361
2129905,119,113,232
2129906,186,166,352
2129907,246,250,496
2129908,177,163,340
2129909,210,173,383
2129910,244,244,488
2129911,290,274,564
2129912,188,187,375
2129913,253,241,494
2129914,319,296,615
2129915,206,321,527
2129916,116,116,232
2129917,122,104,226
2129918,160,133,293
2130001,130,141,271
2130002,218,193,411
2130003,242,223,465
2130004,282,288,570
2130005,213,185,398
2130006,149,156,305
2130007,193,177,370
2130008,240,254,494
2130009,177,175,352
2130010,304,303,607
2130011,402,367,769
2130012,532,536,1068
2130013,166,156,322
2130014,1187,1183,2370
2130015,366,345,711
2130016,141,143,284
2130017,192,167,359
2130018,241,219,460
2130019,189,221,410
2130020,294,309,603
2130021,202,234,436
2130022,133,132,265
2130023,189,187,376
2130024,198,206,404
2130025,270,246,516
2130026,218,222,440
2130027,190,165,355
2130028,245,240,485
2130029,179,163,342
2130030,104,134,238
2130031,156,140,296
2130032,176,173,349
2130033,273,274,547
2130034,240,224,464
2130035,100,105,205
2130036,0,0,0
2130037,86,97,183
2130038,196,221,417
2130039,182,172,354
2130040,167,179,346
2130101,125,135,260
2130102,243,289,532
2130103,223,249,472
2130104,301,315,616
2130105,152,162,314
2130106,305,409,714
2130107,863,918,1781
2130108,201,224,425
2130109,231,243,474
2130110,180,205,385
2130111,240,236,476
2130112,853,899,1752
2130201,225,201,426
2130202,137,169,306
2130203,288,289,577
2130204,255,262,517
2130205,145,143,288
2130206,149,162,311
2130207,219,203,422
2130208,155,161,316
2130209,207,217,424
2130210,112,91,203
2130211,221,217,438
2130212,291,298,589
2130213,1536,1578,3114
2130214,200,214,414
2130215,173,192,365
2130216,302,322,624
2130217,193,198,391
2130218,0,0,0
2130219,222,219,441
2130220,259,244,503
2130221,119,160,279
2130222,173,175,348
2130223,225,222,447
2130224,167,141,308
2130225,226,217,443
2130226,445,463,908
2130227,365,361,726
2130228,226,214,440
2130301,177,171,348
2130302,242,234,476
2130303,149,153,302
2130304,887,841,1728
2130305,109,95,204
2130306,263,260,523
2130307,194,192,386
2130308,264,267,531
2130309,256,241,497
2130310,119,101,220
2130311,151,158,309
2130312,138,100,238
2130313,181,169,350
2130314,246,355,601
2130401,268,267,535
2130402,144,147,291
2130403,156,140,296
2130404,257,274,531
2130405,264,251,515
2130406,203,230,433
2130407,223,201,424
2130408,310,315,625
2130409,327,326,653
2130410,554,536,1090
2130411,71,59,130
2130412,200,224,424
2130413,154,150,304
2130414,168,238,406
2130415,449,433,882
2130416,159,160,319
2130417,107,95,202
2130418,113,106,219
2130419,97,122,219
2130420,125,124,249
2130501,185,197,382
2130502,255,255,510
2130503,317,339,656
2130504,143,128,271
2130505,354,329,683
2130506,243,256,499
2130507,192,197,389
2130508,173,157,330
2130509,367,316,683
2130510,219,220,439
2130511,324,332,656
2130512,181,184,365
2130513,259,257,516
2130514,111,128,239
2130515,354,367,721
2130516,216,228,444
2130517,256,242,498
2130518,266,256,522
2130519,210,228,438
2130520,238,278,516
2130521,322,330,652
2130522,135,144,279
2130523,217,237,454
2130524,242,220,462
2130525,215,192,407
2130526,3,0,3
2130527,340,324,664
2130528,194,217,411
2130529,348,349,697
2130530,265,260,525
2130531,294,280,574
2130532,234,228,462
2130533,187,181,368
2130534,118,131,249
2130535,261,233,494
2130536,309,322,631
2130537,314,331,645
2130538,327,332,659
2130539,253,260,513
2130540,229,216,445
2130541,200,215,415
2130542,372,361,733
2130543,570,548,1118
2130544,147,140,287
2130545,379,355,734
2130546,165,160,325
2130547,208,212,420
2130548,171,194,365
2130601,324,372,696
2130602,186,183,369
2130603,218,210,428
2130604,2446,2450,4896
2130605,199,201,400
2130606,230,218,448
2130607,304,277,581
2130608,328,288,616
2130609,0,0,0
2130610,724,798,1522
2130611,147,169,316
2130612,171,162,333
2130613,415,382,797
2130614,120,139,259
2130701,177,177,354
2130702,285,268,553
2130703,219,208,427
2130704,274,289,563
2130705,291,299,590
2130706,235,252,487
2130707,183,183,366
2130708,239,247,486
2130709,232,242,474
2130710,219,237,456
2130711,309,323,632
2130712,188,188,376
2130713,190,168,358
2130714,146,165,311
2130715,186,181,367
2130716,184,194,378
2130717,274,262,536
2130718,121,124,245
2130719,476,516,992
2130720,303,283,586
2130721,190,183,373
2130722,181,181,362
2130723,157,155,312
2130724,282,275,557
2130725,265,245,510
2130726,165,170,335
2130727,220,225,445
2130728,181,174,355
2130729,144,128,272
2130730,208,196,404
2130731,174,168,342
2130732,184,186,370
2130733,162,183,345
2130734,226,213,439
2130735,201,202,403
2130736,179,172,351
2130737,231,229,460
2130738,224,203,427
2130739,162,165,327
2130740,246,228,474
2130741,272,294,566
2130742,298,302,600
2130743,272,243,515
2130744,236,228,464
2130745,255,287,542
2130746,293,278,571
2130747,330,349,679
2130748,297,285,582
2130749,250,238,488
2130750,210,192,402
2130751,263,257,520
2130752,129,139,268
2130753,233,254,487
2130754,217,199,416
2130755,284,291,575
2130756,0,0,0
2130757,206,176,382
2130758,100,96,196
2130759,210,185,395
2130760,175,191,366
2130761,158,174,332
2130762,191,189,380
2130763,135,158,293
2130764,219,230,449
2130765,160,186,346
2130766,200,177,377
2130801,241,264,505
2130802,151,144,295
2130803,193,222,415
2130804,164,174,338
2130805,222,204,426
2130806,107,111,218
2130807,0,0,0
2130808,106,90,196
2130809,203,192,395
2130810,194,215,409
2130811,162,155,317
2130812,121,116,237
2130813,185,200,385
2130814,237,223,460
2130815,134,146,280
2130816,142,161,303
2130817,339,283,622
2130818,219,206,425
2130819,120,108,228
2130820,227,219,446
2130821,167,141,308
2130822,153,120,273
2130901,145,147,292
2130902,186,212,398
2130903,243,248,491
2130904,243,241,484
2130905,222,223,445
2130906,209,205,414
2130907,268,246,514
2130908,176,170,346
2130909,135,145,280
2130910,233,222,455
2130911,137,130,267
2130912,225,215,440
2130913,165,180,345
2130914,232,215,447
2130915,183,187,370
2130916,293,298,591
2130917,247,259,506
2130918,201,210,411
2130919,139,126,265
2130920,141,142,283
2130921,184,162,346
2130922,166,211,377
2130923,210,208,418
2130924,197,233,430
2130925,145,163,308
2130926,194,178,372
2130927,91,145,236
2130928,194,206,400
2130929,114,137,251
2130930,100,87,187
2130931,0,0,0
2130932,161,138,299
2131001,270,263,533
2131002,207,190,397
2131003,369,320,689
2131004,123,116,239
2131005,201,183,384
2131006,123,127,250
2131007,199,210,409
2131008,111,103,214
2131009,221,226,447
2131010,227,207,434
2131011,396,403,799
2131012,264,203,467
2131013,192,120,312
2131014,237,201,438
2131015,189,171,360
2131016,204,192,396
2131017,262,206,468
2131018,128,145,273
2131019,282,279,561
2131020,297,279,576
2131021,4,4,8
2131022,165,152,317
2131023,281,267,548
2131024,214,228,442
2131025,225,210,435
2131026,210,189,399
2131027,0,0,0
2131028,129,113,242
2131029,11,9,20
2131030,299,272,571
2131101,259,234,493
2131102,155,161,316
2131103,224,181,405
2131104,147,107,254
2131105,234,206,440
2131106,238,229,467
2131107,289,274,563
2131108,208,192,400
2131109,246,240,486
2131110,191,162,353
2131111,273,226,499
2131112,173,232,405
2131113,282,281,563
2131114,203,156,359
2131115,337,320,657
2131116,10,3,13
2131117,236,214,450
2131118,151,149,300
2131119,231,176,407
2131120,263,217,480
2131121,260,232,492
2131122,181,148,329
2131123,181,166,347
2131124,332,297,629
2131125,263,208,471
2131126,253,233,486
2131127,277,274,551
2131128,209,208,417
2131129,260,270,530
2131130,218,179,397
2131131,155,138,293
2131132,376,351,727
2131133,169,138,307
2131134,212,182,394
2131135,202,194,396
2131136,214,179,393
2131137,123,120,243
2131138,187,181,368
2131139,232,174,406
2131140,309,236,545
2131141,117,150,267
2131142,322,223,545
2131143,324,241,565
2131144,162,144,306
2131145,287,259,546
2131146,304,303,607
2131147,182,203,385
2131148,242,201,443
2131149,202,188,390
2131150,223,289,512
2131151,236,247,483
2131152,261,285,546
2131153,180,203,383
2131154,198,208,406
2131155,69,61,130
2131156,206,186,392
2131157,215,147,362
2131158,178,168,346
2131159,222,223,445
2131160,78,173,251
2131161,148,125,273
2131162,145,149,294
2131201,127,144,271
2131202,248,251,499
2131203,198,210,408
2131204,170,186,356
2131205,287,283,570
2131206,230,211,441
2131207,259,277,536
2131208,173,167,340
2131209,154,123,277
2131210,201,206,407
2131211,167,183,350
2131212,188,198,386
2131213,199,201,400
2131214,257,247,504
2131215,91,107,198
2131216,241,303,544
2131217,121,133,254
2131218,189,186,375
2131219,183,225,408
2131220,185,197,382
2131221,192,180,372
2131222,159,155,314
2131223,256,251,507
2131224,173,169,342
2131225,298,288,586
2131226,216,214,430
2131227,300,288,588
2131228,178,167,345
2131229,288,296,584
2131230,158,183,341
2131231,150,130,280
2131232,200,196,396
2131233,313,295,608
2131234,117,180,297
2131235,156,142,298
2131236,279,283,562
2131237,250,229,479
2131238,211,232,443
2131239,104,105,209
2131240,0,0,0
2131241,141,128,269
2131242,282,290,572
2131243,167,149,316
2131244,229,245,474
2131245,191,195,386
2131246,265,260,525
2131247,292,271,563
2131248,186,196,382
2131249,232,233,465
2131250,170,167,337
2131251,243,232,475
2131252,193,208,401
2131253,171,174,345
2131254,136,136,272
2131255,132,113,245
2131301,136,130,266
2131302,203,212,415
2131303,184,163,347
2131304,136,147,283
2131305,147,143,290
2131306,177,193,370
2131307,210,252,462
2131308,182,185,367
2131309,17,24,41
2131310,315,323,638
2131311,223,241,464
2131312,230,257,487
2131313,254,256,510
2131314,188,175,363
2131315,180,183,363
2131316,172,200,372
2131317,161,170,331
2131318,288,279,567
2131319,197,215,412
2131320,286,289,575
2131321,161,158,319
2131322,214,208,422
2131323,225,233,458
2131324,142,133,275
2131325,220,222,442
2131326,160,167,327
2131401,286,297,583
2131402,755,783,1538
2131403,464,461,925
2131404,358,382,740
2131405,348,362,710
2131406,155,208,363
2131407,179,180,359
2131408,342,347,689
2131409,88,71,159
2131410,129,114,243
2131411,270,247,517
2131412,134,139,273
2131413,181,189,370
2131414,128,129,257
2131415,242,259,501
2131416,117,130,247
2131417,183,176,359
2131418,189,196,385
2131419,268,249,517
2131420,190,169,359
2131421,105,102,207
2131422,196,217,413
2131423,3,3,6
2131424,3,0,3
2131425,198,202,400
2131426,276,265,541
2131427,237,251,488
2131428,254,249,503
2131429,195,200,395
2131430,129,125,254
2131431,157,178,335
2131432,160,174,334
2131433,272,261,533
2131434,173,170,343
2131435,202,215,417
2131436,200,200,400
2131437,234,257,491
2131438,213,229,442
2131439,209,231,440
2131440,253,263,516
2131441,147,146,293
2131442,207,196,403
2131443,178,189,367
2131444,237,241,478
2131445,233,214,447
2131446,256,246,502
2131501,211,212,423
2131502,182,152,334
2131503,326,306,632
2131504,184,161,345
2131505,136,124,260
2131506,250,245,495
2131507,171,156,327
2131508,243,254,497
2131509,130,136,266
2131510,335,305,640
2131511,201,238,439
2131512,149,125,274
2131513,296,314,610
2131514,213,215,428
2131515,185,193,378
2131516,154,142,296
2131517,221,221,442
2131518,268,263,531
2131519,281,294,575
2131520,211,245,456
2131521,168,187,355
2131522,279,249,528
2131523,266,252,518
2131524,296,271,567
2131525,262,252,514
2131526,327,281,608
2131527,199,191,390
2131528,248,244,492
2131529,236,238,474
2131530,257,265,522
2131531,256,272,528
2131532,306,273,579
2131533,377,328,705
2131534,241,241,482
2131535,341,338,679
2131536,257,301,558
2131537,302,291,593
2131538,228,244,472
2131539,239,242,481
2131540,260,301,561
2131541,309,284,593
2131542,214,236,450
2131543,346,323,669
2131544,124,121,245
2131545,256,247,503
2131546,332,297,629
2131547,215,206,421
2131548,272,276,548
2131549,136,170,306
2131550,265,288,553
2131551,302,303,605
2131552,273,280,553
2131553,213,180,393
2131554,203,208,411
2131555,203,201,404
2131556,337,331,668
2131557,316,306,622
2131558,269,273,542
2131601,141,140,281
2131602,172,168,340
2131603,270,254,524
2131604,174,170,344
2131605,200,198,398
2131606,153,169,322
2131607,304,287,591
2131608,214,211,425
2131609,225,218,443
2131610,328,318,646
2131611,236,266,502
2131612,250,219,469
2131613,257,257,514
2131614,243,225,468
2131615,97,104,201
2131616,189,185,374
2131617,251,288,539
2131618,0,0,0
2131701,118,109,227
2131702,166,170,336
2131703,223,210,433
2131704,155,127,282
2131705,126,134,260
2131706,188,180,368
2131707,152,149,301
2131708,222,340,562
2131709,246,232,478
2131710,223,227,450
2131711,177,185,362
2131712,288,276,564
2131713,199,208,407
2131714,242,240,482
2131715,167,175,342
2131716,311,258,569
2131717,233,223,456
2131718,180,187,367
2131719,291,252,543
2131720,260,303,563
2131721,153,161,314
2131722,199,196,395
2131723,287,295,582
2131724,238,239,477
2131725,194,183,377
2131726,181,153,334
2131727,240,224,464
2131728,203,182,385
2131729,98,101,199
2131730,279,234,513
2131731,0,3,3
2131732,304,281,585
2131733,0,0,0
2131734,255,217,472
2131735,275,231,506
2131736,252,216,468
2131737,226,196,422
2131738,218,175,393
2131739,178,162,340
2131740,274,269,543
2131741,304,292,596
2131742,225,182,407
2131743,250,277,527
2131744,0,0,0
2131745,218,144,362
2131746,262,232,494
2131747,267,262,529
2131748,216,196,412
2131749,184,137,321
2131801,240,220,460
2131802,219,218,437
2131803,194,199,393
2131804,256,263,519
2131805,285,302,587
2131806,312,303,615
2131807,263,255,518
2131808,256,240,496
2131809,168,157,325
2131810,160,158,318
2131811,284,292,576
2131812,212,202,414
2131813,269,281,550
2131814,198,195,393
2131815,141,160,301
2131816,301,294,595
2131817,153,147,300
2131818,246,254,500
2131819,249,254,503
2131820,193,199,392
2131821,328,308,636
2131822,267,280,547
2131823,221,241,462
2131824,253,274,527
2131825,251,266,517
2131826,157,144,301
2131901,191,188,379
2131902,194,160,354
2131903,229,214,443
2131904,316,303,619
2131905,265,272,537
2131906,213,208,421
2131907,165,191,356
2131908,222,221,443
2131909,218,214,432
2131910,157,165,322
2131911,261,271,532
2131912,173,176,349
2131913,146,167,313
2131914,315,310,625
2131915,216,231,447
2131916,210,209,419
2131917,203,230,433
2131918,136,149,285
2131919,241,253,494
2131920,185,177,362
2131921,272,285,557
2131922,250,237,487
2131923,233,192,425
2131924,245,259,504
2131925,168,152,320
2131926,169,171,340
2131927,199,218,417
2131928,166,134,300
2131929,313,285,598
2131930,120,127,247
2131931,351,377,728
2131932,131,129,260
2131933,215,239,454
2131934,149,140,289
2131935,267,295,562
2131936,192,186,378
2131937,188,244,432
2131938,0,0,0
2131939,198,184,382
2132001,302,287,589
2132002,412,401,813
2132003,227,155,382
2132004,328,278,606
2132005,259,230,489
2132006,218,216,434
2132007,3,0,3
2132008,236,236,472
2132009,152,140,292
2132010,170,158,328
2132011,152,127,279
2132012,317,301,618
2132013,261,257,518
2132014,266,309,575
2132015,223,204,427
2132016,183,166,349
2132017,280,261,541
2132018,190,163,353
2132019,159,146,305
2132020,352,298,650
2132021,224,193,417
2132022,212,198,410
2132023,124,103,227
2132024,223,234,457
2132025,268,248,516
2132026,263,274,537
2132027,171,151,322
2132028,387,359,746
2132029,234,199,433
2132030,261,234,495
2132031,279,247,526
2132032,331,234,565
2132033,169,134,303
2132034,491,478,969
2132035,293,263,556
2132036,182,152,334
2132037,164,279,443
2132038,217,213,430
2132101,291,303,594
2132102,160,146,306
2132103,236,238,474
2132104,193,225,418
2132105,251,278,529
2132106,121,140,261
2132107,162,158,320
2132108,181,204,385
2132109,232,268,500
2132110,266,300,566
2132111,198,214,412
2132112,207,206,413
2132113,226,216,442
2132114,251,268,519
2132115,258,266,524
2132116,127,121,248
2132117,254,258,512
2132118,174,173,347
2132119,170,141,311
2132120,203,224,427
2132121,269,295,564
2132122,193,198,391
2132123,128,148,276
2132124,218,209,427
2132125,212,248,460
2132126,137,137,274
2132127,252,259,511
2132128,181,192,373
2132129,150,179,329
2132130,282,271,553
2132131,238,244,482
2132132,188,206,394
2132133,123,110,233
2132134,174,168,342
2132135,173,178,351
2132136,102,107,209
2132137,185,212,397
2132138,191,294,485
2132139,116,115,231
2132140,83,107,190
2132141,234,239,473
2132142,208,217,425
2132143,110,107,217
2132144,152,151,303
2132145,210,256,466
2132146,201,188,389
2132147,193,192,385
2132148,125,162,287
2132149,115,122,237
2132150,145,162,307
2132151,156,166,322
2132152,140,157,297
2132153,151,165,316
2132154,162,157,319
2132201,239,221,460
2132202,219,230,449
2132203,180,183,363
2132204,201,194,395
2132205,113,114,227
2132206,176,174,350
2132207,151,147,298
2132208,211,276,487
2132209,139,118,257
2132210,140,175,315
2132211,130,138,268
2132212,209,213,422
2132213,178,177,355
2132214,188,176,364
2132215,194,212,406
2132216,149,133,282
2132217,124,157,281
2132218,162,237,399
2132219,176,194,370
2132220,165,209,374
2132221,242,234,476
2132222,144,145,289
2132223,207,234,441
2132224,167,178,345
2132225,317,328,645
2132226,105,85,190
2132227,236,229,465
2132228,161,169,330
2132229,201,208,409
2132230,231,216,447
2132231,189,202,391
2132232,253,247,500
2132233,271,278,549
2132234,200,189,389
2132235,143,138,281
2132236,115,149,264
2132237,99,102,201
2132238,132,143,275
2132239,291,305,596
2132240,154,168,322
2132241,183,165,348
2132242,138,129,267
2132243,198,204,402
2132244,176,171,347
2132245,128,117,245
2132246,204,176,380
2132247,0,0,0
2132248,128,143,271
2132249,123,117,240
2132250,171,169,340
2132251,176,184,360
2132252,171,186,357
2132301,218,236,454
2132302,206,237,443
2132303,114,122,236
2132304,110,127,237
2132305,188,229,417
2132306,235,235,470
2132307,215,235,450
2132308,239,281,520
2132309,200,214,414
2132310,246,249,495
2132311,220,223,443
2132312,0,0,0
2132313,207,229,436
2132314,245,253,498
2132315,97,116,213
2132316,169,188,357
2132317,209,220,429
2132318,251,253,504
2132319,237,255,492
2132320,185,179,364
2132321,173,163,336
2132322,210,234,444
2132323,184,196,380
2132324,238,238,476
2132325,198,186,384
2132326,234,231,465
2132327,244,234,478
2132328,293,312,605
2132329,215,230,445
2132330,247,258,505
2132331,262,276,538
2132332,187,220,407
2132333,207,209,416
2132334,197,206,403
2132335,125,146,271
2132336,113,124,237
2132337,117,129,246
2132401,126,126,252
2132402,309,301,610
2132403,202,235,437
2132404,318,314,632
2132405,110,112,222
2132406,271,298,569
2132407,222,231,453
2132408,217,197,414
2132409,262,303,565
2132410,3,0,3
2132411,283,383,666
2132412,183,182,365
2132413,155,155,310
2132414,196,215,411
2132415,137,148,285
2132416,284,298,582
2132417,285,299,584
2132418,177,197,374
2132419,296,313,609
2132420,230,251,481
2132421,286,296,582
2132422,165,151,316
2132423,227,251,478
2132424,169,191,360
2132425,214,236,450
2132426,179,160,339
2132427,201,234,435
2132428,200,169,369
2132429,149,155,304
2132430,96,107,203
2132431,268,289,557
2132432,236,245,481
2132433,189,202,391
2132434,145,153,298
2132435,329,336,665
2132436,185,236,421
2132437,168,188,356
2132438,223,223,446
2132439,208,262,470
2132440,208,210,418
2132441,0,0,0
2132501,125,110,235
2132502,282,290,572
2132503,262,257,519
2132504,287,314,601
2132505,285,284,569
2132506,158,181,339
2132507,196,189,385
2132508,176,165,341
2132509,217,202,419
2132510,180,178,358
2132511,194,179,373
2132512,192,189,381
2132513,203,218,421
2132514,0,0,0
2132515,210,192,402
2132516,224,254,478
2132517,372,382,754
2132518,173,180,353
2132519,216,220,436
2132520,169,163,332
2132521,0,4,4
2132522,232,235,467
2132523,252,275,527
2132524,668,649,1317
2132525,271,263,534
2132526,192,195,387
2132527,294,297,591
2132528,271,332,603
2132529,247,240,487
2132530,203,237,440
2132531,130,110,240
2132532,166,215,381
2132533,92,163,255
2132534,204,224,428
2132535,152,164,316
2132536,167,177,344
2132537,198,187,385
2132538,190,173,363
2132539,118,119,237
2132540,158,145,303
2132541,229,231,460
2132542,166,153,319
2132543,0,0,0
2132601,142,145,287
2132602,233,234,467
2132603,144,144,288
2132604,0,0,0
2132605,316,291,607
2132606,238,236,474
2132607,193,188,381
2132608,203,190,393
2132609,274,281,555
2132610,175,172,347
2132611,281,310,591
2132612,202,221,423
2132613,217,218,435
2132614,214,193,407
2132615,282,283,565
2132616,241,240,481
2132617,181,214,395
2132618,239,224,463
2132619,322,303,625
2132620,182,191,373
2132621,183,201,384
2132622,279,290,569
2132623,155,119,274
2132624,167,145,312
2132625,166,167,333
2132626,275,284,559
2132627,275,253,528
2132628,164,157,321
2132629,321,318,639
2132630,215,221,436
2132631,315,336,651
2132632,166,227,393
2132633,125,139,264
2132634,83,61,144
2132635,198,188,386
2132636,253,271,524
2132637,236,259,495
2132638,270,269,539
2132639,242,239,481
2132640,6,6,12
2132641,44,35,79
2132642,187,182,369
2132643,147,140,287
2132644,147,145,292
2132645,0,0,0
2132646,138,150,288
2132647,171,159,330
2132648,177,211,388
2132649,175,177,352
2132650,112,127,239
2132651,115,107,222
2132652,172,170,342
2132653,111,132,243
2132701,225,202,427
2132702,186,168,354
2132703,280,241,521
2132704,206,233,439
2132705,152,167,319
2132706,273,262,535
2132707,257,242,499
2132708,212,176,388
2132709,201,206,407
2132710,196,205,401
2132711,164,180,344
2132712,193,197,390
2132713,205,206,411
2132714,243,235,478
2132715,242,246,488
2132716,152,146,298
2132717,190,203,393
2132718,173,202,375
2132719,177,201,378
2132720,227,232,459
2132721,196,182,378
2132722,228,220,448
2132723,167,165,332
2132724,219,222,441
2132725,225,204,429
2132726,224,253,477
2132727,205,197,402
2132728,0,0,0
2132729,169,176,345
2132730,147,130,277
2132731,252,248,500
2132732,291,294,585
2132733,190,210,400
2132734,132,127,259
2132735,202,210,412
2132736,197,216,413
2132737,192,379,571
2132738,205,214,419
2132739,181,168,349
2132740,247,276,523
2132741,235,257,492
2132742,305,309,614
2132743,197,196,393
2132744,161,171,332
2132745,151,149,300
2132746,0,0,0
2132747,134,140,274
2132748,207,218,425
2132801,197,151,348
2132802,238,262,500
2132803,124,119,243
2132804,299,247,546
2132805,221,216,437
2132806,0,0,0
2132807,206,183,389
2132808,284,239,523
2132809,183,164,347
2132810,177,147,324
2132811,148,140,288
2132812,127,120,247
2132813,183,170,353
2132814,221,198,419
2132815,257,223,480
2132816,224,238,462
2132817,138,133,271
2132818,182,187,369
2132819,318,294,612
2132901,224,234,458
2132902,271,253,524
2132903,179,187,366
2132904,173,157,330
2132905,225,228,453
2132906,215,219,434
2132907,197,199,396
2132908,311,325,636
2132909,293,292,585
2132910,142,142,284
2132911,229,187,416
2132912,349,336,685
2132913,236,233,469
2132914,221,260,481
2132915,269,255,524
2132916,292,312,604
2132917,268,288,556
2132918,170,168,338
2132919,159,134,293
2133001,119,114,233
2133002,175,190,365
2133003,142,155,297
2133004,135,139,274
2133005,243,265,508
2133006,150,143,293
2133007,281,266,547
2133008,609,606,1215
2133009,3,0,3
2133010,0,0,0
2133011,0,0,0
2133012,244,239,483
2133013,230,257,487
2133014,226,203,429
2133015,158,167,325
2133016,121,112,233
2133017,137,133,270
2133018,245,239,484
2133019,253,260,513
2133020,179,200,379
2133021,601,590,1191
2133022,158,129,287
2133023,149,137,286
2133024,144,160,304
2133025,857,809,1666
2133026,1434,1256,2690
2133027,626,620,1246
2133028,139,145,284
2133029,123,139,262
2133030,179,194,373
2133031,129,130,259
2133032,183,158,341
2133033,150,160,310
2133034,140,146,286
2133035,235,221,456
2133036,159,174,333
2133037,230,228,458
2133038,179,157,336
2133039,156,182,338
2133040,254,241,495
2133041,112,108,220
2133042,168,154,322
2133043,195,198,393
2133044,0,0,0
2133045,89,89,178
2133046,764,769,1533
2133101,229,247,476
2133102,135,153,288
2133103,308,330,638
2133104,0,0,0
2133105,225,250,475
2133106,190,182,372
2133107,152,171,323
2133108,196,236,432
2133109,215,207,422
2133110,168,190,358
2133111,233,252,485
2133112,108,140,248
2133113,159,133,292
2133114,142,149,291
2133115,145,157,302
2133116,140,138,278
2133117,367,339,706
2133118,132,138,270
2133119,143,157,300
2133120,144,143,287
2133121,236,225,461
2133122,194,213,407
2133123,160,171,331
2133201,236,243,479
2133202,136,162,298
2133203,194,198,392
2133204,143,153,296
2133205,144,135,279
2133206,162,151,313
2133207,163,169,332
2133208,172,234,406
2133209,162,160,322
2133210,5,3,8
2133211,264,248,512
2133212,191,209,400
2133213,246,213,459
2133214,187,190,377
2133215,0,0,0
2133216,197,230,427
2133217,282,277,559
2133218,104,100,204
2133219,193,186,379
2133220,192,193,385
2133221,180,192,372
2133222,158,179,337
2133223,177,199,376
2133224,134,153,287
2133225,218,216,434
2133226,158,163,321
2133227,225,245,470
2133228,162,158,320
2133229,154,131,285
2133230,146,154,300
2133231,176,188,364
2133232,323,305,628
2133233,135,136,271
2133234,0,0,0
2133235,240,223,463
2133236,104,97,201
2133237,204,216,420
2133238,113,127,240
2133239,158,143,301
2133240,135,131,266
2133301,301,295,596
2133302,203,176,379
2133303,199,193,392
2133304,187,200,387
2133305,237,228,465
2133306,156,157,313
2133307,210,211,421
2133308,123,138,261
2133309,179,176,355
2133310,146,133,279
2133311,216,229,445
2133312,193,179,372
2133313,236,244,480
2133314,268,285,553
2133315,296,304,600
2133316,143,144,287
2133317,144,160,304
2133318,268,272,540
2133319,311,296,607
2133320,223,209,432
2133321,220,252,472
2133322,137,130,267
2133323,163,174,337
2133324,220,217,437
2133325,193,182,375
2133326,186,190,376
2133327,148,159,307
2133328,183,177,360
2133329,153,177,330
2133330,229,195,424
2133331,172,203,375
2133332,205,184,389
2133333,301,323,624
2133401,215,241,456
2133402,178,186,364
2133403,150,153,303
2133404,201,205,406
2133405,208,208,416
2133406,183,184,367
2133407,262,274,536
2133408,175,149,324
2133409,190,211,401
2133410,234,187,421
2133411,255,275,530
2133412,225,199,424
2133413,178,178,356
2133414,235,226,461
2133415,301,312,613
2133416,192,164,356
2133417,199,187,386
2133418,245,251,496
2133419,216,209,425
2133420,230,230,460
2133421,202,204,406
2133422,177,186,363
2133423,289,305,594
2133424,186,187,373
2133425,254,260,514
2133426,244,256,500
2133427,227,230,457
2133428,202,186,388
2133429,276,266,542
2133430,291,239,530
2133431,137,115,252
2133432,182,191,373
2133433,278,253,531
2133434,155,158,313
2133435,206,223,429
2133436,291,282,573
2133437,227,208,435
2133438,135,154,289
2133439,123,92,215
2133440,212,219,431
2133441,249,253,502
2133442,214,225,439
2133443,242,239,481
2133444,105,94,199
2133445,118,125,243
2133501,238,235,473
2133502,295,296,591
2133503,275,259,534
2133504,254,279,533
2133505,165,154,319
2133506,242,238,480
2133507,154,186,340
2133508,223,223,446
2133509,185,182,367
2133510,205,262,467
2133511,188,226,414
2133512,184,224,408
2133513,168,174,342
2133514,251,260,511
2133515,263,255,518
2133516,344,338,682
2133517,238,251,489
2133518,206,212,418
2133519,141,124,265
2133520,298,304,602
2133521,202,194,396
2133522,160,143,303
2133523,152,144,296
2133524,105,99,204
2133525,187,178,365
2133526,186,193,379
2133527,333,326,659
2133528,88,81,169
2133529,245,263,508
2133530,258,275,533
2133531,210,227,437
2133532,167,186,353
2133533,152,146,298
2133534,204,197,401
2133535,236,291,527
2133536,300,332,632
2133537,132,159,291
2133538,140,132,272
2133601,227,192,419
2133602,5,3,8
2133603,202,190,392
2133604,149,167,316
2133605,196,195,391
2133606,319,274,593
2133607,288,262,550
2133608,184,173,357
2133609,258,243,501
2133610,247,194,441
2133611,317,318,635
2133612,277,299,576
2133613,318,327,645
2133614,248,273,521
2133615,165,126,291
2133616,290,297,587
2133617,284,258,542
2133618,244,267,511
2133619,282,270,552
2133701,180,177,357
2133702,189,207,396
2133703,277,309,586
2133704,205,205,410
2133705,206,220,426
2133706,238,248,486
2133707,158,157,315
2133708,167,176,343
2133709,230,211,441
2133710,167,176,343
2133711,195,176,371
2133712,343,347,690
2133713,213,242,455
2133714,53,58,111
2133715,134,135,269
2133716,198,201,399
2133717,253,223,476
2133718,276,324,600
2133719,164,174,338
2133720,219,209,428
2133721,171,177,348
2133722,206,213,419
2133723,194,191,385
2133724,342,314,656
2133725,0,0,0
2133726,285,304,589
2133801,154,154,308
2133802,247,248,495
2133803,181,171,352
2133804,330,314,644
2133805,169,177,346
2133806,159,151,310
2133807,177,177,354
2133808,222,218,440
2133809,145,154,299
2133810,137,132,269
2133811,205,208,413
2133812,225,238,463
2133813,158,171,329
2133814,234,226,460
2133815,176,161,337
2133816,230,245,475
2133817,210,220,430
2133818,122,144,266
2133819,165,187,352
2133820,137,134,271
2133821,138,165,303
2133822,226,194,420
2133823,225,241,466
2133824,138,153,291
2133825,180,204,384
2133826,299,275,574
2133827,276,268,544
2133828,310,312,622
2133829,121,117,238
2133830,184,192,376
2133831,99,113,212
2133832,4,0,4
2133833,4,0,4
2133834,218,187,405
2133835,119,153,272
2133836,223,216,439
2133837,177,161,338
2133838,129,141,270
2133839,241,247,488
2133840,157,163,320
2133841,207,206,413
2133842,276,308,584
2133843,188,161,349
2133844,213,212,425
2133845,203,178,381
2133901,137,127,264
2133902,194,182,376
2133903,268,284,552
2133904,284,302,586
2133905,306,286,592
2133906,211,194,405
2133907,263,279,542
2133908,166,165,331
2133909,167,175,342
2133910,199,206,405
2133911,187,173,360
2133912,192,214,406
2133913,286,275,561
2133914,202,217,419
2133915,181,192,373
2133916,236,214,450
2133917,191,202,393
2133918,200,207,407
2133919,293,316,609
2133920,131,126,257
2133921,314,221,535
2133922,182,172,354
2133923,263,309,572
2133924,203,207,410
2133925,187,212,399
2133926,212,200,412
2133927,108,110,218
2134001,194,195,389
2134002,196,173,369
2134003,227,234,461
2134004,230,237,467
2134005,257,252,509
2134006,236,255,491
2134007,174,159,333
2134008,168,176,344
2134009,273,250,523
2134010,7,5,12
2134011,104,107,211
2134012,254,253,507
2134013,43,31,74
2134014,0,0,0
2134015,247,235,482
2134016,210,205,415
2134017,247,252,499
2134018,216,201,417
2134019,166,179,345
2134020,127,133,260
2134021,265,273,538
2134022,248,252,500
2134023,247,229,476
2134024,264,267,531
2134025,138,122,260
2134026,213,232,445
2134027,218,196,414
2134028,229,213,442
2134029,283,288,571
2134030,220,199,419
2134031,156,151,307
2134032,127,123,250
2134033,157,160,317
2134034,253,265,518
2134035,186,182,368
2134036,162,170,332
2134037,151,148,299
2134038,222,217,439
2134039,0,0,0
2134040,245,251,496
2134041,222,230,452
2134042,156,155,311
2134043,164,184,348
2134044,137,127,264
2134045,140,183,323
2134046,106,101,207
2134047,161,146,307
2134048,197,201,398
2134049,157,136,293
2134101,323,314,637
2134102,248,221,469
2134103,274,300,574
2134104,202,196,398
2134105,204,209,413
2134106,191,175,366
2134107,205,205,410
2134108,196,198,394
2134109,0,0,0
2134110,229,244,473
2134111,155,135,290
2134112,179,186,365
2134113,284,299,583
2134114,198,197,395
2134115,113,131,244
2134116,281,293,574
2134117,332,332,664
2134118,276,262,538
2134119,295,286,581
2134120,231,213,444
2134121,270,309,579
2134122,330,345,675
2134123,0,0,0
2134124,156,187,343
2134125,80,146,226
2134126,159,178,337
2134127,144,130,274
2134128,277,248,525
2134129,3,3,6
2134130,0,0,0
2134201,148,145,293
2134202,197,208,405
2134203,183,173,356
2134204,231,242,473
2134205,292,250,542
2134206,310,335,645
2134207,156,155,311
2134208,0,0,0
2134209,0,0,0
2134210,152,133,285
2134211,173,164,337
2134212,115,122,237
2134213,199,198,397
2134214,147,140,287
2134215,278,286,564
2134216,159,147,306
2134217,138,157,295
2134218,288,284,572
2134219,224,238,462
2134220,281,299,580
2134221,234,274,508
2134222,253,261,514
2134223,254,282,536
2134224,216,189,405
2134225,219,204,423
2134226,265,281,546
2134227,183,180,363
2134228,204,201,405
2134229,253,262,515
2134230,141,146,287
2134231,185,207,392
2134232,122,125,247
2134233,121,120,241
2134234,211,272,483
2134235,217,266,483
2134236,164,187,351
2134237,206,204,410
2134238,168,177,345
2134239,144,162,306
2134240,146,146,292
2134241,259,257,516
2134242,195,182,377
2134243,193,203,396
2134244,215,240,455
2134245,264,280,544
2134246,137,148,285
2134247,179,243,422
2134248,172,161,333
2134301,138,143,281
2134302,219,206,425
2134303,3,0,3
2134304,256,255,511
2134305,238,254,492
2134306,300,289,589
2134307,191,208,399
2134308,31,13,44
2134309,0,0,0
2134310,237,244,481
2134311,152,148,300
2134312,383,329,712
2134313,168,157,325
2134314,181,170,351
2134315,213,276,489
2134316,165,179,344
2134317,223,235,458
2134318,270,256,526
2134319,183,184,367
2134320,200,185,385
2134321,198,207,405
2134322,217,240,457
2134323,219,201,420
2134324,340,366,706
2134325,267,266,533
2134326,279,263,542
2134327,235,222,457
2134328,188,167,355
2134329,144,131,275
2134330,296,284,580
2134331,119,218,337
2134332,249,228,477
2134401,155,142,297
2134402,198,224,422
2134403,246,256,502
2134404,156,192,348
2134405,268,267,535
2134406,228,223,451
2134407,231,231,462
2134408,179,182,361
2134409,212,221,433
2134410,221,248,469
2134411,250,243,493
2134412,234,268,502
2134413,0,0,0
2134414,0,0,0
2134415,186,204,390
2134416,156,161,317
2134417,158,156,314
2134418,125,111,236
2134419,196,214,410
2134420,170,199,369
2134421,192,211,403
2134422,241,257,498
2134423,199,199,398
2134424,0,0,0
2134425,269,267,536
2134426,210,204,414
2134427,179,198,377
2134428,194,166,360
2134429,236,214,450
2134430,280,294,574
2134431,303,256,559
2134432,126,115,241
2134433,114,114,228
2134434,210,221,431
2134435,156,148,304
2134436,153,161,314
2134437,252,252,504
2134438,131,160,291
2134439,303,313,616
2134440,270,273,543
2134441,115,119,234
2134442,305,285,590
2134501,149,144,293
2134502,137,142,279
2134503,224,208,432
2134504,177,167,344
2134505,160,174,334
2134506,200,215,415
2134507,228,216,444
2134508,187,163,350
2134509,172,172,344
2134510,128,128,256
2134511,336,348,684
2134512,157,150,307
2134513,239,251,490
2134601,210,232,442
2134602,156,165,321
2134603,242,244,486
2134604,288,286,574
2134605,249,259,508
2134606,203,202,405
2134607,169,176,345
2134608,130,123,253
2134609,341,299,640
2134610,183,208,391
2134611,214,227,441
2134612,179,192,371
2134613,279,316,595
2134614,210,223,433
2134615,149,145,294
2134616,178,207,385
2134617,262,294,556
2134618,206,215,421
2134619,247,250,497
2134620,222,212,434
2134621,202,207,409
2134622,289,290,579
2134623,193,217,410
2134624,292,299,591
2134625,271,203,474
2134626,209,170,379
2134627,188,201,389
2134628,192,199,391
2134629,15,14,29
2134630,263,345,608
2134631,130,141,271
2134632,319,343,662
2134633,125,123,248
2134634,143,114,257
2134635,120,124,244
2134701,165,183,348
2134702,324,294,618
2134703,187,197,384
2134704,139,146,285
2134705,145,144,289
2134706,168,182,350
2134707,123,144,267
2134708,195,158,353
2134709,224,201,425
2134710,196,198,394
2134711,305,329,634
2134712,169,168,337
2134713,156,134,290
2134714,240,236,476
2134715,132,128,260
2134716,834,727,1561
2134717,199,189,388
2134718,118,130,248
2134719,147,165,312
2134720,317,298,615
2134721,212,222,434
2134722,159,165,324
2134723,212,194,406
2134724,246,229,475
2134725,198,151,349
2134726,160,147,307
2134727,212,214,426
2134728,195,172,367
2134729,316,323,639
2134730,178,191,369
2134731,190,202,392
2134732,232,193,425
2134733,164,191,355
2134734,218,234,452
2134735,248,252,500
2134736,135,143,278
2134737,304,304,608
2134801,194,163,357
2134802,270,270,540
2134803,288,279,567
2134804,272,262,534
2134805,214,173,387
2134806,297,220,517
2134807,176,184,360
2134808,448,333,781
2134809,342,288,630
2134810,133,122,255
2134811,264,176,440
2134812,285,271,556
2134813,197,201,398
2134814,230,265,495
2134815,249,237,486
2134816,181,133,314
2134817,182,171,353
2134818,167,176,343
2134819,303,274,577
2134820,151,125,276
2134821,272,257,529
2134822,222,199,421
2134823,140,125,265
2134824,233,168,401
2134825,135,156,291
2134826,254,194,448
2134827,275,188,463
2134828,413,389,802
2134829,0,0,0
2134830,205,204,409
2134901,799,763,1562
2134902,195,200,395
2134903,230,210,440
2134904,202,210,412
2134905,115,126,241
2134906,276,263,539
2134907,208,191,399
2134908,139,163,302
2134909,167,166,333
2134910,166,195,361
2134911,123,128,251
2134912,166,175,341
2134913,278,267,545
2134914,176,172,348
2134915,303,332,635
2134916,179,204,383
2134917,163,163,326
2134918,298,276,574
2134919,189,241,430
2134920,153,199,352
2134921,189,147,336
2134922,157,158,315
2134923,173,172,345
2135001,192,181,373
2135002,198,192,390
2135003,240,248,488
2135004,176,181,357
2135005,193,241,434
2135006,214,205,419
2135007,232,215,447
2135008,245,204,449
2135009,242,249,491
2135010,227,207,434
2135011,204,195,399
2135012,253,216,469
2135013,220,241,461
2135014,296,246,542
2135015,146,149,295
2135016,225,203,428
2135017,191,190,381
2135018,347,377,724
2135019,213,152,365
2135101,161,164,325
2135102,214,220,434
2135103,213,186,399
2135104,208,201,409
2135105,218,248,466
2135106,186,193,379
2135107,241,240,481
2135108,229,162,391
2135109,228,215,443
2135110,285,250,535
2135111,9,0,9
2135112,175,161,336
2135113,278,265,543
2135114,3,3,6
2135115,173,187,360
2135116,197,196,393
2135117,199,156,355
2135118,284,243,527
2135119,226,175,401
2135120,226,190,416
2135121,172,171,343
2135122,244,238,482
2135123,14,10,24
2135124,163,145,308
2135125,239,204,443
2135126,215,187,402
2135127,136,128,264
2135128,175,175,350
2135201,226,243,469
2135202,219,240,459
2135203,228,243,471
2135204,154,211,365
2135205,214,186,400
2135206,295,328,623
2135207,300,330,630
2135208,252,282,534
2135209,234,209,443
2135210,222,222,444
2135211,176,189,365
2135212,275,311,586
2135213,212,199,411
2135214,158,160,318
2135215,182,200,382
2135216,263,283,546
2135217,209,222,431
2135218,257,262,519
2135219,283,295,578
2135220,120,121,241
2135221,208,212,420
2135222,251,239,490
2135223,201,225,426
2135224,283,322,605
2135225,149,169,318
2135226,293,277,570
2135227,0,0,0
2135228,198,222,420
2135229,225,237,462
2135230,270,269,539
2135231,145,158,303
2135232,0,0,0
2135301,141,137,278
2135302,220,272,492
2135303,323,347,670
2135304,180,179,359
2135305,140,130,270
2135306,166,177,343
2135307,295,269,564
2135308,134,129,263
2135309,202,195,397
2135310,204,200,404
2135311,175,193,368
2135312,213,255,468
2135313,160,183,343
2135314,212,261,473
2135315,156,149,305
2135316,351,372,723
2135317,200,195,395
2135318,176,178,354
2135319,204,207,411
2135320,223,209,432
2135321,357,373,730
2135322,186,201,387
2135323,170,188,358
2135324,210,238,448
2135325,179,203,382
2135326,266,268,534
2135327,350,375,725
2135328,212,203,415
2135329,385,391,776
2135330,263,260,523
2135331,163,172,335
2135332,149,177,326
2135333,188,186,374
2135334,172,156,328
2135335,221,226,447
2135336,163,187,350
2135337,211,220,431
2135338,209,222,431
2135339,260,270,530
2135401,0,0,0
2135402,1319,1312,2631
2135403,155,173,328
2135404,156,156,312
2135405,222,230,452
2135406,193,166,359
2135407,206,214,420
2135408,210,335,545
2135409,249,261,510
2135410,178,188,366
2135411,100,126,226
2135412,205,199,404
2135413,194,208,402
2135414,119,117,236
2135415,106,130,236
2135416,207,225,432
2135417,140,136,276
2135418,87,97,184
2135419,293,292,585
2135420,745,805,1550
2135421,301,311,612
2135422,266,273,539
2135423,266,271,537
2135424,270,271,541
2135425,167,154,321
2135426,232,230,462
2135427,181,178,359
2135428,233,227,460
2135429,173,163,336
2135430,139,151,290
2135431,246,275,521
2135432,267,277,544
2135433,254,269,523
2135434,198,187,385
2135435,286,299,585
2135436,169,156,325
2135437,178,176,354
2135438,107,119,226
2135439,1419,1436,2855
2135440,482,535,1017
2135441,285,315,600
2135442,127,121,248
2135443,183,181,364
2135444,200,233,433
2135445,415,404,819
2135446,160,176,336
2135447,219,222,441
2135448,103,103,206
2135449,185,189,374
2135501,107,106,213
2135502,231,226,457
2135503,173,175,348
2135504,220,222,442
2135505,206,200,406
2135506,257,237,494
2135507,170,155,325
2135508,183,214,397
2135509,257,267,524
2135510,201,208,409
2135511,353,354,707
2135512,307,324,631
2135513,329,345,674
2135514,181,174,355
2135515,156,170,326
2135516,180,196,376
2135517,160,162,322
2135518,210,196,406
2135519,159,166,325
2135520,246,231,477
2135521,309,321,630
2135522,202,214,416
2135523,192,176,368
2135524,162,143,305
2135525,213,195,408
2135526,264,248,512
2135527,230,208,438
2135528,186,193,379
2135529,197,193,390
2135530,226,236,462
2135531,142,151,293
2135532,114,89,203
2135533,103,105,208
2135534,176,148,324
2135535,147,173,320
2135536,295,288,583
2135537,225,224,449
2135538,128,124,252
2135601,121,143,264
2135602,211,188,399
2135603,97,104,201
2135604,390,393,783
2135605,226,225,451
2135606,667,651,1318
2135607,445,421,866
2135608,169,177,346
2135609,174,191,365
2135610,274,271,545
2135611,172,182,354
2135612,291,290,581
2135613,208,201,409
2135614,251,256,507
2135615,253,301,554
2135616,129,145,274
2135617,269,256,525
2135618,203,213,416
2135619,246,219,465
2135620,158,174,332
2135621,286,314,600
2135622,130,156,286
2135623,200,211,411
2135624,336,305,641
2135625,174,240,414
2135626,147,164,311
2135627,261,292,553
2135628,247,253,500
2135629,265,289,554
2135630,102,113,215
2135631,239,264,503
2135632,253,246,499
2135633,294,255,549
2135634,291,310,601
2135635,237,255,492
2135636,321,317,638
2135701,292,257,549
2135702,205,189,394
2135703,183,211,394
2135704,205,211,416
2135705,252,255,507
2135706,268,244,512
2135707,313,339,652
2135708,196,203,399
2135709,246,259,505
2135710,289,331,620
2135711,360,378,738
2135712,276,314,590
2135713,281,281,562
2135714,337,305,642
2135715,219,200,419
2135716,213,228,441
2135717,291,281,572
2135718,248,260,508
2135719,237,229,466
2135720,267,306,573
2135721,1255,1305,2560
2135722,330,371,701
2135723,172,214,386
2135724,276,262,538
2135725,184,179,363
2135726,388,386,774
2135801,135,152,287
2135802,221,235,456
2135803,178,163,341
2135804,140,152,292
2135805,271,303,574
2135806,239,232,471
2135807,498,547,1045
2135808,448,469,917
2135809,319,336,655
2135810,189,210,399
2135811,550,567,1117
2135812,271,278,549
2135813,128,150,278
2135814,96,110,206
2135815,608,620,1228
2135816,182,197,379
2135817,281,296,577
2135818,194,212,406
2135819,171,161,332
2135820,406,401,807
2135821,194,204,398
2135822,278,273,551
2135823,119,116,235
2135824,162,154,316
2135825,155,161,316
2135826,343,318,661
2135827,114,98,212
2135828,89,88,177
2135901,144,126,270
2135902,216,184,400
2135903,184,184,368
2135904,266,190,456
2135905,647,264,911
2135906,127,122,249
2136001,186,205,391
2136002,187,192,379
2136003,289,293,582
2136004,245,232,477
2136005,189,187,376
2136006,239,267,506
2136007,188,191,379
2136008,152,155,307
2136009,242,222,464
2136010,339,320,659
2136011,141,135,276
2136012,199,224,423
2136013,184,174,358
2136014,374,403,777
2136015,158,171,329
2136016,316,364,680
2136017,312,318,630
2136018,606,621,1227
2136019,349,324,673
2136020,188,194,382
2136021,198,217,415
2136022,216,193,409
2136023,177,173,350
2136024,1703,1790,3493
2136025,263,236,499
2136101,214,220,434
2136102,166,159,325
2136103,315,331,646
2136104,197,233,430
2136105,265,303,568
2136106,131,151,282
2136107,152,164,316
2136108,180,204,384
2136109,123,153,276
2136110,194,240,434
2136111,148,150,298
2136112,183,187,370
2136113,154,143,297
2136114,235,256,491
2136115,208,226,434
2136116,156,168,324
2136117,201,201,402
2136118,166,172,338
2136119,273,259,532
2136120,164,151,315
2136121,178,228,406
2136122,254,240,494
2136123,181,164,345
2136124,269,259,528
2136125,13,4,17
2136126,393,389,782
2136127,209,240,449
2136128,177,184,361
2136129,217,200,417
2136130,206,210,416
2136131,232,217,449
2136132,183,224,407
2136133,237,232,469
2136134,171,177,348
2136135,198,174,372
2136136,179,150,329
2136137,263,236,499
2136138,164,150,314
2136139,134,128,262
2136140,177,183,360
2136141,214,253,467
2136142,178,190,368
2136143,238,236,474
2136144,146,146,292
2136145,176,173,349
2136146,183,173,356
2136147,218,232,450
2136148,160,159,319
2136201,321,342,663
2136202,321,287,608
2136203,169,167,336
2136204,179,199,378
2136205,213,246,459
2136206,162,169,331
2136207,171,153,324
2136208,222,228,450
2136209,165,203,368
2136210,219,223,442
2136211,171,194,365
2136212,195,188,383
2136213,222,217,439
2136214,174,206,380
2136215,185,137,322
2136216,121,107,228
2136217,258,255,513
2136218,224,236,460
2136219,221,258,479
2136220,89,107,196
2136221,187,184,371
2136222,131,130,261
2136223,143,142,285
2136224,165,179,344
2136225,226,217,443
2136226,120,97,217
2136227,217,200,417
2136228,156,155,311
2136229,157,153,310
2136230,202,239,441
2136231,232,251,483
2136232,163,134,297
2136233,199,196,395
2136234,199,193,392
2136235,264,274,538
2136236,163,161,324
2136237,151,131,282
2136238,162,170,332
2136239,183,199,382
2136240,162,164,326
2136241,207,194,401
2136242,165,158,323
2136243,160,182,342
2136244,104,76,180
2136245,209,176,385
2136246,203,186,389
2136247,190,224,414
2136248,163,174,337
2136249,162,153,315
2136250,122,131,253
2136301,206,153,359
2136302,331,259,590
2136303,214,184,398
2136304,5,0,5
2136305,648,551,1199
2136306,236,198,434
2136307,70,14,84
2136308,236,222,458
2136309,236,220,456
2136310,191,179,370
2136311,142,154,296
2136312,133,144,277
2136313,220,203,423
2136401,119,122,241
2136402,0,0,0
2136403,0,0,0
2136404,181,167,348
2136405,219,200,419
2136406,226,245,471
2136407,237,240,477
2136408,0,0,0
2136409,421,380,801
2136410,3,3,6
2136411,2161,2104,4265
2136412,182,174,356
2136413,568,544,1112
2136414,391,382,773
2136415,459,447,906
2136416,365,341,706
2136417,321,295,616
2136418,205,201,406
2136419,393,427,820
2136420,154,137,291
2136421,190,183,373
2136422,394,414,808
2136423,363,362,725
2136424,246,244,490
2136425,337,348,685
2136426,724,716,1440
2136427,482,495,977
2136428,415,398,813
2136429,237,255,492
2136430,176,161,337
2136431,477,468,945
2136432,169,176,345
2136433,199,199,398
2136434,327,348,675
2136435,160,157,317
2136436,1062,1015,2077
2136437,993,995,1988
2136438,395,385,780
2136439,248,243,491
2136440,344,329,673
2136441,407,391,798
2136442,150,152,302
2136443,1004,1040,2044
2136444,197,190,387
2136501,335,356,691
2136502,451,450,901
2136503,370,390,760
2136504,284,268,552
2136505,649,627,1276
2136506,641,644,1285
2136507,216,209,425
2136508,99,97,196
2136509,150,152,302
2136510,380,359,739
2136511,342,356,698
2136512,423,434,857
2136513,146,137,283
2136514,118,104,222
2136515,112,131,243
2136516,281,264,545
2136517,328,342,670
2136518,152,161,313
2136519,132,175,307
2136520,113,156,269
2136521,171,162,333
2136522,546,568,1114
2136523,293,310,603
2136524,1122,1117,2239
2136525,196,206,402
2136526,156,141,297
2136527,192,206,398
2136528,319,307,626
2136529,201,202,403
2136530,671,669,1340
2136531,400,381,781
2136532,493,498,991
2136533,249,245,494
2136534,212,197,409
2136601,785,4,789
2136602,2328,2384,4712
2136603,70,73,143
2136604,5,3,8
2136605,258,267,525
2136606,245,247,492
2136607,307,263,570
2136608,1052,975,2027
2136609,559,557,1116
2136610,396,387,783
2136701,225,243,468
2136702,159,171,330
2136703,271,249,520
2136704,193,198,391
2136705,163,181,344
2136706,271,269,540
2136707,186,196,382
2136708,215,231,446
2136709,227,228,455
2136710,151,174,325
2136711,307,295,602
2136712,271,287,558
2136713,292,292,584
2136714,165,172,337
2136715,318,300,618
2136716,186,202,388
2136717,149,129,278
2136718,221,232,453
2136719,230,243,473
2136720,210,207,417
2136721,180,190,370
2136722,166,182,348
2136723,195,197,392
2136724,196,198,394
2136725,253,261,514
2136726,220,209,429
2136727,161,166,327
2136728,282,269,551
2136729,180,133,313
2136730,290,257,547
2136731,208,211,419
2136732,163,145,308
2136733,233,251,484
2136734,209,195,404
2136735,201,203,404
2136736,137,147,284
2136737,121,258,379
2136738,191,177,368
2136739,0,0,0
2136740,160,182,342
2136741,175,206,381
2136742,0,0,0
2136743,148,172,320
2136744,174,168,342
2136745,146,129,275
2136746,151,160,311
2136747,242,275,517
2136748,195,217,412
2136749,205,215,420
2136750,269,246,515
2136751,163,199,362
2136752,263,241,504
2136753,172,202,374
2136754,98,115,213
2136755,181,223,404
2136756,120,120,240
2136757,144,170,314
2136758,256,279,535
2136759,296,302,598
2136760,238,300,538
2136761,231,239,470
2136762,256,324,580
2136763,164,203,367
2136764,161,172,333
2136765,208,231,439
2136766,110,136,246
2136767,150,145,295
2136768,314,271,585
2136769,121,123,244
2136770,157,143,300
2136771,144,144,288
2136772,165,176,341
2136773,120,113,233
2136774,133,162,295
2136775,178,213,391
2136776,127,123,250
2136801,192,193,385
2136802,220,229,449
2136803,0,0,0
2136804,240,236,476
2136805,0,0,0
2136806,173,184,357
2136807,277,278,555
2136808,182,165,347
2136809,211,229,440
2136810,198,218,416
2136811,208,261,469
2136812,146,137,283
2136813,162,139,301
2136814,168,160,328
2136815,159,137,296
2136816,224,234,458
2136817,198,239,437
2136818,163,172,335
2136819,4,0,4
2136820,164,193,357
2136821,119,121,240
2136822,238,223,461
2136823,241,291,532
2136824,258,272,530
2136825,330,326,656
2136826,330,344,674
2136827,207,168,375
2136828,156,179,335
2136901,148,154,302
2136902,275,285,560
2136903,163,167,330
2136904,152,155,307
2136905,113,130,243
2136906,168,173,341
2136907,209,188,397
2136908,180,164,344
2136909,144,128,272
2136910,214,229,443
2136911,269,245,514
2136912,308,314,622
2136913,317,332,649
2136914,439,476,915
2136915,239,245,484
2136916,105,117,222
2136917,392,450,842
2136918,370,374,744
2136919,175,182,357
2136920,269,330,599
2136921,217,182,399
2136922,1292,1423,2715
2136923,122,164,286
2136924,171,180,351
2136925,41,28,69
2136926,0,0,0
2136927,204,198,402
2136928,108,122,230
2136929,128,143,271
2136930,164,159,323
2136931,113,123,236
2136932,125,139,264
2136933,103,96,199
2136934,116,120,236
2136935,115,126,241
2136936,744,764,1508
2136937,47,39,86
2137001,130,134,264
2137002,142,149,291
2137003,273,280,553
2137004,225,239,464
2137005,491,441,932
2137006,319,360,679
2137007,407,456,863
2137008,279,366,645
2137009,262,260,522
2137010,197,223,420
2137011,255,245,500
2137012,137,180,317
2137013,379,426,805
2137014,273,273,546
2137015,138,139,277
2137016,206,194,400
2137017,217,218,435
2137018,179,194,373
2137019,352,336,688
2137020,203,192,395
2137021,157,149,306
2137022,173,157,330
2137023,415,437,852
2137024,433,404,837
2137025,0,0,0
2137026,0,0,0
2137027,3,0,3
2137028,8,8,16
2137029,0,0,0
2137030,146,161,307
2137031,249,237,486
2137032,390,347,737
2137033,301,381,682
2137034,154,187,341
2137035,184,185,369
2137036,179,204,383
2137037,201,210,411
2137038,113,89,202
2137039,93,114,207
2137040,213,234,447
2137041,219,223,442
2137042,258,257,515
2137043,165,160,325
2137044,253,278,531
2137101,226,248,474
2137102,176,196,372
2137103,204,209,413
2137104,113,140,253
2137105,209,221,430
2137106,173,164,337
2137107,275,324,599
2137108,196,198,394
2137109,161,208,369
2137110,232,304,536
2137111,172,155,327
2137112,163,160,323
2137113,149,170,319
2137114,200,198,398
2137115,190,237,427
2137116,168,190,358
2137117,217,218,435
2137118,221,199,420
2137119,222,212,434
2137120,128,156,284
2137121,222,240,462
2137122,201,229,430
2137123,156,162,318
2137124,241,258,499
2137125,244,216,460
2137126,216,195,411
2137127,163,186,349
2137128,155,177,332
2137129,223,235,458
2137130,188,154,342
2137131,245,269,514
2137132,224,238,462
2137133,138,148,286
2137134,211,230,441
2137135,213,257,470
2137136,209,247,456
2137137,96,107,203
2137138,199,268,467
2137139,153,157,310
2137140,120,130,250
2137141,155,183,338
2137142,216,240,456
2137143,197,216,413
2137144,181,187,368
2137145,188,186,374
2137146,250,248,498
2137147,190,203,393
2137148,200,201,401
2137149,154,161,315
2137150,144,170,314
2137151,244,225,469
2137152,222,227,449
2137153,216,176,392
2137154,152,185,337
2137155,128,125,253
2137201,214,210,424
2137202,283,313,596
2137203,145,174,319
2137204,249,243,492
2137205,169,211,380
2137206,244,260,504
2137207,162,179,341
2137208,167,157,324
2137209,0,0,0
2137210,4,0,4
2137211,175,192,367
2137212,224,224,448
2137213,253,260,513
2137214,254,235,489
2137215,268,255,523
2137216,204,233,437
2137217,226,238,464
2137218,264,289,553
2137219,88,111,199
2137220,224,219,443
2137221,193,195,388
2137222,232,257,489
2137223,239,346,585
2137224,213,234,447
2137225,298,300,598
2137226,221,214,435
2137227,248,274,522
2137228,103,108,211
2137229,102,109,211
2137230,140,129,269
2137231,153,150,303
2137232,224,215,439
2137233,287,294,581
2137234,254,288,542
2137235,133,147,280
2137236,216,226,442
2137237,192,180,372
2137238,112,124,236
2137239,140,125,265
2137240,205,216,421
2137241,271,334,605
2137242,233,237,470
2137243,144,134,278
2137244,128,115,243
2137245,250,254,504
2137246,204,207,411
2137247,189,177,366
2137248,150,181,331
2137301,182,195,377
2137302,164,174,338
2137303,236,224,460
2137304,174,172,346
2137305,112,95,207
2137306,111,101,212
2137307,119,129,248
2137308,286,289,575
2137309,233,265,498
2137310,153,134,287
2137311,283,301,584
2137312,176,153,329
2137313,152,176,328
2137314,154,169,323
2137315,205,206,411
2137316,246,255,501
2137317,162,140,302
2137318,184,189,373
2137319,133,129,262
2137320,99,127,226
2137321,176,197,373
2137322,198,199,397
2137323,288,294,582
2137324,203,225,428
2137325,189,213,402
2137326,170,208,378
2137327,211,219,430
2137328,147,168,315
2137329,117,104,221
2137330,248,218,466
2137331,273,285,558
2137332,188,221,409
2137333,123,117,240
2137334,166,205,371
2137335,232,281,513
2137336,248,287,535
2137337,128,135,263
2137338,187,204,391
2137339,184,452,636
2137340,298,292,590
2137341,249,277,526
2137342,286,302,588
2137343,136,135,271
2137344,0,0,0
2137345,120,107,227
2137346,175,168,343
2137401,183,207,390
2137402,327,373,700
2137403,147,170,317
2137404,231,278,509
2137405,199,242,441
2137406,261,320,581
2137407,380,414,794
2137408,249,278,527
2137409,174,173,347
2137410,174,196,370
2137411,223,223,446
2137412,136,136,272
2137413,278,298,576
2137414,435,477,912
2137415,187,212,399
2137416,207,196,403
2137417,256,282,538
2137418,160,164,324
2137419,179,182,361
2137420,186,177,363
2137421,207,187,394
2137422,201,180,381
2137423,130,141,271
2137424,272,280,552
2137425,150,186,336
2137426,208,188,396
2137427,364,362,726
2137428,282,224,506
2137429,290,281,571
2137430,201,211,412
2137431,167,181,348
2137432,207,192,399
2137433,202,196,398
2137434,194,222,416
2137435,0,3,3
2137436,254,263,517
2137437,184,183,367
2137438,270,248,518
2137439,125,117,242
2137440,146,153,299
2137441,236,211,447
2137442,215,211,426
2137443,249,231,480
2137444,299,351,650
2137445,253,249,502
2137446,163,196,359
2137447,248,231,479
2137448,227,232,459
2137449,123,197,320
2137450,162,187,349
2137451,183,210,393
2137501,59,131,190
2137502,83,95,178
2137503,99,114,213
2137504,222,235,457
2137505,209,236,445
2137506,151,167,318
2137507,252,269,521
2137508,220,243,463
2137509,0,0,0
2137510,366,347,713
2137511,271,266,537
2137512,203,203,406
2137513,233,211,444
2137514,168,157,325
2137515,236,258,494
2137516,191,152,343
2137517,255,250,505
2137518,165,152,317
2137519,252,262,514
2137520,221,237,458
2137521,214,210,424
2137522,243,214,457
2137523,237,220,457
2137524,203,187,390
2137525,3,0,3
2137526,283,280,563
2137527,279,243,522
2137528,218,234,452
2137529,178,182,360
2137530,152,131,283
2137531,181,169,350
2137532,201,128,329
2137533,210,207,417
2137534,147,134,281
2137535,191,180,371
2137536,156,166,322
2137537,197,216,413
2137538,235,241,476
2137539,219,250,469
2137540,183,263,446
2137541,197,206,403
2137601,154,144,298
2137602,796,794,1590
2137603,367,334,701
2137604,174,177,351
2137605,325,331,656
2137606,350,400,750
2137607,144,141,285
2137608,146,166,312
2137609,126,133,259
2137610,179,156,335
2137611,226,217,443
2137612,195,204,399
2137613,252,259,511
2137614,264,260,524
2137615,275,282,557
2137616,202,210,412
2137617,528,532,1060
2137618,166,166,332
2137619,216,235,451
2137620,164,156,320
2137701,120,130,250
2137702,233,270,503
2137703,196,197,393
2137704,140,138,278
2137705,10,7,17
2137706,142,115,257
2137707,226,242,468
2137708,168,177,345
2137709,177,167,344
2137710,170,177,347
2137711,158,127,285
2137712,249,224,473
2137713,108,129,237
2137714,192,162,354
2137715,141,149,290
2137716,236,328,564
2137717,188,185,373
2137718,148,172,320
2137719,233,239,472
2137720,203,230,433
2137721,169,209,378
2137722,247,245,492
2137723,141,142,283
2137724,205,202,407
2137725,224,227,451
2137801,165,163,328
2137802,190,182,372
2137803,187,186,373
2137804,160,132,292
2137805,53,51,104
2137806,102,128,230
2137807,203,241,444
2137808,185,155,340
2137809,175,188,363
2137810,202,186,388
2137811,140,139,279
2137812,213,199,412
2137813,93,98,191
2137814,178,184,362
2137815,171,185,356
2137816,124,119,243
2137817,50,45,95
2137818,89,70,159
2137901,123,116,239
2137902,272,326,598
2137903,223,289,512
2137904,208,197,405
2137905,208,203,411
2137906,349,393,742
2137907,232,217,449
2137908,176,199,375
2137909,323,379,702
2137910,391,389,780
2137911,339,330,669
2137912,293,304,597
2137913,302,333,635
2137914,208,226,434
2137915,226,221,447
2137916,176,202,378
2137917,179,191,370
2137918,233,279,512
2137919,163,137,300
2137920,218,229,447
2137921,156,167,323
2137922,266,246,512
2137923,157,140,297
2137924,239,212,451
2137925,206,182,388
2137926,149,153,302
2137927,138,118,256
2137928,170,174,344
2137929,234,194,428
2137930,261,283,544
2137931,181,225,406
2137932,183,182,365
2137933,198,219,417
2137934,246,267,513
2137935,197,200,397
2137936,100,103,203
2137937,302,307,609
2137938,158,160,318
2137939,154,152,306
2137940,778,306,1084
2137941,354,332,686
2137942,3,0,3
2137943,154,203,357
2137944,164,189,353
2137945,207,218,425
2138001,145,179,324
2138002,153,183,336
2138003,159,161,320
2138004,238,270,508
2138005,207,209,416
2138006,134,138,272
2138007,191,215,406
2138008,212,266,478
2138009,161,188,349
2138010,171,186,357
2138011,196,217,413
2138012,139,182,321
2138013,74,194,268
2138014,252,293,545
2138015,247,305,552
2138016,210,275,485
2138017,131,166,297
2138018,235,305,540
2138019,103,108,211
2138020,175,230,405
2138021,124,156,280
2138022,155,187,342
2138023,174,192,366
2138024,167,193,360
2138025,140,164,304
2138026,163,181,344
2138027,215,223,438
2138028,176,207,383
2138029,196,233,429
2138030,151,189,340
2138031,185,211,396
2138032,112,165,277
2138033,169,182,351
2138034,234,285,519
2138035,195,220,415
2138036,214,246,460
2138037,213,193,406
2138038,269,268,537
2138039,287,408,695
2138040,233,246,479
2138041,254,266,520
2138042,179,181,360
2138043,218,243,461
2138044,157,153,310
2138045,255,256,511
2138046,118,126,244
2138047,139,117,256
2138048,0,0,0
2138049,305,311,616
2138050,158,145,303
2138051,115,117,232
2138052,4,0,4
2138053,176,228,404
2138054,165,200,365
2138055,200,206,406
2138056,228,247,475
2138057,184,208,392
2138058,282,347,629
2138059,5,3,8
2138101,204,237,441
2138102,184,205,389
2138103,187,214,401
2138104,207,194,401
2138105,208,208,416
2138106,203,220,423
2138107,130,166,296
2138108,110,175,285
2138109,178,247,425
2138110,194,179,373
2138111,112,117,229
2138112,159,156,315
2138113,274,269,543
2138114,255,261,516
2138115,234,244,478
2138116,242,239,481
2138117,136,152,288
2138118,171,162,333
2138119,107,107,214
2138120,259,282,541
2138121,158,139,297
2138122,214,190,404
2138123,145,136,281
2138124,293,278,571
2138125,270,242,512
2138126,124,134,258
2138127,167,158,325
2138128,117,151,268
2138129,196,220,416
2138130,229,254,483
2138131,146,143,289
2138132,261,248,509
2138133,134,145,279
2138134,261,331,592
2138135,178,186,364
2138136,181,204,385
2138137,263,304,567
2138138,202,272,474
2138139,231,217,448
2138140,128,136,264
2138141,191,217,408
2138142,170,191,361
2138143,211,228,439
2138144,117,136,253
2138201,245,267,512
2138202,110,127,237
2138203,210,199,409
2138204,237,239,476
2138205,3,0,3
2138206,131,146,277
2138207,107,121,228
2138208,166,160,326
2138209,189,193,382
2138210,159,174,333
2138211,205,223,428
2138212,256,301,557
2138213,145,153,298
2138214,117,135,252
2138215,240,269,509
2138216,282,277,559
2138217,358,348,706
2138218,234,253,487
2138219,223,199,422
2138220,296,294,590
2138221,226,228,454
2138222,256,253,509
2138223,172,159,331
2138224,253,266,519
2138225,169,160,329
2138226,163,169,332
2138227,267,422,689
2138228,326,404,730
2138229,265,390,655
2138230,158,162,320
2138231,193,170,363
2138232,299,306,605
2138233,300,294,594
2138234,137,132,269
2138235,142,147,289
2138236,174,184,358
2138237,161,164,325
2138238,252,271,523
2138239,201,268,469
2138240,209,216,425
2138301,120,123,243
2138302,252,244,496
2138303,119,129,248
2138304,177,167,344
2138305,207,192,399
2138306,294,291,585
2138307,310,336,646
2138308,111,113,224
2138309,141,155,296
2138310,242,243,485
2138311,274,258,532
2138312,180,168,348
2138313,119,107,226
2138314,165,167,332
2138315,157,137,294
2138316,197,181,378
2138317,205,210,415
2138318,116,134,250
2138319,222,207,429
2138320,170,173,343
2138321,210,208,418
2138322,143,161,304
2138323,260,244,504
2138324,162,147,309
2138325,217,252,469
2138326,182,205,387
2138327,188,187,375
2138328,240,235,475
2138329,190,218,408
2138330,137,154,291
2138331,191,207,398
2138332,156,150,306
2138333,98,111,209
2138334,188,198,386
2138335,213,203,416
2138336,205,200,405
2138337,191,195,386
2138338,161,169,330
2138339,191,217,408
2138340,0,0,0
2138341,107,115,222
2138342,236,231,467
2138343,192,195,387
2138344,190,178,368
2138401,240,251,491
2138402,165,233,398
2138403,97,99,196
2138404,175,205,380
2138405,196,268,464
2138406,211,362,573
2138407,0,0,0
2138408,195,231,426
2138409,274,286,560
2138410,161,150,311
2138411,139,150,289
2138412,150,145,295
2138413,162,162,324
2138414,261,278,539
2138415,133,163,296
2138416,204,240,444
2138417,162,196,358
2138418,244,297,541
2138419,173,248,421
2138420,205,251,456
2138421,208,198,406
2138422,116,109,225
2138423,395,476,871
2138424,248,252,500
2138425,230,241,471
2138426,169,164,333
2138427,112,178,290
2138428,114,160,274
2138429,220,251,471
2138430,151,210,361
2138431,242,291,533
2138432,179,184,363
2138433,109,108,217
2138434,230,280,510
2138435,214,249,463
2138436,201,193,394
2138437,137,129,266
2138438,152,151,303
2138439,137,136,273
2138440,185,214,399
2138441,191,230,421
2138442,183,203,386
2138443,227,272,499
2138444,158,161,319
2138445,132,158,290
2138446,118,150,268
2138447,216,210,426
2138448,340,336,676
2138449,122,127,249
2138450,179,232,411
2138501,146,138,284
2138502,146,156,302
2138503,243,229,472
2138504,208,213,421
2138505,118,142,260
2138506,168,148,316
2138507,123,100,223
2138508,231,248,479
2138509,137,140,277
2138510,159,170,329
2138511,148,169,317
2138512,176,153,329
2138513,192,205,397
2138514,205,234,439
2138515,147,132,279
2138516,264,320,584
2138517,245,285,530
2138518,168,181,349
2138519,211,220,431
2138520,155,228,383
2138521,162,152,314
2138522,159,158,317
2138523,234,256,490
2138524,141,150,291
2138525,204,197,401
2138526,127,155,282
2138527,259,267,526
2138528,237,228,465
2138529,336,359,695
2138530,141,175,316
2138531,168,173,341
2138532,207,217,424
2138533,190,218,408
2138534,192,182,374
2138535,251,265,516
2138536,151,146,297
2138537,314,350,664
2138538,157,148,305
2138539,147,144,291
2138540,164,174,338
2138541,148,137,285
2138542,194,192,386
2138543,160,159,319
2138544,116,121,237
2138545,104,105,209
2138546,194,161,355
2138547,122,100,222
2138601,65,86,151
2138602,165,193,358
2138603,142,126,268
2138604,197,192,389
2138605,130,113,243
2138606,174,231,405
2138607,132,137,269
2138608,177,201,378
2138609,156,177,333
2138610,147,152,299
2138611,92,105,197
2138612,255,273,528
2138613,163,198,361
2138614,195,213,408
2138615,146,106,252
2138616,183,184,367
2138617,129,144,273
2138618,121,132,253
2138619,186,178,364
2138620,154,140,294
2138621,225,222,447
2138622,141,164,305
2138623,235,262,497
2138624,419,10,429
2138701,179,177,356
2138702,189,173,362
2138703,126,125,251
2138704,117,131,248
2138705,161,154,315
2138706,174,151,325
2138707,154,143,297
2138708,156,170,326
2138709,74,80,154
2138710,140,131,271
2138801,214,200,414
2138802,175,204,379
2138803,138,199,337
2138804,267,307,574
2138805,221,277,498
2138806,229,223,452
2138807,271,366,637
2138808,230,206,436
2138809,167,190,357
2138810,202,226,428
2138811,166,156,322
2138812,254,228,482
2138813,238,254,492
2138814,198,208,406
2138815,135,134,269
2138816,246,256,502
2138817,360,382,742
2138818,217,219,436
2138819,172,152,324
2138820,118,105,223
2138821,207,289,496
2138822,223,237,460
2138823,344,352,696
2138824,190,217,407
2138825,138,169,307
2138826,181,189,370
2138827,104,116,220
2138828,361,346,707
2138829,229,205,434
2138830,172,207,379
2138831,163,182,345
2138832,215,228,443
2138833,181,199,380
2138834,149,158,307
2138835,206,243,449
2138836,214,228,442
2138837,163,177,340
2138901,132,106,238
2138902,111,112,223
2138903,160,159,319
2138904,173,164,337
2138905,128,105,233
2138906,110,100,210
2138907,191,218,409
2138908,188,154,342
2138909,130,116,246
2138910,144,145,289
2138911,165,143,308
2138912,126,124,250
2139001,129,129,258
2139002,139,152,291
2139003,140,134,274
2139004,132,107,239
2139005,109,106,215
2139006,24,7,31
2139007,152,113,265
2139008,0,0,0
2139009,145,125,270
2139010,155,149,304
2139011,114,109,223
2139012,137,115,252
2139013,158,122,280
2139014,122,131,253
2139015,89,115,204
2139016,217,220,437
2139017,194,199,393
2139018,68,56,124
2139019,214,257,471
2139020,105,133,238
2139021,151,138,289
2139022,160,164,324
2139023,99,110,209
2139024,110,122,232
2139025,70,80,150
2139026,113,124,237
2139027,133,149,282
2139028,130,146,276
2139029,93,91,184
2139030,0,0,0
2139101,81,85,166
2139102,262,256,518
2139103,264,275,539
2139104,159,181,340
2139105,152,136,288
2139106,184,149,333
2139107,215,180,395
2139108,114,127,241
2139109,157,177,334
2139110,228,205,433
2139201,88,76,164
2139202,181,239,420
2139203,130,106,236
2139204,193,214,407
2139205,168,153,321
2139206,154,117,271
2139207,89,95,184
2139208,163,186,349
2139209,188,162,350
2139210,146,160,306
2139211,213,175,388
2139212,171,170,341
2139213,169,141,310
2139214,150,155,305
2139215,136,127,263
2139216,162,144,306
2139217,172,192,364
2139218,180,175,355
2139219,169,170,339
2139220,281,284,565
2139221,118,126,244
2139222,187,198,385
2139223,174,225,399
2139224,113,138,251
2139225,101,158,259
2139226,89,92,181
2139301,113,100,213
2139302,140,121,261
2139303,171,144,315
2139304,88,90,178
2139305,204,200,404
2139306,166,158,324
2139307,134,119,253
2139308,119,126,245
2139309,102,115,217
2139310,215,258,473
2139401,188,211,399
2139402,221,185,406
2139403,146,115,261
2139404,225,210,435
2139405,233,285,518
2139406,157,145,302
2139407,213,222,435
2139408,184,202,386
2139409,215,225,440
2139410,229,232,461
2139411,175,174,349
2139412,186,173,359
2139413,95,92,187
2139414,101,80,181
2139415,116,113,229
2139416,151,157,308
2139417,94,97,191
2139418,105,102,207
2139419,214,217,431
2139420,142,157,299
2139421,116,133,249
2139501,173,189,362
2139502,199,176,375
2139503,142,134,276
2139504,256,263,519
2139505,178,175,353
2139506,260,262,522
2139507,198,197,395
2139508,103,125,228
2139509,127,109,236
2139510,551,511,1062
2139511,72,73,145
2139512,132,131,263
2139513,249,198,447
2139514,142,167,309
2139515,93,93,186
2139516,176,164,340
2139517,162,140,302
2139518,0,0,0
2139519,0,0,0
2139520,86,84,170
2139601,121,131,252
2139602,73,64,137
2139603,224,203,427
2139604,166,150,316
2139605,299,286,585
2139606,257,256,513
2139607,164,161,325
2139608,159,184,343
2139609,133,135,268
2139610,54,59,113
2139611,125,133,258
2139612,137,149,286
2139613,156,166,322
2139614,176,173,349
2139615,70,71,141
2139701,242,266,508
2139702,296,300,596
2139703,139,162,301
2139704,142,145,287
2139705,228,251,479
2139706,236,248,484
2139707,157,165,322
2139708,246,283,529
2139709,257,260,517
2139710,156,173,329
2139711,112,140,252
2139712,203,195,398
2139713,189,167,356
2139714,206,211,417
2139715,218,255,473
2139716,257,315,572
2139717,302,306,608
2139718,271,290,561
2139719,202,219,421
2139720,149,221,370
2139721,189,228,417
2139722,208,249,457
2139723,157,179,336
2139724,196,186,382
2139725,270,302,572
2139726,155,181,336
2139727,264,293,557
2139728,199,222,421
2139729,240,260,500
2139730,174,176,350
2139731,210,236,446
2139732,241,248,489
2139733,209,240,449
2139734,219,277,496
2139735,96,81,177
2139736,136,115,251
2139737,181,201,382
2139738,137,148,285
2139739,174,216,390
2139740,98,136,234
2139741,200,221,421
2139742,155,156,311
2139743,224,251,475
2139744,307,318,625
2139745,154,174,328
2139746,280,285,565
2139747,101,102,203
2139748,155,176,331
2139749,151,186,337
2139750,272,342,614
2139751,371,440,811
2139752,442,513,955
2139753,209,264,473
2139754,161,206,367
2139755,218,215,433
2139756,117,149,266
2139757,213,247,460
2139758,136,129,265
2139759,141,144,285
2139760,235,334,569
2139761,181,202,383
2139762,178,223,401
2139763,109,125,234
2139764,197,210,407
2139765,158,174,332
2139766,148,171,319
2139767,117,101,218
2139768,137,145,282
2139769,71,60,131
2139770,106,128,234
2139771,291,285,576
2139772,322,294,616
2139773,138,147,285
2139774,221,215,436
2139801,107,95,202
2139802,267,264,531
2139803,193,187,380
2139804,0,0,0
2139805,3,0,3
2139806,187,150,337
2139807,154,105,259
2139808,7,5,12
2139809,67,61,128
2139810,101,115,216
2139811,224,192,416
2139812,173,152,325
2139813,178,142,320
2139814,121,106,227
2139815,252,209,461
2139901,0,0,0
2139902,142,145,287
2139903,89,96,185
2139904,123,159,282
2139905,101,140,241
2139906,140,132,272
2139907,114,111,225
2139908,182,142,324
2139909,240,215,455
2139910,216,207,423
2139911,374,307,681
2139912,188,174,362
2139913,155,155,310
2139914,194,227,421
2139915,172,208,380
2139916,117,120,237
2139917,161,141,302
2140001,125,137,262
2140002,105,106,211
2140003,128,102,230
2140004,106,112,218
2140005,101,109,210
2140006,197,219,416
2140007,180,198,378
2140008,136,125,261
2140009,173,146,319
2140010,91,71,162
2140011,244,211,455
2140012,157,165,322
2140013,164,158,322
2140014,142,144,286
2140015,151,175,326
2140016,169,169,338
2140017,177,144,321
2140018,220,224,444
2140019,188,150,338
2140020,158,156,314
2140021,123,128,251
2140101,100,113,213
2140102,102,105,207
2140103,119,143,262
2140104,125,131,256
2140105,129,119,248
2140106,231,222,453
2140107,159,157,316
2140108,112,113,225
2140109,83,68,151
2140110,165,165,330
2140111,88,95,183
2140112,171,140,311
2140113,169,151,320
2140114,260,236,496
2140115,67,41,108
2140116,106,97,203
2140117,178,158,336
2140118,193,176,369
2140119,98,92,190
2140120,192,203,395
2140121,122,157,279
2140122,192,222,414
2140123,117,106,223
2140201,146,154,300
2140202,125,165,290
2140203,148,149,297
2140204,260,252,512
2140205,55,57,112
2140206,139,173,312
2140207,81,90,171
2140208,183,184,367
2140209,153,187,340
2140210,79,82,161
2140211,78,62,140
2140212,211,208,419
2140213,193,251,444
2140301,164,173,337
2140302,203,197,400
2140303,0,0,0
2140304,141,124,265
2140305,243,223,466
2140306,150,140,290
2140307,109,92,201
2140308,219,164,383
2140309,110,136,246
2140310,131,137,268
2140311,310,309,619
2140312,0,0,0
2140401,232,242,474
2140402,286,322,608
2140403,123,113,236
2140404,129,129,258
2140405,220,212,432
2140406,110,125,235
2140407,173,164,337
2140408,150,166,316
2140409,123,123,246
2140410,273,273,546
2140411,91,87,178
2140412,200,154,354
2140413,212,215,427
2140414,229,269,498
2140415,166,174,340
2140416,234,275,509
2140417,209,229,438
2140418,126,111,237
2140419,238,287,525
2140420,247,293,540
2140421,174,202,376
2140422,240,284,524
2140423,121,137,258
2140424,178,178,356
2140425,267,285,552
2140426,205,217,422
2140427,117,88,205
2140501,164,169,333
2140502,79,66,145
2140503,180,153,333
2140504,142,130,272
2140505,331,274,605
2140506,94,80,174
2140507,157,123,280
2140508,143,111,254
2140509,120,99,219
2140510,83,71,154
2140511,132,131,263
2140512,160,150,310
2140513,133,125,258
2140514,125,109,234
2140515,183,183,366
2140516,152,129,281
2140517,98,112,210
2140518,210,197,407
2140519,201,170,371
2140520,185,187,372
2140521,158,153,311
2140522,99,97,196
2140523,117,102,219
2140601,184,204,388
2140602,292,303,595
2140603,146,178,324
2140604,221,223,444
2140605,104,113,217
2140606,114,139,253
2140607,271,312,583
2140608,0,3,3
2140609,128,160,288
2140610,99,107,206
2140611,121,184,305
2140612,172,198,370
2140613,128,117,245
2140614,105,127,232
2140615,134,160,294
2140616,209,244,453
2140617,275,307,582
2140618,138,163,301
2140619,250,276,526
2140620,190,258,448
2140621,213,235,448
2140622,175,167,342
2140623,194,194,388
2140624,157,174,331
2140625,169,166,335
2140626,231,262,493
2140627,270,239,509
2140628,0,0,0
2140629,289,337,626
2140630,219,191,410
2140631,167,150,317
2140632,54,47,101
2140633,101,113,214
2140634,297,330,627
2140635,298,329,627
2140636,104,95,199
2140637,92,78,170
2140638,120,135,255
2140639,195,160,355
2140640,196,182,378
2140701,138,175,313
2140702,183,209,392
2140703,151,159,310
2140704,209,208,417
2140705,150,135,285
2140706,175,178,353
2140707,192,195,387
2140708,153,193,346
2140709,214,246,460
2140710,198,233,431
2140711,343,279,622
2140712,196,163,359
2140713,182,146,328
2140714,0,0,0
2140715,185,150,335
2140716,207,201,408
2140717,179,149,328
2140718,217,230,447
2140719,235,255,490
2140720,111,97,208
2140721,235,264,499
2140722,259,277,536
2140723,187,164,351
2140724,165,237,402
2140725,149,184,333
2140726,208,202,410
2140727,165,139,304
2140728,113,105,218
2140729,100,91,191
2140730,136,143,279
2140801,189,187,376
2140802,111,95,206
2140803,209,196,405
2140804,121,110,231
2140805,149,146,295
2140806,128,136,264
2140807,197,190,387
2140808,197,229,426
2140809,95,89,184
2140810,128,122,250
2140811,144,139,283
2140812,131,129,260
2140813,89,71,160
2140901,156,173,329
2140902,123,134,257
2140903,172,220,392
2140904,221,243,464
2140905,225,215,440
2140906,164,178,342
2140907,218,187,405
2140908,158,146,304
2140909,191,182,373
2140910,254,236,490
2140911,0,0,0
2141001,223,204,427
2141002,165,135,300
2141003,204,148,352
2141004,161,135,296
2141005,160,109,269
2141006,211,184,395
2141007,148,146,294
2141008,213,214,427
2141009,142,123,265
2141010,96,101,197
2141011,81,80,161
2141012,169,160,329
2141013,53,59,112
2141014,148,134,282
2141101,166,171,337
2141102,131,137,268
2141103,145,149,294
2141104,99,87,186
2141105,207,202,409
2141106,200,209,409
2141107,240,258,498
2141108,261,263,524
2141109,274,310,584
2141110,264,284,548
2141111,96,119,215
2141112,142,148,290
2141113,183,168,351
2141114,174,176,350
2141115,256,235,491
2141116,128,124,252
2141117,117,108,225
2141201,145,111,256
2141202,136,151,287
2141203,203,160,363
2141204,126,141,267
2141205,123,109,232
2141206,143,126,269
2141207,158,178,336
2141208,101,102,203
2141209,180,163,343
2141301,183,198,381
2141302,201,181,382
2141303,90,75,165
2141304,160,141,301
2141305,51,48,99
2141306,103,87,190
2141307,238,231,469
2141308,260,225,485
2141309,169,165,334
2141310,70,62,132
2141311,88,92,180
2141312,136,126,262
2141313,157,144,301
2141314,232,235,467
2141315,72,64,136
2141316,142,112,254
2141317,129,113,242
2141318,185,190,375
2141319,215,276,491
2141320,114,123,237
2141321,154,173,327
2141322,149,167,316
2141323,212,261,473
2141324,191,200,391
2141325,132,138,270
2141326,123,137,260
2141327,187,189,376
2141328,109,119,228
2141329,228,194,422
2141330,279,273,552
2141331,280,279,559
2141332,255,253,508
2141333,248,232,480
2141334,118,133,251
2141335,258,216,474
2141336,173,165,338
2141337,0,0,0
2141338,93,88,181
2141401,215,232,447
2141402,149,192,341
2141403,91,103,194
2141404,179,206,385
2141405,181,212,393
2141406,252,281,533
2141407,192,199,391
2141408,195,229,424
2141409,237,261,498
2141410,138,133,271
2141411,296,282,578
2141412,403,419,822
2141413,190,222,412
2141414,151,150,301
2141415,138,118,256
2141416,159,149,308
2141417,222,250,472
2141418,21,18,39
2141501,219,225,444
2141502,173,187,360
2141503,140,136,276
2141504,175,188,363
2141505,92,76,168
2141506,223,223,446
2141507,260,259,519
2141508,178,220,398
2141509,239,238,477
2141510,101,117,218
2141511,179,206,385
2141512,243,259,502
2141513,309,403,712
2141514,140,164,304
2141515,187,185,372
2141516,307,290,597
2141517,253,302,555
2141518,73,58,131
2141519,193,160,353
2141520,113,137,250
2141601,207,211,418
2141602,257,265,522
2141603,120,99,219
2141604,236,242,478
2141605,150,222,372
2141606,202,215,417
2141607,187,192,379
2141608,230,235,465
2141609,276,278,554
2141610,182,199,381
2141611,245,266,511
2141612,138,126,264
2141613,0,0,0
2141614,119,124,243
2141615,155,151,306
2141616,207,218,425
2141617,126,148,274
2141618,148,128,276
2141619,196,208,404
2141620,171,191,362
2141621,249,254,503
2141622,327,368,695
2141623,275,263,538
2141624,128,167,295
2141625,167,176,343
2141626,204,232,436
2141627,185,169,354
2141628,218,205,423
2141629,122,221,343
2141630,189,223,412
2141631,148,166,314
2141632,257,302,559
2141633,104,98,202
2141634,186,193,379
2141635,250,265,515
2141636,220,210,430
2141637,232,195,427
2141638,233,264,497
2141639,284,281,565
2141640,111,126,237
2141641,208,209,417
2141642,227,251,478
2141643,115,109,224
2141644,191,209,400
2141701,218,238,456
2141702,216,230,446
2141703,228,244,472
2141704,225,218,443
2141705,254,243,497
2141706,201,223,424
2141707,372,327,699
2141708,152,163,315
2141709,188,194,382
2141710,113,105,218
2141711,116,100,216
2141712,303,314,617
2141713,236,223,459
2141714,129,137,266
2141715,185,304,489
2141716,193,200,393
2141717,504,515,1019
2141718,159,157,316
2141719,325,306,631
2141720,272,315,587
2141721,132,150,282
2141722,235,240,475
2141723,225,228,453
2141724,183,170,353
2141725,322,327,649
2141726,232,260,492
2141727,174,166,340
2141728,168,138,306
2141729,119,138,257
2141730,329,339,668
2141731,234,291,525
2141732,274,285,559
2141733,106,116,222
2141734,161,138,299
2141735,123,107,230
2141736,218,210,428
2141737,118,117,235
2141738,158,121,279
2141739,123,124,247
2141740,171,148,319
2141741,137,141,278
2141742,193,153,346
2141743,210,247,457
2141744,243,262,505
2141745,205,242,447
2141746,145,154,299
2141747,218,226,444
2141748,167,163,330
2141749,216,248,464
2141750,274,308,582
2141751,171,170,341
2141801,107,119,226
2141802,138,132,270
2141803,228,214,442
2141804,96,75,171
2141805,235,222,457
2141806,159,146,305
2141807,114,130,244
2141808,154,147,301
2141809,268,251,519
2141810,135,137,272
2141811,138,104,242
2141812,122,105,227
2141813,125,130,255
2141901,87,125,212
2141902,94,98,192
2141903,165,180,345
2141904,236,228,464
2141905,135,143,278
2141906,196,209,405
2141907,254,238,492
2141908,160,172,332
2141909,120,135,255
2141910,284,261,545
2141911,104,108,212
2141912,151,150,301
2141913,133,137,270
2141914,229,224,453
2141915,317,97,414
2141916,150,140,290
2141917,144,126,270
2141918,167,147,314
2141919,211,194,405
2141920,164,175,339
2141921,141,169,310
2141922,157,153,310
2141923,119,119,238
2141924,146,138,284
2141925,122,131,253
2141926,253,212,465
2141927,177,195,372
2141928,104,135,239
2141929,285,256,541
2142001,134,128,262
2142002,202,226,428
2142003,120,111,231
2142004,159,152,311
2142005,176,175,351
2142006,133,108,241
2142007,236,197,433
2142008,146,109,255
2142009,81,83,164
2142010,156,174,330
2142011,125,119,244
2142012,119,134,253
2142013,194,228,422
2142014,98,95,193
2142015,157,155,312
2142016,102,95,197
2142017,140,125,265
2142018,119,103,222
2142019,119,140,259
2142020,182,159,341
2142021,89,80,169
2142022,220,197,417
2142023,95,108,203
2142024,182,205,387
2142025,119,125,244
2142026,150,151,301
2142027,90,97,187
2142028,86,89,175
2142029,201,168,369
2142030,231,227,458
2142031,108,100,208
2142101,196,233,429
2142102,120,164,284
2142103,188,185,373
2142104,193,192,385
2142105,248,244,492
2142106,114,183,297
2142107,203,209,412
2142108,185,233,418
2142109,184,169,353
2142110,167,169,336
2142111,228,194,422
2142112,162,226,388
2142113,111,123,234
2142114,117,110,227
2142115,213,213,426
2142116,198,206,404
2142117,176,167,343
2142118,149,151,300
2142119,258,242,500
2142120,230,279,509
2142121,110,116,226
2142122,141,160,301
2142123,163,172,335
2142124,109,128,237
2142125,174,183,357
2142126,191,201,392
2142127,176,212,388
2142128,162,166,328
2142201,0,0,0
2142202,197,222,419
2142203,141,158,299
2142204,197,212,409
2142205,149,130,279
2142206,198,210,408
2142207,0,0,0
2142208,152,155,307
2142209,202,243,445
2142210,213,204,417
2142211,219,285,504
2142212,183,166,349
2142213,250,239,489
2142214,215,211,426
2142215,164,156,320
2142216,0,0,0
2142217,142,120,262
2142218,248,237,485
2142219,214,182,396
2142220,272,253,525
2142221,190,188,378
2142222,161,193,354
2142223,165,157,322
2142224,137,130,267
2142225,171,183,354
2142226,165,156,321
2142227,287,288,575
2142228,118,144,262
2142229,112,108,220
2142230,114,112,226
2142231,142,129,271
2142232,192,229,421
2142301,182,175,357
2142302,129,163,292
2142303,168,161,329
2142304,120,120,240
2142305,132,154,286
2142306,224,247,471
2142307,79,69,148
2142308,155,137,292
2142309,191,184,375
2142310,161,156,317
2142311,132,132,264
2142312,141,122,263
2142313,114,107,221
2142314,117,102,219
2142315,166,168,334
2142316,236,214,450
2142317,161,158,319
2142318,97,87,184
2142319,197,189,386
2142320,104,105,209
2142321,108,86,194
2142322,98,93,191
2142401,155,170,325
2142402,136,123,259
2142403,183,189,372
2142404,178,187,365
2142405,180,196,376
2142406,100,126,226
2142407,251,296,547
2142408,103,137,240
2142409,135,143,278
2142410,109,102,211
2142411,139,118,257
2142501,210,268,478
2142502,270,247,517
2142503,214,226,440
2142504,176,171,347
2142505,326,321,647
2142506,112,107,219
2142507,316,327,643
2142508,114,109,223
2142509,206,208,414
2142510,208,210,418
2142511,138,128,266
2142512,136,146,282
2142513,150,178,328
2142514,157,181,338
2142515,151,148,299
2142516,96,100,196
2142517,147,149,296
2142518,147,161,308
2142519,183,253,436
2142520,90,121,211
2142521,123,183,306
2142522,172,188,360
2142523,262,250,512
2142524,255,266,521
2142525,239,267,506
2142526,267,264,531
2142527,264,278,542
2142528,120,133,253
2142529,173,131,304
2142530,230,268,498
2142531,70,64,134
2142601,227,205,432
2142602,110,114,224
2142603,252,234,486
2142604,138,118,256
2142605,186,176,362
2142606,107,80,187
2142607,108,85,193
2142608,95,92,187
2142609,279,251,530
2142610,120,102,222
2142611,146,130,276
2142612,149,126,275
2142613,143,141,284
2142614,133,137,270
2142615,229,215,444
2142616,195,187,382
2142617,164,143,307
2142701,118,111,229
2142702,150,141,291
2142703,157,161,318
2142704,231,246,477
2142705,177,171,348
2142706,100,127,227
2142707,88,79,167
2142708,206,180,386
2142709,126,121,247
2142710,178,166,344
2142711,90,78,168
2142712,191,182,373
2142713,158,128,286
2142714,143,124,267
2142715,211,241,452
2142716,193,205,398
2142717,99,105,204
2142718,114,106,220
2142801,152,138,290
2142802,136,123,259
2142803,179,171,350
2142804,130,133,263
2142805,238,228,466
2142806,101,89,190
2142807,138,129,267
2142808,161,127,288
2142809,126,132,258
2142810,186,166,352
2142811,115,82,197
2142812,257,259,516
2142813,180,161,341
2142814,185,176,361
2142815,112,132,244
2142816,147,172,319
2142817,113,82,195
2142818,134,148,282
2142819,148,155,303
2142820,148,150,298
2142821,133,138,271
2142822,91,89,180
2142823,86,122,208
2142824,109,108,217
2142825,144,120,264
2142826,154,135,289
2142901,97,88,185
2142902,198,195,393
2142903,153,167,320
2142904,172,186,358
2142905,128,145,273
2142906,148,150,298
2142907,116,121,237
2142908,183,168,351
2142909,164,144,308
2142910,147,135,282
2142911,143,133,276
2142912,15,23,38
2142913,144,150,294
2142914,151,144,295
2142915,110,101,211
2142916,184,167,351
2142917,180,176,356
2142918,132,115,247
2142919,214,233,447
2142920,65,58,123
2142921,69,73,142
2142922,98,92,190
2142923,146,136,282
2142924,234,220,454
2143001,144,148,292
2143002,133,117,250
2143003,170,191,361
2143004,222,222,444
2143005,155,148,303
2143006,184,185,369
2143007,130,142,272
2143008,198,191,389
2143009,97,79,176
2143010,171,153,324
2143011,0,0,0
2143012,125,131,256
2143013,145,166,311
2143014,178,168,346
2143015,233,239,472
2143016,170,183,353
2143017,146,135,281
2143018,104,98,202
2143019,213,219,432
2143020,112,116,228
2143021,146,209,355
2143022,147,177,324
2143023,201,236,437
2143024,174,214,388
2143025,207,208,415
2143026,83,97,180
2143027,171,180,351
2143028,167,201,368
2143101,205,211,416
2143102,214,234,448
2143103,110,119,229
2143104,108,110,218
2143105,106,132,238
2143106,227,200,427
2143107,106,96,202
2143108,249,230,479
2143109,206,177,383
2143110,131,105,236
2143201,214,256,470
2143202,232,199,431
2143203,185,178,363
2143204,117,139,256
2143205,137,124,261
2143206,158,173,331
2143207,369,396,765
2143208,159,159,318
2143209,71,74,145
2143210,159,193,352
2143211,146,172,318
2143212,191,212,403
2143213,178,183,361
2143214,328,320,648
2143215,239,240,479
2143216,223,240,463
2143217,160,161,321
2143218,136,136,272
2143219,198,238,436
2143220,161,146,307
2143221,267,287,554
2143222,201,207,408
2143223,212,271,483
2143224,177,220,397
2143225,128,142,270
2143226,172,177,349
2143227,212,249,461
2143228,424,426,850
2143229,126,174,300
2143230,207,199,406
2143231,211,242,453
2143232,212,247,459
2143233,218,224,442
2143234,212,207,419
2143235,212,249,461
2143236,252,256,508
2143237,287,330,617
2143238,189,178,367
2143239,191,217,408
2143240,250,215,465
2143241,163,172,335
2143242,222,221,443
2143243,210,240,450
2143244,167,203,370
2143245,99,74,173
2143246,5,0,5
2143247,168,167,335
2143248,119,140,259
2143249,0,0,0
2143250,126,127,253
2143251,60,78,138
2143301,196,217,413
2143302,192,195,387
2143303,175,182,357
2143304,177,151,328
2143305,216,215,431
2143306,164,193,357
2143307,225,192,417
2143308,196,218,414
2143309,206,182,388
2143310,396,369,765
2143311,132,124,256
2143312,257,292,549
2143313,177,167,344
2143314,153,183,336
2143315,209,228,437
2143316,226,254,480
2143317,147,176,323
2143318,0,0,0
2143319,236,244,480
2143320,195,207,402
2143321,99,127,226
2143322,290,340,630
2143323,166,167,333
2143324,248,256,504
2143325,111,150,261
2143326,190,193,383
2143327,263,348,611
2143328,165,166,331
2143329,187,177,364
2143330,185,197,382
2143331,190,196,386
2143332,0,0,0
2143333,113,166,279
2143334,133,136,269
2949999,4672,3635,8307
2979991,0,0,0
2979992,25,0,25
2979993,9,0,9
3100101,246,223,469
3100102,156,150,306
3100103,300,279,579
3100104,194,219,413
3100105,115,106,221
3100106,135,121,256
3100107,133,132,265
3100108,222,236,458
3100109,261,302,563
3100110,207,176,383
3100111,275,266,541
3100112,110,128,238
3100113,155,160,315
3100114,246,248,494
3100115,231,217,448
3100116,227,248,475
3100117,202,223,425
3100118,240,244,484
3100119,233,207,440
3100120,126,154,280
3100121,213,235,448
3100122,208,188,396
3100123,205,256,461
3100124,96,108,204
3100125,141,150,291
3100126,202,216,418
3100127,123,108,231
3100128,217,218,435
3100129,179,199,378
3100130,244,348,592
3100131,204,198,402
3100132,109,101,210
3100133,254,212,466
3100134,181,200,381
3100135,171,177,348
3100136,221,228,449
3100137,158,162,320
3100138,118,116,234
3100139,197,222,419
3100140,230,239,469
3100141,184,187,371
3100142,183,179,362
3100143,0,0,0
3100144,0,0,0
3100145,197,181,378
3100201,124,117,241
3100202,212,219,431
3100203,121,124,245
3100204,287,274,561
3100205,198,206,404
3100206,237,237,474
3100207,118,110,228
3100208,161,141,302
3100209,213,210,423
3100210,201,193,394
3100211,10,0,10
3100212,0,3,3
3100213,235,263,498
3100214,98,110,208
3100215,227,241,468
3100216,180,207,387
3100217,49,54,103
3100218,163,181,344
3100219,433,509,942
3100220,179,167,346
3100221,207,227,434
3100301,186,211,397
3100302,211,210,421
3100303,149,173,322
3100304,280,299,579
3100305,214,218,432
3100306,193,192,385
3100307,272,260,532
3100308,154,140,294
3100309,181,160,341
3100310,335,323,658
3100311,169,172,341
3100312,126,124,250
3100313,240,248,488
3100314,184,200,384
3100315,207,171,378
3100316,329,330,659
3100317,232,213,445
3100318,219,198,417
3100319,183,188,371
3100320,207,209,416
3100321,288,318,606
3100322,147,178,325
3100323,262,270,532
3100324,283,266,549
3100325,325,288,613
3100326,3,0,3
3100327,10,9,19
3100328,134,242,376
3100329,154,151,305
3100330,210,178,388
3100331,149,158,307
3100332,140,238,378
3100333,136,141,277
3100334,118,138,256
3100335,278,273,551
3100336,165,183,348
3100401,206,222,428
3100402,296,294,590
3100403,227,263,490
3100404,210,219,429
3100405,201,200,401
3100406,133,143,276
3100407,179,153,332
3100408,245,282,527
3100409,263,250,513
3100410,247,256,503
3100411,135,140,275
3100412,132,142,274
3100413,271,273,544
3100414,123,141,264
3100415,141,143,284
3100416,210,194,404
3100417,233,221,454
3100418,137,154,291
3100419,144,160,304
3100420,201,192,393
3100421,294,276,570
3100422,79,74,153
3100423,128,140,268
3100424,151,139,290
3100425,162,150,312
3100426,304,243,547
3100427,196,190,386
3100428,244,242,486
3100429,140,118,258
3100430,301,300,601
3100431,268,259,527
3100432,57,55,112
3100433,231,219,450
3100434,171,183,354
3100435,183,191,374
3100436,162,182,344
3100437,3,0,3
3100438,220,321,541
3100439,243,238,481
3100440,211,220,431
3100441,144,173,317
3100442,211,232,443
3100443,164,190,354
3100444,175,175,350
3100501,185,189,374
3100502,224,201,425
3100503,171,150,321
3100504,187,189,376
3100505,135,145,280
3100506,69,77,146
3100507,217,239,456
3100508,277,276,553
3100509,168,165,333
3100510,140,142,282
3100601,182,240,422
3100602,99,114,213
3100603,187,157,344
3100604,302,295,597
3100605,125,142,267
3100606,203,252,455
3100607,148,154,302
3100608,228,257,485
3100609,256,252,508
3100610,149,157,306
3100611,228,226,454
3100612,250,280,530
3100613,287,303,590
3100614,358,325,683
3100615,291,295,586
3100616,265,316,581
3100617,221,245,466
3100618,351,376,727
3100619,264,250,514
3100620,197,192,389
3100621,347,352,699
3100622,210,213,423
3100623,194,202,396
3100624,16,20,36
3100701,121,141,262
3100702,164,145,309
3100703,240,258,498
3100704,207,210,417
3100705,201,217,418
3100706,326,372,698
3100707,197,186,383
3100708,199,200,399
3100709,190,223,413
3100710,244,243,487
3100711,181,200,381
3100712,166,217,383
3100713,306,334,640
3100714,92,133,225
3100715,294,324,618
3100716,249,235,484
3100717,115,132,247
3100718,185,227,412
3100719,206,217,423
3100720,175,199,374
3100721,152,177,329
3100722,205,186,391
3100723,149,135,284
3100724,149,170,319
3100725,292,347,639
3100726,251,341,592
3100727,142,182,324
3100728,0,0,0
3100729,0,0,0
3100730,236,354,590
3100731,259,313,572
3100732,141,131,272
3100733,142,130,272
3100734,125,123,248
3100735,243,226,469
3100736,158,157,315
3100737,143,181,324
3100801,266,265,531
3100802,217,203,420
3100803,161,161,322
3100804,206,189,395
3100805,309,331,640
3100806,230,252,482
3100807,68,174,242
3100808,268,348,616
3100809,327,287,614
3100810,269,326,595
3100811,189,192,381
3100812,182,220,402
3100901,197,209,406
3100902,232,238,470
3100903,247,252,499
3100904,238,273,511
3100905,182,193,375
3100906,302,278,580
3100907,297,333,630
3100908,250,259,509
3100909,142,142,284
3100910,126,116,242
3100911,171,172,343
3100912,170,179,349
3100913,230,200,430
3100914,262,254,516
3100915,215,230,445
3100916,252,257,509
3100917,140,146,286
3100918,384,401,785
3100919,352,378,730
3100920,222,240,462
3100921,0,0,0
3100922,287,290,577
3100923,271,272,543
3100924,297,296,593
3100925,240,219,459
3100926,367,345,712
3100927,109,94,203
3100928,276,269,545
3100929,180,185,365
3100930,134,145,279
3101001,0,0,0
3101002,150,148,298
3101003,168,162,330
3101004,110,121,231
3101005,228,220,448
3101006,113,134,247
3101007,149,152,301
3101008,260,252,512
3101009,204,200,404
3101010,151,158,309
3101011,228,230,458
3101012,212,215,427
3101013,171,126,297
3101014,170,170,340
3101015,71,46,117
3101016,196,212,408
3101017,222,225,447
3101018,173,175,348
3101019,225,233,458
3101020,210,241,451
3101021,180,182,362
3101022,78,82,160
3101023,293,294,587
3101024,137,108,245
3101025,248,221,469
3101101,215,219,434
3101102,152,138,290
3101103,123,111,234
3101104,266,249,515
3101105,131,132,263
3101106,102,110,212
3101107,227,220,447
3101108,178,176,354
3101109,114,104,218
3101110,285,311,596
3101111,409,431,840
3101112,97,95,192
3101113,224,241,465
3101114,264,286,550
3101115,207,213,420
3101116,219,240,459
3101201,363,326,689
3101202,180,166,346
3101203,290,272,562
3101204,223,250,473
3101205,437,466,903
3101206,169,179,348
3101207,364,392,756
3101208,252,245,497
3101209,275,273,548
3101210,275,286,561
3101211,250,261,511
3101212,195,234,429
3101213,264,267,531
3101214,155,179,334
3101215,162,154,316
3101216,143,130,273
3101217,170,176,346
3101218,118,124,242
3101219,229,233,462
3101220,134,135,269
3101221,235,209,444
3101222,141,139,280
3101223,167,182,349
3101224,87,145,232
3101225,115,129,244
3101226,301,331,632
3101227,162,160,322
3101228,191,217,408
3101229,243,251,494
3101301,139,154,293
3101302,154,179,333
3101303,187,160,347
3101304,286,301,587
3101305,187,325,512
3101306,203,185,388
3101307,295,304,599
3101308,177,194,371
3101309,133,115,248
3101310,182,197,379
3101311,263,270,533
3101312,232,230,462
3101313,174,204,378
3101314,176,244,420
3101315,267,294,561
3101316,150,222,372
3101317,181,169,350
3101318,295,312,607
3101319,230,253,483
3101320,244,276,520
3101321,136,130,266
3101322,305,318,623
3101323,0,0,0
3101324,257,247,504
3101325,124,120,244
3101326,150,141,291
3101327,239,270,509
3101328,246,242,488
3101329,136,151,287
3101330,257,257,514
3101331,160,195,355
3101332,221,237,458
3101333,117,117,234
3101334,266,331,597
3101335,143,155,298
3101336,140,249,389
3101401,3,3,6
3101402,0,0,0
3101501,116,131,247
3101502,255,276,531
3101503,197,203,400
3101504,207,203,410
3101505,167,187,354
3101506,132,134,266
3101507,52,128,180
3101508,212,264,476
3101509,183,192,375
3101510,191,219,410
3101511,88,42,130
3101512,262,226,488
3101513,161,174,335
3101514,201,176,377
3101515,205,206,411
3101516,193,164,357
3101517,285,322,607
3101518,176,162,338
3101519,217,231,448
3101601,337,391,728
3101602,296,338,634
3101603,345,377,722
3101604,171,172,343
3101605,138,162,300
3101606,161,176,337
3101607,223,238,461
3101608,137,144,281
3101609,222,245,467
3101610,210,206,416
3101611,187,212,399
3101612,206,208,414
3101613,310,300,610
3101614,120,138,258
3101615,181,163,344
3101616,173,209,382
3101617,259,268,527
3101618,167,165,332
3101619,261,269,530
3101620,171,171,342
3101621,122,199,321
3101622,193,205,398
3101623,250,261,511
3101624,320,330,650
3101701,13,8,21
3101702,234,246,480
3101703,256,290,546
3101704,198,198,396
3101705,95,112,207
3101706,151,136,287
3101707,245,253,498
3101708,150,153,303
3101709,163,158,321
3101710,273,278,551
3101711,194,170,364
3101801,202,210,412
3101802,291,286,577
3101803,205,196,401
3101804,201,197,398
3101805,180,204,384
3101806,235,246,481
3101807,191,198,389
3101808,203,221,424
3101809,194,195,389
3101810,161,168,329
3101811,286,314,600
3101812,211,197,408
3101813,101,106,207
3101814,153,140,293
3101815,279,222,501
3101816,164,152,316
3101817,118,138,256
3101818,235,249,484
3101819,317,346,663
3101820,171,192,363
3101821,0,0,0
3101822,114,135,249
3101823,0,0,0
3101824,0,3,3
3101901,650,630,1280
3101902,707,685,1392
3101903,433,480,913
3101904,364,369,733
3101905,159,174,333
3101906,192,199,391
3101907,422,420,842
3101908,130,146,276
3101909,214,199,413
3101910,159,178,337
3101911,405,493,898
3101912,0,0,0
3102001,201,209,410
3102002,276,322,598
3102003,197,208,405
3102004,278,272,550
3102005,282,297,579
3102006,299,341,640
3102007,151,151,302
3102008,202,270,472
3102009,180,207,387
3102010,235,282,517
3102011,176,186,362
3102012,148,167,315
3102013,133,143,276
3102014,251,235,486
3102015,213,198,411
3102016,170,163,333
3102017,306,299,605
3102018,153,156,309
3102019,257,241,498
3102020,234,241,475
3102021,179,201,380
3102022,221,198,419
3102023,160,154,314
3102024,212,223,435
3102025,164,198,362
3102026,137,135,272
3102027,258,240,498
3102028,246,259,505
3102029,0,0,0
3102030,211,206,417
3102101,192,203,395
3102102,198,222,420
3102103,265,241,506
3102104,235,220,455
3102105,149,170,319
3102106,268,266,534
3102107,212,228,440
3102108,206,180,386
3102109,167,219,386
3102110,151,162,313
3102111,221,262,483
3102112,11,3,14
3102113,182,204,386
3102114,245,247,492
3102115,231,228,459
3102116,259,234,493
3102117,116,124,240
3102118,177,181,358
3102119,187,206,393
3102120,169,198,367
3102121,206,232,438
3102122,147,193,340
3102123,325,383,708
3102124,262,268,530
3102125,170,175,345
3102126,170,202,372
3102127,154,152,306
3102128,153,187,340
3102129,294,236,530
3102130,282,306,588
3102131,136,143,279
3102132,204,183,387
3102133,188,208,396
3102134,128,124,252
3102135,109,120,229
3102136,85,95,180
3102137,141,139,280
3102201,4,0,4
3102202,0,0,0
3102203,490,489,979
3102204,216,238,454
3102205,177,195,372
3102206,137,164,301
3102207,158,164,322
3102208,154,162,316
3102209,135,134,269
3102210,179,187,366
3102211,220,216,436
3102212,140,146,286
3102213,158,152,310
3102214,154,161,315
3102215,266,268,534
3102216,330,361,691
3102217,128,166,294
3102218,338,347,685
3102219,7,4,11
3102301,267,262,529
3102302,172,182,354
3102303,163,165,328
3102304,266,287,553
3102305,161,187,348
3102306,140,142,282
3102307,201,181,382
3102308,248,254,502
3102309,228,222,450
3102310,159,174,333
3102311,218,222,440
3102312,210,221,431
3102313,236,231,467
3102314,122,146,268
3102315,288,283,571
3102316,162,166,328
3102317,72,165,237
3102318,183,185,368
3102319,222,243,465
3102401,262,297,559
3102402,278,326,604
3102403,168,198,366
3102404,207,266,473
3102405,573,593,1166
3102406,179,169,348
3102407,168,185,353
3102408,325,336,661
3102409,203,230,433
3102410,92,248,340
3102411,262,261,523
3102412,174,261,435
3102413,154,171,325
3102414,249,211,460
3102415,168,186,354
3102416,0,0,0
3102417,180,191,371
3102501,217,201,418
3102502,289,300,589
3102503,343,379,722
3102504,152,130,282
3102505,229,212,441
3102506,134,162,296
3102507,203,230,433
3102508,235,248,483
3102509,259,264,523
3102510,284,299,583
3102511,179,209,388
3102512,237,254,491
3102513,160,179,339
3102514,192,196,388
3102515,205,187,392
3102516,140,139,279
3102517,148,157,305
3102518,186,214,400
3102519,264,302,566
3102601,92,104,196
3102602,246,257,503
3102603,138,139,277
3102604,164,201,365
3102605,222,205,427
3102606,148,172,320
3102607,361,374,735
3102608,202,218,420
3102609,167,150,317
3102610,187,197,384
3102611,183,190,373
3102612,190,199,389
3102613,223,235,458
3102614,206,220,426
3102615,177,167,344
3102616,238,259,497
3102617,143,155,298
3102618,188,190,378
3102701,235,245,480
3102702,196,213,409
3102703,235,359,594
3102704,117,141,258
3102705,242,262,504
3102706,179,236,415
3102707,187,252,439
3102708,178,164,342
3102709,242,247,489
3102710,184,163,347
3102711,196,198,394
3102712,125,120,245
3102713,164,182,346
3102714,223,234,457
3102715,141,159,300
3102716,162,171,333
3102717,241,252,493
3102718,270,296,566
3102719,283,323,606
3102720,0,0,0
3102721,173,146,319
3102722,154,175,329
3102723,172,162,334
3102724,204,239,443
3102725,123,138,261
3102726,204,195,399
3102727,142,136,278
3102728,135,153,288
3102729,186,209,395
3102730,180,193,373
3102731,229,255,484
3102732,113,119,232
3102733,132,157,289
3102801,346,365,711
3102802,169,418,587
3102803,262,281,543
3102804,107,117,224
3102805,358,322,680
3102806,160,182,342
3102807,159,172,331
3102808,162,175,337
3102809,214,272,486
3102810,166,182,348
3102811,194,213,407
3102812,11,3,14
3102813,259,259,518
3102814,245,283,528
3102815,184,178,362
3102816,230,246,476
3102817,232,283,515
3102818,226,224,450
3102819,148,168,316
3102901,108,129,237
3102902,242,252,494
3102903,163,177,340
3102904,200,203,403
3102905,217,236,453
3102906,107,117,224
3102907,222,232,454
3102908,220,232,452
3102909,246,256,502
3102910,178,186,364
3102911,194,185,379
3102912,260,268,528
3102913,161,179,340
3102914,20,0,20
3102915,163,193,356
3102916,0,0,0
3102917,274,304,578
3103001,263,267,530
3103002,272,274,546
3103003,104,110,214
3103004,218,216,434
3103005,206,218,424
3103006,189,237,426
3103007,9,5,14
3103008,191,212,403
3103009,273,303,576
3103010,188,202,390
3103011,176,165,341
3103101,254,287,541
3103102,257,283,540
3103103,173,186,359
3103104,0,0,0
3103105,207,241,448
3103106,152,160,312
3103107,175,157,332
3103108,272,312,584
3103109,166,161,327
3103110,299,319,618
3103111,308,295,603
3103112,270,280,550
3103113,105,119,224
3103114,194,206,400
3103115,266,282,548
3103116,272,279,551
3103117,165,167,332
3103118,191,197,388
3103119,144,174,318
3103120,178,236,414
3103121,166,156,322
3103122,226,229,455
3103123,168,175,343
3103124,143,140,283
3103125,163,156,319
3103126,192,186,378
3103127,258,263,521
3103128,162,160,322
3103129,175,168,343
3103130,164,163,327
3103131,185,186,371
3103132,121,128,249
3103201,200,240,440
3103202,135,175,310
3103203,232,256,488
3103204,176,204,380
3103205,192,198,390
3103206,114,117,231
3103207,0,0,0
3103208,121,147,268
3103209,142,160,302
3103210,194,195,389
3103211,124,155,279
3103212,263,253,516
3103213,141,130,271
3103214,234,245,479
3103215,203,209,412
3103216,145,156,301
3103217,114,144,258
3103218,176,153,329
3103301,211,226,437
3103302,213,212,425
3103303,204,204,408
3103304,263,319,582
3103305,157,174,331
3103306,168,175,343
3103307,171,175,346
3103308,174,205,379
3103309,252,275,527
3103310,299,290,589
3103311,186,231,417
3103312,268,285,553
3103313,155,185,340
3103314,159,168,327
3103315,241,243,484
3103316,141,146,287
3103401,135,147,282
3103402,185,205,390
3103403,232,262,494
3103404,164,182,346
3103405,217,216,433
3103406,300,311,611
3103407,135,152,287
3103408,142,162,304
3103409,168,228,396
3103410,219,200,419
3103411,274,322,596
3103412,138,138,276
3103413,286,288,574
3103414,171,171,342
3103415,273,295,568
3103416,204,218,422
3103417,150,164,314
3103418,163,173,336
3103419,167,175,342
3103420,140,155,295
3103421,180,168,348
3103422,214,222,436
3103423,297,327,624
3103501,175,167,342
3103502,211,215,426
3103503,233,220,453
3103504,215,199,414
3103505,259,245,504
3103506,313,322,635
3103507,206,202,408
3103508,194,204,398
3103509,218,217,435
3103510,68,106,174
3103511,215,224,439
3103512,315,20,335
3103513,246,233,479
3103514,174,185,359
3103515,162,152,314
3103516,171,123,294
3103517,203,203,406
3103518,228,294,522
3103519,314,317,631
3103520,286,283,569
3103521,0,0,0
3103522,110,113,223
3103601,53,37,90
3103701,146,113,259
3103702,0,0,0
3103801,132,123,255
3103802,260,270,530
3103803,270,272,542
3103804,213,227,440
3103805,230,259,489
3103806,188,243,431
3103807,204,184,388
3103808,316,321,637
3103809,177,151,328
3103810,176,150,326
3103811,142,113,255
3103812,224,206,430
3103813,21,11,32
3103814,262,266,528
3103815,116,140,256
3103816,267,225,492
3103901,0,0,0
3103902,0,0,0
3103903,121,114,235
3103904,165,160,325
3103905,188,199,387
3103906,214,211,425
3103907,358,391,749
3103908,202,212,414
3103909,25,6,31
3103910,0,0,0
3103911,147,121,268
3103912,126,106,232
3103913,134,127,261
3103914,344,516,860
3103915,187,178,365
3103916,275,272,547
3103917,263,228,491
3103918,242,242,484
3103919,243,234,477
3103920,255,260,515
3103921,287,293,580
3103922,299,308,607
3103923,228,247,475
3104001,201,193,394
3104002,139,129,268
3104003,283,281,564
3104004,294,320,614
3104005,343,351,694
3104006,328,315,643
3104007,200,190,390
3104008,237,251,488
3104009,235,235,470
3104010,237,211,448
3104011,216,244,460
3104012,154,177,331
3104013,169,182,351
3104014,231,233,464
3104015,364,344,708
3104016,0,0,0
3104017,241,219,460
3104018,107,124,231
3104019,253,232,485
3104020,231,261,492
3104021,165,192,357
3104022,169,168,337
3104023,341,403,744
3104101,192,195,387
3104102,270,292,562
3104103,217,197,414
3104104,152,175,327
3104105,147,179,326
3104106,149,145,294
3104107,153,136,289
3104108,249,275,524
3104109,210,201,411
3104110,167,171,338
3104111,256,274,530
3104112,267,256,523
3104113,193,178,371
3104114,161,147,308
3104115,207,204,411
3104116,516,564,1080
3104117,292,296,588
3104118,217,205,422
3104119,214,222,436
3104120,127,125,252
3104121,360,368,728
3104122,138,157,295
3104123,214,222,436
3104124,111,110,221
3104125,204,239,443
3104126,431,467,898
3104127,198,244,442
3104128,240,293,533
3104129,166,192,358
3104130,263,283,546
3104131,291,312,603
3104132,148,139,287
3104133,281,292,573
3104134,167,174,341
3104135,435,450,885
3104136,195,221,416
3104201,206,182,388
3104202,191,203,394
3104203,352,354,706
3104204,147,174,321
3104205,179,203,382
3104206,133,139,272
3104207,167,184,351
3104208,188,232,420
3104209,176,187,363
3104210,161,184,345
3104211,255,287,542
3104212,217,215,432
3104213,229,230,459
3104214,238,219,457
3104215,206,204,410
3104216,208,236,444
3104217,283,279,562
3104218,157,138,295
3104219,179,196,375
3104220,266,267,533
3104221,155,172,327
3104222,0,0,0
3104223,123,111,234
3104301,103,105,208
3104302,246,320,566
3104303,287,264,551
3104304,185,211,396
3104305,185,207,392
3104306,324,336,660
3104307,117,109,226
3104308,209,219,428
3104309,11,22,33
3104401,139,135,274
3104402,130,153,283
3104403,174,165,339
3104404,185,181,366
3104405,124,138,262
3104406,156,170,326
3104407,299,322,621
3104408,228,194,422
3104409,189,182,371
3104410,252,238,490
3104411,205,211,416
3104412,224,215,439
3104413,63,43,106
3104414,177,258,435
3104415,155,182,337
3104416,111,116,227
3104417,145,125,270
3104418,0,0,0
3104419,265,275,540
3104501,161,174,335
3104502,288,354,642
3104503,296,323,619
3104504,231,296,527
3104505,253,293,546
3104506,235,255,490
3104507,287,301,588
3104508,266,289,555
3104509,227,243,470
3104510,189,185,374
3104511,298,303,601
3104512,145,173,318
3104513,184,316,500
3104514,200,199,399
3104515,243,279,522
3104516,186,224,410
3104517,231,285,516
3104518,199,302,501
3104601,116,186,302
3104602,150,138,288
3104603,179,188,367
3104604,132,147,279
3104605,255,250,505
3104606,214,174,388
3104607,170,210,380
3104608,250,212,462
3104609,227,265,492
3104610,184,243,427
3104611,247,235,482
3104612,130,148,278
3104613,191,185,376
3104614,159,185,344
3104615,160,135,295
3104616,215,249,464
3104617,147,165,312
3104618,223,221,444
3104619,232,226,458
3104620,184,202,386
3104621,3,3,6
3104622,174,194,368
3104701,242,262,504
3104702,252,239,491
3104703,194,185,379
3104704,156,205,361
3104705,236,251,487
3104706,0,0,0
3104707,163,165,328
3104708,159,181,340
3104709,323,311,634
3104710,180,202,382
3104711,224,228,452
3104712,250,237,487
3104713,278,265,543
3104714,256,257,513
3104715,198,228,426
3104716,137,143,280
3104717,209,211,420
3104718,112,105,217
3104719,286,290,576
3104720,255,296,551
3104721,199,225,424
3104722,217,224,441
3104723,229,265,494
3104724,269,274,543
3104725,130,138,268
3104801,0,0,0
3104802,127,113,240
3104803,216,226,442
3104804,170,190,360
3104805,152,147,299
3104806,151,138,289
3104807,252,259,511
3104808,188,170,358
3104809,254,270,524
3104810,204,210,414
3104811,213,229,442
3104812,214,216,430
3104813,108,60,168
3104814,13,19,32
3104901,237,258,495
3104902,4,4,8
3104903,226,220,446
3104904,205,198,403
3104905,162,167,329
3104906,201,220,421
3104907,232,213,445
3104908,152,187,339
3104909,173,163,336
3104910,308,321,629
3104911,147,148,295
3104912,154,164,318
3104913,244,235,479
3104914,244,328,572
3104915,149,166,315
3104916,182,177,359
3104917,200,212,412
3104918,254,299,553
3104919,189,255,444
3104920,209,281,490
3104921,158,157,315
3104922,273,345,618
3104923,253,314,567
3104924,320,390,710
3105001,215,255,470
3105002,206,208,414
3105003,218,273,491
3105004,195,223,418
3105005,151,175,326
3105006,162,175,337
3105007,192,204,396
3105008,216,255,471
3105009,185,181,366
3105010,233,255,488
3105011,165,165,330
3105012,209,242,451
3105013,73,74,147
3105014,242,242,484
3105015,233,285,518
3105016,0,0,0
3105101,156,171,327
3105102,249,267,516
3105103,245,266,511
3105104,202,205,407
3105105,168,178,346
3105106,265,310,575
3105107,170,171,341
3105108,148,152,300
3105109,103,96,199
3105110,297,285,582
3105111,118,147,265
3105112,164,142,306
3105113,276,311,587
3105114,139,137,276
3105115,116,101,217
3105116,119,131,250
3105117,164,190,354
3105118,188,293,481
3105119,221,253,474
3105120,183,189,372
3105121,279,323,602
3105122,161,159,320
3105123,98,110,208
3105124,168,183,351
3105125,275,293,568
3105126,190,241,431
3105127,239,241,480
3105128,248,280,528
3105129,3,4,7
3105130,128,130,258
3105131,157,169,326
3105132,229,306,535
3105133,0,0,0
3105134,149,150,299
3105135,223,195,418
3105136,119,138,257
3105137,247,248,495
3105138,240,228,468
3105139,235,232,467
3105140,184,166,350
3105141,270,244,514
3105201,220,250,470
3105202,251,251,502
3105203,173,148,321
3105204,254,260,514
3105205,268,282,550
3105206,211,227,438
3105207,147,163,310
3105208,188,182,370
3105209,200,223,423
3105210,141,169,310
3105211,181,197,378
3105212,197,185,382
3105213,231,216,447
3105214,136,148,284
3105215,118,119,237
3105216,176,158,334
3105217,208,201,409
3105218,166,177,343
3105219,346,361,707
3105220,394,360,754
3105221,358,331,689
3105222,192,179,371
3105223,158,168,326
3105224,213,214,427
3105225,193,182,375
3105301,191,205,396
3105302,229,287,516
3105303,252,225,477
3105304,0,0,0
3105305,180,152,332
3105306,319,315,634
3105307,203,203,406
3105308,299,306,605
3105309,192,167,359
3105310,192,213,405
3105311,145,169,314
3105312,234,232,466
3105313,157,153,310
3105314,163,189,352
3105315,166,180,346
3105316,271,310,581
3105317,140,143,283
3105318,157,172,329
3105319,187,190,377
3105320,226,225,451
3105321,187,197,384
3105322,146,166,312
3105323,178,189,367
3105324,181,207,388
3105325,168,166,334
3105326,295,319,614
3105327,141,168,309
3105328,183,210,393
3105329,233,235,468
3105330,193,209,402
3105331,205,213,418
3105332,213,210,423
3105333,213,196,409
3105334,208,207,415
3105335,158,141,299
3105336,330,342,672
3105337,208,178,386
3105401,85,83,168
3105402,153,165,318
3105403,249,246,495
3105404,276,299,575
3105405,149,152,301
3105406,242,231,473
3105407,200,190,390
3105408,225,214,439
3105409,185,146,331
3105410,270,267,537
3105501,174,197,371
3105502,189,204,393
3105503,131,135,266
3105504,209,194,403
3105505,297,250,547
3105506,206,225,431
3105507,151,172,323
3105508,247,260,507
3105509,132,138,270
3105510,129,195,324
3105511,165,160,325
3105512,182,195,377
3105513,110,113,223
3105514,100,112,212
3105515,155,166,321
3105516,137,131,268
3105517,240,251,491
3105518,276,285,561
3105519,203,201,404
3105520,117,96,213
3105521,160,153,313
3105522,281,283,564
3105523,215,223,438
3105601,229,244,473
3105602,112,112,224
3105603,205,236,441
3105604,113,122,235
3105605,126,136,262
3105606,101,110,211
3105607,195,212,407
3105608,246,264,510
3105609,147,149,296
3105610,184,183,367
3105611,122,136,258
3105612,209,201,410
3105613,227,260,487
3105614,262,279,541
3105615,189,215,404
3105616,177,208,385
3105617,204,204,408
3105618,180,249,429
3105619,175,140,315
3105620,157,171,328
3105621,202,236,438
3105701,188,171,359
3105702,128,141,269
3105703,127,123,250
3105704,210,239,449
3105705,284,333,617
3105706,252,241,493
3105707,149,131,280
3105708,112,122,234
3105709,217,239,456
3105710,171,187,358
3105711,135,132,267
3105712,222,207,429
3105713,186,162,348
3105714,299,277,576
3105715,113,113,226
3105716,180,177,357
3105801,84,104,188
3105802,39,22,61
3105803,12,3,15
3105804,191,146,337
3105805,206,163,369
3105806,244,255,499
3105807,245,223,468
3105808,231,203,434
3105809,216,191,407
3105810,268,225,493
3105811,124,120,244
3105812,216,196,412
3105813,476,387,863
3105901,149,138,287
3105902,148,153,301
3105903,0,0,0
3105904,159,151,310
3105905,275,266,541
3105906,199,193,392
3105907,115,116,231
3105908,205,191,396
3105909,175,167,342
3105910,0,0,0
3105911,170,186,356
3105912,110,118,228
3105913,198,219,417
3105914,220,223,443
3105915,119,156,275
3105916,176,199,375
3105917,175,171,346
3105918,210,242,452
3105919,218,231,449
3105920,152,140,292
3105921,127,130,257
3105922,259,262,521
3105923,144,174,318
3105924,421,438,859
3106001,174,165,339
3106002,280,259,539
3106003,185,181,366
3106004,281,263,544
3106005,171,178,349
3106006,331,372,703
3106007,360,371,731
3106008,165,164,329
3106009,240,246,486
3106010,187,189,376
3106011,233,249,482
3106012,303,344,647
3106013,200,201,401
3106014,251,267,518
3106015,131,160,291
3106016,137,138,275
3106017,219,242,461
3106018,322,312,634
3106019,391,415,806
3106020,175,181,356
3106021,238,313,551
3106022,151,134,285
3106023,243,239,482
3106024,179,178,357
3106025,125,125,250
3106026,269,285,554
3106027,120,116,236
3106028,247,268,515
3106029,175,185,360
3106030,245,113,358
3106031,238,258,496
3106032,0,0,0
3106101,339,320,659
3106102,248,235,483
3106103,137,131,268
3106104,258,279,537
3106105,259,291,550
3106106,180,181,361
3106107,226,231,457
3106108,189,214,403
3106109,237,278,515
3106110,100,124,224
3106111,256,273,529
3106112,281,322,603
3106201,6,16,22
3106202,139,189,328
3106203,214,259,473
3106204,189,169,358
3106205,197,192,389
3106206,212,240,452
3106207,334,322,656
3106208,222,244,466
3106209,132,132,264
3106210,217,200,417
3106211,215,223,438
3106212,174,175,349
3106213,196,187,383
3106214,125,152,277
3106215,178,214,392
3106216,164,194,358
3106217,192,256,448
3106218,223,267,490
3106219,338,325,663
3106220,329,346,675
3106221,0,0,0
3106222,96,104,200
3106301,156,167,323
3106302,285,298,583
3106303,164,143,307
3106304,154,176,330
3106305,270,281,551
3106306,267,278,545
3106307,241,240,481
3106308,339,267,606
3106309,0,0,0
3106310,249,353,602
3106311,190,225,415
3106312,170,214,384
3106313,187,199,386
3106314,265,286,551
3106315,210,222,432
3106316,204,225,429
3106317,171,186,357
3106318,223,257,480
3106319,214,207,421
3106320,171,220,391
3106321,292,267,559
3106322,261,275,536
3106323,279,267,546
3106324,159,147,306
3106325,212,213,425
3106326,217,199,416
3106327,337,317,654
3106328,160,151,311
3106329,259,237,496
3106330,334,355,689
3106331,127,128,255
3106332,169,188,357
3106401,235,238,473
3106402,208,220,428
3106403,115,120,235
3106404,167,158,325
3106405,329,332,661
3106406,168,193,361
3106407,247,244,491
3106408,126,126,252
3106409,108,130,238
3106410,123,134,257
3106411,190,156,346
3106501,147,151,298
3106502,227,227,454
3106503,255,238,493
3106504,267,313,580
3106505,201,185,386
3106506,166,167,333
3106507,215,202,417
3106508,266,277,543
3106509,230,208,438
3106510,247,323,570
3106511,4,0,4
3106512,145,288,433
3106513,259,223,482
3106514,240,219,459
3106515,273,261,534
3106516,249,265,514
3106517,327,331,658
3106518,204,199,403
3106519,164,211,375
3106520,239,237,476
3106601,297,301,598
3106602,177,195,372
3106603,136,165,301
3106604,167,189,356
3106605,225,191,416
3106606,119,140,259
3106607,263,255,518
3106608,266,295,561
3106609,142,186,328
3106610,200,216,416
3106611,295,271,566
3106612,242,246,488
3106613,175,300,475
3106614,223,241,464
3106615,215,252,467
3106616,267,297,564
3106617,298,338,636
3106618,224,224,448
3106619,174,166,340
3106620,109,128,237
3106621,192,201,393
3106622,123,138,261
3106623,84,125,209
3106624,175,190,365
3106625,204,224,428
3106701,162,177,339
3106702,162,132,294
3106703,243,235,478
3106704,257,198,455
3106705,164,149,313
3106706,165,199,364
3106707,163,133,296
3106708,188,178,366
3106709,192,219,411
3106710,202,220,422
3106711,5,4,9
3106712,128,107,235
3106713,171,162,333
3106714,117,122,239
3106801,250,256,506
3106802,222,224,446
3106803,317,319,636
3106804,235,239,474
3106805,257,242,499
3106806,11,5,16
3106807,301,278,579
3106808,293,322,615
3106809,201,194,395
3106810,203,217,420
3106811,302,276,578
3106812,313,272,585
3106813,157,165,322
3106814,268,297,565
3106815,124,140,264
3106816,223,223,446
3106817,160,181,341
3106818,259,249,508
3106819,265,289,554
3106820,92,106,198
3106821,265,272,537
3106822,256,236,492
3106901,271,277,548
3106902,122,118,240
3106903,272,230,502
3106904,189,154,343
3106905,155,216,371
3106906,200,202,402
3106907,134,185,319
3106908,104,110,214
3106909,199,221,420
3106910,154,162,316
3106911,180,175,355
3106912,193,225,418
3106913,227,194,421
3107001,157,175,332
3107002,170,146,316
3107003,134,122,256
3107004,134,121,255
3107005,179,179,358
3107006,0,0,0
3107007,266,248,514
3107008,277,250,527
3107009,288,271,559
3107010,245,227,472
3107011,157,197,354
3107012,283,229,512
3107013,219,244,463
3107014,180,141,321
3107015,98,101,199
3107016,246,262,508
3107017,194,217,411
3107018,212,216,428
3107019,198,173,371
3107101,191,216,407
3107102,218,231,449
3107103,258,270,528
3107104,96,111,207
3107105,265,271,536
3107106,137,156,293
3107107,325,312,637
3107108,130,132,262
3107109,321,315,636
3107110,205,197,402
3107111,283,296,579
3107112,126,137,263
3107113,265,312,577
3107114,216,207,423
3107115,211,224,435
3107116,176,199,375
3107117,332,341,673
3107118,156,195,351
3107119,237,279,516
3107120,191,196,387
3107121,230,228,458
3107122,281,291,572
3107201,251,265,516
3107202,242,235,477
3107203,362,430,792
3107204,500,415,915
3107205,258,288,546
3107206,118,140,258
3107207,189,209,398
3107208,158,161,319
3107209,188,216,404
3107210,225,241,466
3107211,214,236,450
3107212,226,235,461
3107213,278,305,583
3107214,317,349,666
3107215,272,276,548
3107216,218,239,457
3107301,19,16,35
3107302,190,204,394
3107303,171,201,372
3107304,130,137,267
3107305,224,230,454
3107306,545,608,1153
3107307,256,269,525
3107308,129,137,266
3107309,165,170,335
3107310,234,199,433
3107311,259,268,527
3107312,150,168,318
3107313,188,212,400
3107314,0,0,0
3107315,276,269,545
3107316,238,243,481
3107317,89,110,199
3107318,185,192,377
3107319,195,227,422
3107320,220,214,434
3107321,224,262,486
3107322,268,263,531
3107323,247,258,505
3107324,265,294,559
3107325,329,404,733
3107326,192,207,399
3107327,215,222,437
3107328,257,251,508
3107329,288,293,581
3107330,356,346,702
3107331,390,383,773
3107332,220,256,476
3107333,300,317,617
3107334,446,429,875
3107335,367,418,785
3107336,516,516,1032
3107337,288,252,540
3107401,0,0,0
3107402,243,232,475
3107403,322,370,692
3107404,106,98,204
3107405,104,89,193
3107406,905,916,1821
3107407,208,204,412
3107408,3,0,3
3107501,256,266,522
3107502,371,340,711
3107503,304,298,602
3107504,201,200,401
3107505,331,311,642
3107506,369,366,735
3107507,320,335,655
3107508,195,239,434
3107509,205,195,400
3107510,284,273,557
3107511,283,275,558
3107512,128,131,259
3107513,174,184,358
3107514,0,0,0
3107515,304,276,580
3107516,185,206,391
3107517,190,193,383
3107518,163,176,339
3107519,253,221,474
3107520,150,170,320
3107521,136,131,267
3107522,382,423,805
3107523,249,272,521
3107524,274,271,545
3107525,251,273,524
3107526,237,256,493
3107527,200,217,417
3107528,150,202,352
3107529,192,210,402
3107530,152,151,303
3107531,174,154,328
3107532,71,70,141
3107601,147,112,259
3107602,6,0,6
3107603,103,93,196
3107604,151,160,311
3107605,3,0,3
3107606,114,139,253
3107607,270,268,538
3107608,261,265,526
3107609,127,150,277
3107610,206,196,402
3107611,170,174,344
3107612,124,142,266
3107613,185,154,339
3107614,207,199,406
3107615,144,147,291
3107616,134,117,251
3107617,186,193,379
3107618,296,285,581
3107619,157,171,328
3107620,166,162,328
3107621,103,102,205
3107622,165,159,324
3107623,177,181,358
3107624,129,106,235
3107625,3,0,3
3107626,179,133,312
3107627,113,115,228
3107628,183,140,323
3107629,225,196,421
3107630,4,0,4
3107631,6,7,13
3107632,11,0,11
3107701,296,302,598
3107702,262,272,534
3107703,225,250,475
3107704,254,259,513
3107705,298,315,613
3107706,155,143,298
3107707,369,420,789
3107708,319,306,625
3107709,144,145,289
3107710,349,364,713
3107711,97,96,193
3107712,147,165,312
3107713,106,105,211
3107714,169,191,360
3107715,114,117,231
3107716,239,291,530
3107717,235,250,485
3107801,160,146,306
3107802,252,273,525
3107803,268,268,536
3107804,274,293,567
3107805,157,172,329
3107806,274,269,543
3107807,135,143,278
3107808,220,214,434
3107809,113,127,240
3107810,308,338,646
3107811,176,186,362
3107812,275,234,509
3107813,154,160,314
3107814,340,304,644
3107815,231,228,459
3107816,189,197,386
3107817,218,209,427
3107818,145,131,276
3107819,158,170,328
3107820,179,160,339
3107821,183,201,384
3107822,238,230,468
3107823,180,183,363
3107824,241,219,460
3107825,187,195,382
3107826,238,225,463
3107827,222,261,483
3107828,206,215,421
3107829,223,217,440
3107830,124,133,257
3107831,144,151,295
3107832,254,243,497
3107901,194,182,376
3107902,198,217,415
3107903,284,301,585
3107904,153,155,308
3107905,264,258,522
3107906,105,103,208
3107907,166,167,333
3107908,195,194,389
3107909,258,236,494
3107910,205,236,441
3107911,184,220,404
3107912,191,170,361
3107913,200,216,416
3107914,136,138,274
3107915,329,288,617
3107916,165,199,364
3107917,111,110,221
3107918,285,294,579
3107919,209,233,442
3107920,186,173,359
3108001,133,156,289
3108002,88,80,168
3108003,128,134,262
3108004,256,251,507
3108005,262,250,512
3108006,285,270,555
3108007,301,301,602
3108008,232,273,505
3108009,225,265,490
3108010,276,269,545
3108011,302,275,577
3108012,132,123,255
3108013,318,317,635
3108014,206,214,420
3108015,179,226,405
3108016,244,238,482
3108017,288,236,524
3108018,242,237,479
3108019,197,214,411
3108020,150,153,303
3108021,115,130,245
3108022,243,259,502
3108023,247,323,570
3108024,233,190,423
3108025,264,263,527
3108026,151,179,330
3108027,209,206,415
3108028,253,224,477
3108029,268,244,512
3108030,189,202,391
3108031,285,251,536
3108032,98,144,242
3108033,184,196,380
3108034,124,141,265
3108035,198,232,430
3108036,231,210,441
3108037,117,129,246
3108038,211,224,435
3108039,286,267,553
3108101,215,216,431
3108102,190,197,387
3108103,142,177,319
3108104,276,263,539
3108105,244,330,574
3108106,223,250,473
3108107,185,211,396
3108108,187,207,394
3108109,192,183,375
3108110,0,0,0
3108111,0,0,0
3108112,229,270,499
3108113,181,203,384
3108114,124,126,250
3108115,263,231,494
3108116,123,119,242
3108117,188,190,378
3108118,171,169,340
3108119,204,191,395
3108120,191,211,402
3108201,107,104,211
3108202,121,126,247
3108203,119,128,247
3108204,198,200,398
3108205,99,123,222
3108206,126,142,268
3108207,270,263,533
3108208,171,186,357
3108209,176,214,390
3108210,243,223,466
3108211,235,248,483
3108212,198,205,403
3108213,285,275,560
3108214,161,178,339
3108215,129,143,272
3108216,161,158,319
3108217,184,161,345
3108218,125,116,241
3108219,225,202,427
3108220,181,173,354
3108301,0,0,0
3108302,277,291,568
3108303,158,165,323
3108304,211,251,462
3108305,158,149,307
3108306,144,159,303
3108307,109,115,224
3108308,161,161,322
3108309,202,189,391
3108310,198,175,373
3108311,266,276,542
3108401,303,297,600
3108402,145,146,291
3108403,251,244,495
3108404,325,337,662
3108405,0,0,0
3108406,0,0,0
3108407,134,127,261
3108408,259,273,532
3108409,167,374,541
3108410,124,128,252
3108411,256,278,534
3108412,242,263,505
3108413,278,285,563
3108414,138,154,292
3108415,133,132,265
3108416,163,189,352
3108417,235,234,469
3108418,190,235,425
3108419,91,86,177
3108420,3,3,6
3108421,204,217,421
3108422,227,253,480
3108423,195,228,423
3108424,225,242,467
3108425,222,269,491
3108501,254,236,490
3108502,142,153,295
3108503,190,174,364
3108504,182,198,380
3108505,189,184,373
3108506,216,197,413
3108507,269,248,517
3108508,150,154,304
3108509,239,234,473
3108510,173,159,332
3108511,202,234,436
3108601,213,221,434
3108602,385,412,797
3108603,150,133,283
3108604,201,215,416
3108605,277,277,554
3108606,289,319,608
3108607,332,375,707
3108608,340,359,699
3108609,224,204,428
3108610,120,147,267
3108611,154,141,295
3108612,234,235,469
3108613,256,239,495
3108614,274,291,565
3108615,201,223,424
3108616,461,435,896
3108617,322,362,684
3108701,20,24,44
3108702,183,191,374
3108703,175,202,377
3108704,170,191,361
3108705,314,303,617
3108706,119,224,343
3108707,129,112,241
3108708,163,165,328
3108709,106,105,211
3108710,188,200,388
3108711,250,205,455
3108712,79,119,198
3108713,175,185,360
3108714,155,153,308
3108715,151,160,311
3108716,305,284,589
3108717,196,202,398
3108718,136,135,271
3108719,130,226,356
3108720,212,198,410
3108801,207,195,402
3108802,112,132,244
3108803,176,190,366
3108804,203,219,422
3108805,252,275,527
3108806,200,203,403
3108807,141,126,267
3108808,209,226,435
3108809,251,292,543
3108810,225,242,467
3108811,264,284,548
3108812,305,309,614
3108813,166,187,353
3108814,238,272,510
3108815,301,312,613
3108816,125,126,251
3108817,271,266,537
3108818,138,133,271
3108819,240,255,495
3108820,248,269,517
3108821,140,137,277
3108822,151,170,321
3108823,256,269,525
3108824,133,120,253
3108901,266,263,529
3108902,408,427,835
3108903,140,134,274
3108904,288,317,605
3108905,180,166,346
3108906,240,230,470
3108907,180,201,381
3108908,104,107,211
3109001,250,288,538
3109002,209,207,416
3109003,105,95,200
3109004,125,129,254
3109005,282,325,607
3109006,179,192,371
3109007,254,289,543
3109008,185,183,368
3109009,205,227,432
3109010,306,315,621
3109011,296,312,608
3109012,207,205,412
3109013,115,116,231
3109014,133,143,276
3109015,113,104,217
3109016,204,223,427
3109017,296,321,617
3109018,350,354,704
3109019,310,330,640
3109101,127,176,303
3109102,88,90,178
3109103,204,202,406
3109104,174,182,356
3109105,298,284,582
3109106,345,334,679
3109107,252,248,500
3109108,298,299,597
3109109,182,199,381
3109110,251,240,491
3109111,280,280,560
3109112,154,172,326
3109201,105,112,217
3109202,240,269,509
3109203,134,139,273
3109204,142,146,288
3109205,233,227,460
3109206,146,150,296
3109207,166,160,326
3109208,243,274,517
3109209,277,328,605
3109210,163,179,342
3109211,284,297,581
3109212,89,87,176
3109213,221,243,464
3109214,259,278,537
3109215,211,186,397
3109216,290,292,582
3109301,252,270,522
3109302,143,161,304
3109303,247,225,472
3109304,0,0,0
3109305,192,248,440
3109306,227,252,479
3109307,187,213,400
3109308,189,273,462
3109309,231,240,471
3109310,129,132,261
3109311,222,213,435
3109312,225,230,455
3109401,245,313,558
3109402,222,200,422
3109403,147,122,269
3109404,286,312,598
3109405,0,0,0
3109406,143,145,288
3109407,220,223,443
3109408,249,219,468
3109409,177,215,392
3109410,151,156,307
3109411,241,250,491
3109412,214,208,422
3109413,199,185,384
3109414,165,153,318
3109415,270,377,647
3109416,148,143,291
3109417,283,281,564
3109418,143,149,292
3109419,149,129,278
3109420,206,218,424
3109421,156,149,305
3109422,79,67,146
3109423,147,175,322
3109424,150,157,307
3109425,327,332,659
3109426,116,115,231
3109427,173,164,337
3109428,208,254,462
3109429,168,174,342
3109430,149,153,302
3109431,207,196,403
3109501,273,277,550
3109502,153,194,347
3109503,234,251,485
3109504,212,244,456
3109505,144,124,268
3109506,138,148,286
3109507,174,193,367
3109508,112,122,234
3109509,213,275,488
3109510,208,223,431
3109511,147,172,319
3109512,210,230,440
3109513,120,124,244
3109514,159,177,336
3109601,285,302,587
3109602,175,207,382
3109603,258,259,517
3109604,169,160,329
3109605,243,227,470
3109606,266,236,502
3109607,153,166,319
3109608,229,264,493
3109609,274,247,521
3109610,251,228,479
3109611,179,190,369
3109612,175,176,351
3109613,172,182,354
3109614,207,200,407
3109615,971,1079,2050
3109616,232,209,441
3109617,113,126,239
3109618,265,256,521
3109619,136,173,309
3109620,198,180,378
3109621,201,200,401
3109622,148,175,323
3109623,221,224,445
3109701,208,184,392
3109702,112,112,224
3109703,154,142,296
3109704,294,338,632
3109705,142,129,271
3109706,242,220,462
3109707,149,134,283
3109708,179,212,391
3109709,252,257,509
3109710,227,246,473
3109711,147,151,298
3109712,210,213,423
3109713,146,153,299
3109714,198,193,391
3109715,138,134,272
3109716,189,145,334
3109717,234,220,454
3109718,163,161,324
3109719,148,168,316
3109720,277,254,531
3109721,145,206,351
3109801,148,171,319
3109802,198,213,411
3109803,294,315,609
3109804,681,96,777
3109805,204,250,454
3109806,374,383,757
3109807,107,120,227
3109808,264,252,516
3109809,243,249,492
3109810,140,142,282
3109811,161,156,317
3109812,282,297,579
3109813,115,109,224
3109814,264,271,535
3109815,208,196,404
3109816,234,273,507
3109817,129,151,280
3109901,14,10,24
3110001,211,222,433
3110002,252,240,492
3110003,310,301,611
3110004,194,211,405
3110005,133,154,287
3110006,122,113,235
3110007,3,3,6
3110008,93,247,340
3110009,193,184,377
3110010,229,246,475
3110011,240,300,540
3110012,234,215,449
3110013,192,225,417
3110014,142,148,290
3110015,190,207,397
3110016,158,177,335
3110017,118,233,351
3110018,102,141,243
3110019,151,169,320
3110101,218,223,441
3110102,195,231,426
3110103,178,199,377
3110104,170,182,352
3110105,160,148,308
3110106,186,191,377
3110107,247,258,505
3110108,28,33,61
3110109,213,217,430
3110110,186,191,377
3110111,144,160,304
3110112,218,230,448
3110113,125,128,253
3110114,205,198,403
3110115,246,262,508
3110116,202,228,430
3110117,218,259,477
3110118,103,144,247
3110119,181,222,403
3110120,233,290,523
3110201,0,0,0
3110301,101,120,221
3110302,183,198,381
3110303,339,309,648
3110304,203,222,425
3110305,196,195,391
3110306,271,262,533
3110307,164,168,332
3110308,235,251,486
3110309,255,270,525
3110310,145,146,291
3110311,261,257,518
3110312,147,147,294
3110313,227,261,488
3110314,226,263,489
3110315,156,137,293
3110316,143,153,296
3110317,181,163,344
3110318,174,195,369
3110319,164,189,353
3110320,129,152,281
3110321,155,144,299
3110322,164,168,332
3110323,196,211,407
3110324,144,151,295
3110325,143,217,360
3110326,156,157,313
3110327,225,251,476
3110328,282,248,530
3110329,198,213,411
3110330,142,141,283
3110331,151,151,302
3110332,201,206,407
3110333,269,286,555
3110334,267,244,511
3110335,258,284,542
3110336,210,238,448
3110337,170,161,331
3110338,289,304,593
3110339,180,162,342
3110340,118,118,236
3110401,196,219,415
3110402,271,250,521
3110403,289,281,570
3110404,276,301,577
3110405,311,280,591
3110406,236,261,497
3110407,291,326,617
3110408,274,265,539
3110409,136,125,261
3110410,210,213,423
3110411,192,193,385
3110412,189,165,354
3110413,160,175,335
3110414,104,110,214
3110415,170,164,334
3110416,160,170,330
3110417,226,221,447
3110418,150,147,297
3110419,265,287,552
3110420,187,236,423
3110421,191,161,352
3110501,254,219,473
3110502,441,343,784
3110503,117,98,215
3110504,157,142,299
3110505,186,186,372
3110506,249,187,436
3110507,524,472,996
3110508,115,91,206
3110509,281,257,538
3110510,412,400,812
3110511,379,375,754
3110512,231,186,417
3110513,13,5,18
3110514,443,392,835
3110515,254,247,501
3110516,212,179,391
3110517,145,142,287
3110518,125,88,213
3110519,83,72,155
3110601,83,64,147
3110602,440,298,738
3110603,234,178,412
3110604,353,209,562
3110605,204,167,371
3110606,458,374,832
3110607,228,143,371
3110608,260,215,475
3110609,231,201,432
3110610,270,197,467
3110611,224,185,409
3110701,187,189,376
3110702,186,169,355
3110703,205,198,403
3110704,222,226,448
3110705,179,165,344
3110706,241,204,445
3110707,304,315,619
3110708,242,247,489
3110709,167,169,336
3110710,206,195,401
3110711,246,208,454
3110712,120,87,207
3110713,129,117,246
3110714,158,144,302
3110715,198,202,400
3110801,284,247,531
3110802,99,81,180
3110803,151,128,279
3110804,187,283,470
3110805,244,231,475
3110806,222,200,422
3110807,197,201,398
3110808,182,154,336
3110809,273,266,539
3110810,304,279,583
3110811,177,194,371
3110812,216,177,393
3110813,249,191,440
3110814,308,291,599
3110815,212,172,384
3110816,189,162,351
3110817,131,122,253
3110901,183,148,331
3110902,179,175,354
3110903,218,233,451
3110904,144,155,299
3110905,132,144,276
3110906,149,147,296
3110907,143,142,285
3110908,160,187,347
3110909,182,198,380
3110910,276,315,591
3110911,147,147,294
3110912,208,161,369
3110913,206,179,385
3110914,237,270,507
3110915,220,250,470
3110916,117,116,233
3110917,286,300,586
3110918,284,312,596
3110919,176,207,383
3110920,123,87,210
3110921,288,232,520
3110922,173,153,326
3110923,176,180,356
3110924,162,180,342
3110925,141,118,259
3110926,229,167,396
3110927,92,99,191
3110928,257,238,495
3110929,293,263,556
3110930,164,188,352
3110931,145,150,295
3111001,85,186,271
3111002,199,203,402
3111003,404,400,804
3111004,189,169,358
3111005,438,374,812
3111006,108,89,197
3111007,421,370,791
3111008,263,230,493
3111009,229,185,414
3111010,200,194,394
3111011,241,244,485
3111101,166,115,281
3111102,276,236,512
3111103,209,158,367
3111104,121,82,203
3111105,279,204,483
3111106,260,194,454
3111107,300,276,576
3111108,202,190,392
3111109,295,267,562
3111110,303,239,542
3111111,163,165,328
3111112,166,158,324
3111113,412,194,606
3111201,421,394,815
3111202,186,131,317
3111203,198,157,355
3111204,199,183,382
3111205,156,157,313
3111206,188,210,398
3111207,126,131,257
3111208,171,175,346
3111209,201,198,399
3111210,197,212,409
3111211,227,239,466
3111212,263,267,530
3111213,141,176,317
3111214,601,608,1209
3111215,212,249,461
3111216,222,204,426
3111217,212,219,431
3111218,103,127,230
3111301,190,186,376
3111302,242,301,543
3111303,171,199,370
3111304,174,194,368
3111305,138,165,303
3111306,258,270,528
3111307,226,228,454
3111308,151,128,279
3111309,130,129,259
3111310,160,182,342
3111401,185,192,377
3111402,223,200,423
3111403,251,230,481
3111404,238,237,475
3111405,188,215,403
3111406,222,209,431
3111407,197,207,404
3111408,195,213,408
3111409,317,307,624
3111410,319,340,659
3111411,187,226,413
3111412,228,228,456
3111413,197,185,382
3111501,152,142,294
3111502,229,209,438
3111503,330,172,502
3111504,249,207,456
3111505,246,219,465
3111506,151,159,310
3111507,315,248,563
3111508,221,178,399
3111509,291,222,513
3111510,230,207,437
3111511,182,134,316
3111512,241,234,475
3111513,234,189,423
3111601,150,146,296
3111602,192,205,397
3111603,112,116,228
3111604,269,235,504
3111605,175,164,339
3111606,237,276,513
3111607,272,259,531
3111608,328,392,720
3111609,105,122,227
3111610,252,228,480
3111611,273,267,540
3111701,154,145,299
3111702,135,133,268
3111703,108,111,219
3111704,173,207,380
3111705,272,293,565
3111706,155,141,296
3111707,244,259,503
3111708,5,0,5
3111709,136,146,282
3111710,188,226,414
3111711,161,186,347
3111712,180,164,344
3111713,126,134,260
3111714,232,232,464
3111715,322,295,617
3111716,311,327,638
3111717,197,220,417
3111718,207,217,424
3111719,247,264,511
3111720,224,236,460
3111721,155,161,316
3111722,0,0,0
3111723,152,164,316
3111724,143,129,272
3111725,192,159,351
3111726,142,136,278
3111727,219,245,464
3111728,157,159,316
3111729,0,0,0
3111730,148,134,282
3111731,165,186,351
3111732,224,240,464
3111733,155,150,305
3111801,75,74,149
3111802,109,113,222
3111803,267,263,530
3111804,221,229,450
3111805,207,209,416
3111806,289,280,569
3111807,171,174,345
3111808,158,170,328
3111809,261,282,543
3111810,227,211,438
3111811,259,269,528
3111812,217,218,435
3111813,113,134,247
3111814,254,280,534
3111815,132,136,268
3111901,0,0,0
3111902,79,118,197
3111903,100,267,367
3111904,120,171,291
3111905,190,166,356
3111906,154,146,300
3111907,243,219,462
3111908,312,264,576
3112001,174,179,353
3112002,146,151,297
3112003,143,156,299
3112004,197,217,414
3112005,207,213,420
3112006,238,232,470
3112007,284,291,575
3112008,132,113,245
3112009,173,189,362
3112010,167,224,391
3112011,246,270,516
3112012,191,201,392
3112013,119,131,250
3112014,0,0,0
3112015,153,140,293
3112016,207,193,400
3112101,157,183,340
3112102,217,254,471
3112103,229,210,439
3112104,247,288,535
3112105,245,212,457
3112106,248,220,468
3112107,315,299,614
3112108,145,185,330
3112109,248,248,496
3112110,226,190,416
3112111,295,306,601
3112112,0,0,0
3112201,246,282,528
3112202,277,256,533
3112203,272,283,555
3112204,171,221,392
3112205,164,183,347
3112206,178,187,365
3112207,219,287,506
3112208,143,171,314
3112209,101,117,218
3112210,117,104,221
3112211,226,244,470
3112212,210,192,402
3112213,197,240,437
3112214,263,249,512
3112215,304,276,580
3112216,212,258,470
3112217,196,234,430
3112218,157,174,331
3112219,212,245,457
3112220,145,156,301
3112221,107,142,249
3112222,199,213,412
3112223,236,318,554
3112224,196,217,413
3112301,280,247,527
3112302,258,272,530
3112303,184,174,358
3112304,84,134,218
3112305,178,181,359
3112306,234,212,446
3112307,240,284,524
3112308,220,222,442
3112309,210,262,472
3112310,129,162,291
3112401,113,110,223
3112402,247,275,522
3112403,159,152,311
3112404,203,218,421
3112405,223,231,454
3112406,241,262,503
3112407,295,291,586
3112408,230,176,406
3112409,213,217,430
3112410,108,113,221
3112411,204,204,408
3112412,105,129,234
3112501,117,127,244
3112502,291,272,563
3112503,121,128,249
3112504,189,213,402
3112505,4,4,8
3112506,131,165,296
3112507,173,153,326
3112508,240,235,475
3112509,129,133,262
3112510,136,154,290
3112511,199,205,404
3112512,173,176,349
3112513,260,281,541
3112601,149,138,287
3112602,293,291,584
3112603,163,172,335
3112604,205,231,436
3112605,267,294,561
3112606,160,185,345
3112607,133,154,287
3112608,245,236,481
3112609,173,151,324
3112610,219,252,471
3112611,239,239,478
3112612,196,206,402
3112613,204,224,428
3112614,274,252,526
3112615,879,1027,1906
3112616,0,0,0
3112701,311,315,626
3112702,197,225,422
3112703,279,272,551
3112704,293,284,577
3112705,139,165,304
3112706,252,297,549
3112707,109,160,269
3112708,164,195,359
3112709,155,186,341
3112710,247,206,453
3112801,267,254,521
3112802,294,293,587
3112803,293,294,587
3112804,172,155,327
3112805,281,183,464
3112806,251,167,418
3112807,169,188,357
3112808,258,207,465
3112809,196,188,384
3112810,5,5,10
3112811,77,73,150
3112812,238,202,440
3112813,178,163,341
3112814,154,158,312
3112815,206,229,435
3112816,68,78,146
3112817,111,83,194
3112818,325,322,647
3112819,260,238,498
3112901,303,280,583
3112902,199,181,380
3112903,132,176,308
3112904,180,193,373
3112905,154,173,327
3112906,263,304,567
3112907,162,172,334
3112908,249,223,472
3112909,179,136,315
3112910,97,109,206
3113001,170,140,310
3113002,183,126,309
3113003,152,153,305
3113004,320,301,621
3113005,160,149,309
3113006,173,147,320
3113007,233,169,402
3113008,182,186,368
3113009,184,169,353
3113010,232,242,474
3113011,166,200,366
3113012,140,149,289
3113013,258,267,525
3113014,201,254,455
3113015,240,237,477
3113016,249,263,512
3113101,237,323,560
3113102,178,188,366
3113103,255,228,483
3113104,177,174,351
3113105,199,193,392
3113106,168,211,379
3113107,191,174,365
3113108,110,113,223
3113109,118,146,264
3113110,280,220,500
3113111,144,121,265
3113112,192,173,365
3113113,237,276,513
3113114,258,225,483
3113115,172,177,349
3113116,96,115,211
3113117,178,186,364
3113118,262,275,537
3113119,138,140,278
3113120,278,288,566
3113121,202,198,400
3113122,259,262,521
3113201,229,240,469
3113202,145,150,295
3113203,123,119,242
3113204,252,265,517
3113205,191,190,381
3113206,179,164,343
3113207,250,245,495
3113208,518,263,781
3113209,211,200,411
3113210,149,169,318
3113211,239,219,458
3113212,187,191,378
3113213,181,180,361
3113214,193,185,378
3113215,194,190,384
3113216,140,177,317
3113217,154,141,295
3113218,197,247,444
3113219,184,212,396
3113220,216,207,423
3113221,169,169,338
3113222,159,170,329
3113223,143,183,326
3113224,231,247,478
3113225,276,303,579
3113226,255,293,548
3113227,311,288,599
3113228,208,223,431
3113229,185,236,421
3113230,210,217,427
3113231,167,194,361
3113301,214,238,452
3113302,123,114,237
3113303,213,177,390
3113304,281,319,600
3113305,199,203,402
3113306,131,152,283
3113307,203,178,381
3113308,194,210,404
3113309,212,248,460
3113310,233,234,467
3113311,221,254,475
3113312,171,187,358
3113313,224,223,447
3113401,181,209,390
3113402,194,182,376
3113403,135,145,280
3113404,209,233,442
3113405,179,211,390
3113406,177,195,372
3113407,210,210,420
3113408,239,257,496
3113409,284,284,568
3113410,309,318,627
3113411,208,236,444
3113412,175,186,361
3113413,204,242,446
3113414,157,179,336
3113415,203,207,410
3113416,118,134,252
3113417,175,189,364
3113418,207,215,422
3113419,238,325,563
3113420,221,338,559
3113421,234,260,494
3113422,122,131,253
3113501,104,155,259
3113502,167,200,367
3113503,188,204,392
3113504,177,163,340
3113505,162,154,316
3113506,155,173,328
3113507,209,229,438
3113508,190,201,391
3113509,141,160,301
3113510,221,238,459
3113511,215,247,462
3113512,179,172,351
3113513,133,154,287
3113514,240,234,474
3113515,309,295,604
3113516,154,147,301
3113517,226,227,453
3113518,286,302,588
3113519,126,158,284
3113520,242,291,533
3113521,235,251,486
3113522,196,201,397
3113523,267,320,587
3113524,97,115,212
3113525,187,179,366
3113601,123,124,247
3113602,167,166,333
3113603,238,249,487
3113604,162,183,345
3113605,157,109,266
3113606,245,229,474
3113607,262,291,553
3113608,290,309,599
3113609,218,224,442
3113610,135,136,271
3113611,172,192,364
3113612,167,181,348
3113613,244,241,485
3113614,171,151,322
3113615,0,0,0
3113701,126,161,287
3113702,290,295,585
3113703,167,165,332
3113704,121,120,241
3113705,177,188,365
3113706,214,204,418
3113707,257,259,516
3113708,181,104,285
3113709,265,297,562
3113710,113,127,240
3113711,201,210,411
3113712,199,215,414
3113713,234,229,463
3113714,232,247,479
3113715,234,177,411
3113716,153,170,323
3113717,229,226,455
3113718,268,270,538
3113719,279,268,547
3113720,221,246,467
3113721,235,251,486
3113722,190,172,362
3113723,203,275,478
3113724,268,240,508
3113725,155,165,320
3113801,206,211,417
3113802,181,205,386
3113803,236,265,501
3113804,161,162,323
3113805,195,222,417
3113806,102,96,198
3113807,150,141,291
3113808,101,111,212
3113809,151,132,283
3113810,222,243,465
3113811,90,127,217
3113812,218,216,434
3113813,390,412,802
3113814,150,140,290
3113901,242,218,460
3113902,303,295,598
3113903,240,249,489
3113904,188,183,371
3113905,190,222,412
3113906,249,263,512
3113907,290,258,548
3113908,410,444,854
3113909,123,113,236
3113910,321,336,657
3113911,225,231,456
3113912,316,332,648
3113913,198,208,406
3113914,243,290,533
3113915,333,412,745
3113916,134,151,285
3113917,226,233,459
3113918,47,61,108
3113919,206,223,429
3113920,176,181,357
3113921,187,194,381
3113922,12,6,18
3114001,241,258,499
3114002,143,168,311
3114003,215,231,446
3114004,7,15,22
3114005,132,133,265
3114006,266,318,584
3114007,273,283,556
3114008,300,259,559
3114009,189,201,390
3114010,0,0,0
3114101,191,195,386
3114102,164,149,313
3114103,162,194,356
3114104,107,135,242
3114105,123,139,262
3114106,137,131,268
3114107,114,127,241
3114108,157,207,364
3114109,276,312,588
3114110,304,305,609
3114111,351,352,703
3114112,113,103,216
3114113,329,334,663
3114114,228,239,467
3114115,133,136,269
3114116,404,455,859
3114117,164,164,328
3114118,176,206,382
3114119,132,142,274
3114120,0,0,0
3114121,96,106,202
3114122,180,258,438
3114123,282,297,579
3114124,177,202,379
3114125,92,85,177
3114126,223,242,465
3114127,121,102,223
3114128,166,157,323
3114129,240,241,481
3114130,0,0,0
3114131,220,221,441
3114201,274,298,572
3114202,109,85,194
3114203,342,323,665
3114204,342,341,683
3114205,123,135,258
3114206,248,230,478
3114207,153,161,314
3114208,218,236,454
3114209,223,232,455
3114210,145,146,291
3114211,595,625,1220
3114212,135,142,277
3114213,112,120,232
3114214,227,252,479
3114215,209,212,421
3114216,319,326,645
3114217,17,17,34
3114218,284,286,570
3114219,28,32,60
3114220,293,307,600
3114221,163,160,323
3114222,0,0,0
3114223,143,171,314
3114224,176,164,340
3114225,254,257,511
3114226,164,178,342
3114227,91,85,176
3114301,0,0,0
3114302,0,0,0
3114303,218,217,435
3114304,204,213,417
3114305,188,157,345
3114306,103,108,211
3114307,208,207,415
3114308,177,206,383
3114309,200,227,427
3114310,140,150,290
3114311,132,167,299
3114312,134,117,251
3114313,0,0,0
3114314,156,155,311
3114315,249,228,477
3114316,215,193,408
3114317,300,256,556
3114318,178,171,349
3114319,209,207,416
3114401,224,274,498
3114402,226,245,471
3114403,202,196,398
3114404,195,201,396
3114405,293,322,615
3114406,191,197,388
3114407,272,293,565
3114408,171,187,358
3114409,225,207,432
3114410,183,162,345
3114411,109,126,235
3114412,145,155,300
3114413,329,359,688
3114414,103,130,233
3114415,243,260,503
3114416,178,192,370
3114417,104,102,206
3114418,215,208,423
3114501,213,234,447
3114502,314,358,672
3114503,212,178,390
3114504,262,225,487
3114505,434,392,826
3114506,476,392,868
3114507,118,94,212
3114508,178,188,366
3114509,211,203,414
3114510,183,147,330
3114511,228,198,426
3114512,184,167,351
3114513,393,315,708
3114514,352,315,667
3114515,144,112,256
3114516,233,129,362
3114517,110,76,186
3114518,318,303,621
3114519,310,357,667
3114520,179,113,292
3114521,154,135,289
3114601,266,289,555
3114602,249,255,504
3114603,338,415,753
3114604,233,189,422
3114605,203,253,456
3114606,295,274,569
3114607,221,241,462
3114608,189,203,392
3114609,142,151,293
3114610,244,247,491
3114611,149,136,285
3114612,125,106,231
3114613,223,204,427
3114614,214,194,408
3114615,346,334,680
3114616,277,291,568
3114617,238,265,503
3114701,355,392,747
3114702,208,193,401
3114703,217,225,442
3114704,106,114,220
3114705,109,116,225
3114706,154,171,325
3114707,271,271,542
3114708,191,191,382
3114709,158,191,349
3114710,150,142,292
3114711,113,141,254
3114712,191,180,371
3114713,201,217,418
3114714,358,355,713
3114715,181,188,369
3114716,242,250,492
3114717,518,571,1089
3114718,478,501,979
3114719,176,188,364
3114720,149,154,303
3114721,253,247,500
3114722,78,74,152
3114801,81,84,165
3114802,269,229,498
3114803,58,53,111
3114804,215,229,444
3114805,243,202,445
3114806,191,200,391
3114807,154,150,304
3114808,122,146,268
3114809,222,227,449
3114810,234,253,487
3114811,97,120,217
3114812,159,164,323
3114813,182,148,330
3114814,135,132,267
3114815,252,276,528
3114816,114,110,224
3114817,210,196,406
3114818,122,111,233
3114819,215,187,402
3114820,151,123,274
3114821,82,83,165
3114822,343,370,713
3114823,203,200,403
3114901,275,275,550
3114902,237,240,477
3114903,203,206,409
3114904,139,181,320
3114905,72,72,144
3114906,209,230,439
3114907,294,307,601
3114908,167,203,370
3114909,0,0,0
3114910,148,142,290
3114911,138,153,291
3114912,53,42,95
3114913,231,220,451
3114914,211,224,435
3114915,204,213,417
3114916,104,108,212
3114917,170,184,354
3114918,332,326,658
3114919,278,293,571
3114920,182,194,376
3114921,193,182,375
3114922,166,172,338
3114923,181,234,415
3114924,269,313,582
3115001,0,0,0
3115101,147,151,298
3115102,225,292,517
3115103,175,174,349
3115104,168,170,338
3115105,256,280,536
3115106,223,244,467
3115107,104,123,227
3115108,130,185,315
3115109,222,261,483
3115110,137,144,281
3115111,281,257,538
3115112,165,169,334
3115113,116,133,249
3115114,139,140,279
3115115,229,257,486
3115201,143,147,290
3115202,258,250,508
3115203,142,150,292
3115204,176,157,333
3115205,218,179,397
3115206,149,99,248
3115207,248,233,481
3115208,111,119,230
3115209,144,157,301
3115210,128,135,263
3115211,220,240,460
3115212,145,135,280
3115213,200,239,439
3115214,226,224,450
3115301,237,247,484
3115302,247,293,540
3115303,204,218,422
3115304,195,214,409
3115305,239,260,499
3115306,320,345,665
3115307,0,0,0
3115308,164,170,334
3115309,238,228,466
3115310,276,257,533
3115311,151,155,306
3115312,269,268,537
3115313,176,177,353
3115314,197,211,408
3115315,198,197,395
3115316,319,310,629
3115317,126,135,261
3115318,147,166,313
3115319,217,217,434
3115401,133,130,263
3115402,368,279,647
3115403,259,228,487
3115404,180,142,322
3115405,165,65,230
3115406,135,148,283
3115407,160,174,334
3115408,146,131,277
3115409,152,291,443
3115410,516,504,1020
3115411,227,209,436
3115412,275,237,512
3115413,168,148,316
3115414,158,128,286
3115415,225,223,448
3115501,238,244,482
3115502,87,101,188
3115503,184,209,393
3115504,287,286,573
3115505,202,214,416
3115506,119,159,278
3115507,218,204,422
3115508,175,190,365
3115509,181,191,372
3115510,0,0,0
3115511,290,291,581
3115512,193,220,413
3115601,141,119,260
3115602,239,211,450
3115603,150,128,278
3115604,238,251,489
3115605,130,123,253
3115606,101,114,215
3115607,160,180,340
3115608,209,199,408
3115609,184,198,382
3115610,165,160,325
3115611,249,219,468
3115612,0,0,0
3115613,121,131,252
3115614,258,268,526
3115615,100,101,201
3115616,142,145,287
3115617,222,233,455
3115618,153,185,338
3115619,237,258,495
3115620,140,140,280
3115621,250,280,530
3115622,293,283,576
3115623,96,148,244
3115701,351,398,749
3115702,233,252,485
3115703,139,153,292
3115704,201,206,407
3115705,261,214,475
3115706,185,188,373
3115707,156,154,310
3115708,197,207,404
3115709,128,139,267
3115710,0,0,0
3115711,244,252,496
3115712,291,282,573
3115801,76,56,132
3115802,136,113,249
3115803,94,94,188
3115804,157,126,283
3115805,241,234,475
3115806,109,91,200
3115807,216,233,449
3115808,190,171,361
3115809,94,101,195
3115810,173,156,329
3115811,71,83,154
3115812,92,113,205
3115813,143,124,267
3115814,120,100,220
3115815,102,118,220
3115816,101,102,203
3115901,203,211,414
3115902,148,153,301
3115903,58,68,126
3115904,130,119,249
3115905,99,104,203
3115906,168,157,325
3115907,186,167,353
3115908,117,109,226
3115909,121,136,257
3115910,106,83,189
3115911,127,118,245
3115912,182,149,331
3115913,220,193,413
3115914,159,175,334
3115915,245,280,525
3115916,223,205,428
3115917,208,210,418
3115918,150,170,320
3115919,134,119,253
3115920,128,118,246
3115921,142,113,255
3115922,195,173,368
3115923,61,62,123
3115924,119,127,246
3115925,214,204,418
3115926,138,143,281
3115927,93,106,199
3115928,185,220,405
3115929,120,139,259
3115930,249,256,505
3116001,198,197,395
3116002,169,140,309
3116003,154,143,297
3116004,190,179,369
3116005,193,196,389
3116006,273,232,505
3116007,211,201,412
3116008,152,136,288
3116009,225,168,393
3116010,127,93,220
3116011,268,260,528
3116012,9,7,16
3116013,0,0,0
3116014,119,135,254
3116015,93,80,173
3116016,0,0,0
3116017,169,163,332
3116018,213,197,410
3116019,211,203,414
3116020,266,261,527
3116021,159,158,317
3116022,283,256,539
3116023,107,113,220
3116024,128,98,226
3116101,149,148,297
3116102,93,79,172
3116103,230,160,390
3116104,13,6,19
3116105,91,89,180
3116106,0,0,0
3116107,100,87,187
3116108,0,0,0
3116109,183,146,329
3116110,138,119,257
3116111,269,240,509
3116112,224,194,418
3116113,148,144,292
3116114,186,167,353
3116115,3,3,6
3116116,239,229,468
3116117,110,96,206
3116118,154,112,266
3116119,130,108,238
3116120,205,189,394
3116121,172,146,318
3116122,216,206,422
3116123,158,143,301
3116124,185,196,381
3116125,107,98,205
3116126,245,193,438
3116127,123,102,225
3116128,150,120,270
3116129,118,123,241
3116130,195,200,395
3116131,64,64,128
3116132,96,103,199
3116133,196,166,362
3116134,183,172,355
3116135,182,176,358
3116136,77,63,140
3116137,0,0,0
3116138,0,0,0
3116139,0,0,0
3116140,127,118,245
3116141,124,111,235
3116201,3,3,6
3116301,662,676,1338
3116302,539,527,1066
3116401,102,77,179
3116402,124,136,260
3116403,175,154,329
3116404,189,198,387
3116405,184,176,360
3116406,265,278,543
3116407,169,159,328
3116408,52,48,100
3116409,160,149,309
3116410,193,195,388
3116411,187,177,364
3116412,132,114,246
3116413,223,192,415
3116414,221,206,427
3116415,177,144,321
3116416,183,176,359
3116417,174,156,330
3116418,0,0,0
3116419,100,119,219
3116420,79,67,146
3116501,119,112,231
3116502,126,111,237
3116503,147,151,298
3116504,365,372,737
3116505,232,224,456
3116506,168,174,342
3116507,330,332,662
3116508,301,270,571
3116509,122,86,208
3116510,161,136,297
3116511,178,152,330
3116512,208,198,406
3116601,169,208,377
3116602,183,192,375
3116603,262,288,550
3116604,201,294,495
3116605,164,214,378
3116606,231,293,524
3116607,142,145,287
3116608,214,198,412
3116609,211,275,486
3116610,224,239,463
3116611,204,232,436
3116612,137,168,305
3116613,226,221,447
3116614,202,251,453
3116615,201,245,446
3116616,203,193,396
3116617,217,183,400
3116618,121,133,254
3116619,99,102,201
3116620,124,111,235
3116621,308,302,610
3116622,165,167,332
3116623,183,209,392
3116624,198,231,429
3116625,239,243,482
3116701,134,133,267
3116702,90,104,194
3116703,203,196,399
3116704,257,230,487
3116705,311,269,580
3116706,193,128,321
3116707,145,151,296
3116708,177,170,347
3116709,149,146,295
3116710,107,184,291
3116711,198,179,377
3116712,142,142,284
3116713,170,160,330
3116714,109,82,191
3116715,125,120,245
3116716,312,268,580
3116801,0,0,0
3116802,0,0,0
3116803,130,136,266
3116804,4,4,8
3116805,189,194,383
3116806,183,177,360
3116807,201,236,437
3116808,185,181,366
3116809,185,175,360
3116810,130,126,256
3116811,262,289,551
3116812,275,301,576
3116813,201,176,377
3116814,88,76,164
3116815,124,132,256
3116901,128,134,262
3116902,121,121,242
3116903,131,117,248
3116904,163,160,323
3116905,190,192,382
3116906,240,226,466
3116907,125,103,228
3116908,63,58,121
3116909,97,125,222
3116910,255,226,481
3116911,214,204,418
3116912,3,3,6
3116913,128,157,285
3116914,143,137,280
3116915,83,75,158
3116916,139,155,294
3116917,80,80,160
3116918,118,108,226
3116919,186,188,374
3116920,145,127,272
3116921,89,84,173
3116922,97,108,205
3116923,291,293,584
3116924,130,142,272
3116925,127,126,253
3116926,76,80,156
3116927,98,87,185
3116928,120,113,233
3116929,69,81,150
3116930,203,223,426
3117001,357,365,722
3117002,207,212,419
3117003,264,276,540
3117004,139,171,310
3117005,174,207,381
3117006,163,159,322
3117007,103,98,201
3117008,115,119,234
3117009,95,107,202
3117010,231,207,438
3117011,276,255,531
3117012,166,133,299
3117013,90,107,197
3117014,229,223,452
3117015,247,259,506
3117016,292,323,615
3117017,266,257,523
3117018,124,122,246
3117019,221,250,471
3117020,252,239,491
3117021,262,270,532
3117022,236,257,493
3117023,296,298,594
3117024,222,238,460
3117101,245,246,491
3117102,197,206,403
3117103,150,154,304
3117104,215,227,442
3117105,182,186,368
3117106,141,153,294
3117107,167,175,342
3117108,244,199,443
3117109,186,148,334
3117110,198,185,383
3117111,152,112,264
3117112,218,183,401
3117113,141,105,246
3117114,0,0,0
3117201,187,192,379
3117202,188,219,407
3117203,136,138,274
3117204,251,134,385
3117205,271,261,532
3117206,363,362,725
3117207,196,204,400
3117208,106,92,198
3117209,241,257,498
3117210,135,127,262
3117211,234,215,449
3117212,128,131,259
3117213,260,163,423
3117214,130,123,253
3117215,230,174,404
3117216,154,158,312
3117217,110,97,207
3117218,381,339,720
3117301,134,147,281
3117302,161,165,326
3117303,197,208,405
3117304,108,126,234
3117305,95,107,202
3117306,156,168,324
3117307,133,147,280
3117308,251,222,473
3117309,110,128,238
3117310,155,175,330
3117311,211,253,464
3117312,137,161,298
3117313,107,84,191
3117314,179,217,396
3117315,323,282,605
3117316,174,160,334
3117317,190,224,414
3117318,162,186,348
3117319,131,125,256
3117401,123,131,254
3117402,106,107,213
3117403,181,193,374
3117404,236,209,445
3117405,127,121,248
3117406,193,166,359
3117407,109,109,218
3117408,102,87,189
3117409,235,185,420
3117410,137,139,276
3117411,155,134,289
3117412,265,253,518
3117413,205,186,391
3117501,174,150,324
3117502,115,102,217
3117503,198,219,417
3117504,248,314,562
3117505,92,98,190
3117506,174,153,327
3117507,182,176,358
3117508,171,158,329
3117509,166,138,304
3117510,54,40,94
3117511,138,111,249
3117512,245,181,426
3117601,111,117,228
3117602,198,178,376
3117603,282,293,575
3117604,192,188,380
3117605,188,183,371
3117606,163,121,284
3117607,162,165,327
3117608,190,174,364
3117609,191,183,374
3117610,164,180,344
3117611,189,183,372
3117612,234,197,431
3117613,151,143,294
3117614,210,193,403
3117615,170,175,345
3117616,229,237,466
3117617,207,244,451
3117618,252,273,525
3117701,148,124,272
3117702,112,100,212
3117703,133,132,265
3117704,146,144,290
3117705,130,132,262
3117706,214,187,401
3117707,116,87,203
3117708,219,207,426
3117709,166,146,312
3117710,170,140,310
3117711,125,127,252
3117712,276,255,531
3117713,180,183,363
3117714,70,69,139
3117715,198,201,399
3117716,206,192,398
3117717,111,81,192
3117718,336,254,590
3117719,174,187,361
3117801,188,208,396
3117802,213,243,456
3117803,199,163,362
3117804,112,102,214
3117805,160,119,279
3117806,284,221,505
3117807,196,159,355
3117808,199,142,341
3117809,145,108,253
3117810,175,147,322
3117811,165,147,312
3117812,189,163,352
3117901,192,183,375
3117902,160,145,305
3117903,109,121,230
3117904,208,215,423
3117905,287,354,641
3117906,137,142,279
3117907,122,129,251
3117908,216,225,441
3117909,194,173,367
3117910,140,130,270
3117911,115,108,223
3117912,122,117,239
3117913,138,143,281
3117914,156,166,322
3117915,136,137,273
3117916,191,201,392
3117917,190,174,364
3117918,221,223,444
3117919,181,168,349
3117920,172,170,342
3117921,105,104,209
3117922,208,203,411
3117923,160,138,298
3117924,167,177,344
3118001,116,73,189
3118002,105,109,214
3118003,251,269,520
3118004,123,111,234
3118005,222,227,449
3118006,161,143,304
3118007,204,201,405
3118008,160,154,314
3118009,210,200,410
3118010,97,81,178
3118011,101,100,201
3118012,201,181,382
3118013,108,91,199
3118014,136,153,289
3118015,130,126,256
3118016,115,105,220
3118017,127,119,246
3118018,166,162,328
3118019,201,184,385
3118020,196,189,385
3118021,205,172,377
3118022,179,149,328
3118023,92,85,177
3118024,192,170,362
3118101,121,135,256
3118102,207,220,427
3118103,104,102,206
3118104,214,221,435
3118105,120,116,236
3118106,71,80,151
3118107,152,132,284
3118108,100,88,188
3118109,224,197,421
3118110,108,94,202
3118111,157,140,297
3118201,108,108,216
3118202,134,110,244
3118203,131,126,257
3118204,137,127,264
3118205,149,127,276
3118206,134,123,257
3118207,144,139,283
3118208,203,208,411
3118209,121,126,247
3118210,121,100,221
3118211,155,150,305
3118212,239,265,504
3118213,214,218,432
3118214,268,259,527
3118215,146,191,337
3118216,122,122,244
3118217,125,136,261
3118301,114,130,244
3118302,134,143,277
3118303,216,190,406
3118304,164,141,305
3118305,139,147,286
3118306,176,179,355
3118307,143,135,278
3118308,168,205,373
3118309,218,237,455
3118310,127,115,242
3118311,242,276,518
3118312,117,131,248
3118313,97,99,196
3118314,170,149,319
3118315,250,213,463
3118316,314,251,565
3118317,138,119,257
3118318,307,259,566
3118319,137,164,301
3118320,172,169,341
3118321,283,249,532
3118322,293,283,576
3118323,203,220,423
3118324,186,178,364
3118325,164,174,338
3118326,260,247,507
3118327,178,170,348
3118328,123,112,235
3118329,140,140,280
3118330,113,135,248
3118331,131,132,263
3118332,158,182,340
3118333,225,192,417
3118334,135,138,273
3118335,106,144,250
3118336,305,317,622
3118337,205,202,407
3118338,168,120,288
3118339,141,124,265
3118340,271,228,499
3118341,141,145,286
3118342,188,185,373
3118343,139,132,271
3118344,217,230,447
3118345,368,327,695
3118401,191,214,405
3118402,141,161,302
3118403,158,192,350
3118404,79,88,167
3118405,174,190,364
3118406,103,93,196
3118407,232,252,484
3118408,260,233,493
3118409,156,154,310
3118410,119,117,236
3118411,174,180,354
3118412,266,252,518
3118413,181,178,359
3118501,227,241,468
3118502,139,147,286
3118503,181,169,350
3118504,148,120,268
3118505,157,177,334
3118506,104,107,211
3118507,105,92,197
3118508,197,218,415
3118509,166,189,355
3118510,129,107,236
3118511,112,87,199
3118512,188,183,371
3118513,110,115,225
3118514,85,83,168
3118601,221,236,457
3118602,207,223,430
3118603,198,187,385
3118604,160,163,323
3118605,240,205,445
3118606,121,110,231
3118607,229,210,439
3118608,147,133,280
3118609,184,162,346
3118610,150,127,277
3118611,192,172,364
3118612,234,182,416
3118701,163,170,333
3118702,142,153,295
3118703,134,163,297
3118704,143,160,303
3118705,102,111,213
3118706,126,140,266
3118707,262,281,543
3118708,114,119,233
3118709,125,123,248
3118710,225,247,472
3118711,87,149,236
3118712,125,156,281
3118713,127,144,271
3118714,122,97,219
3118715,151,147,298
3118716,110,120,230
3118717,108,101,209
3118718,198,243,441
3118801,160,160,320
3118802,226,222,448
3118803,174,179,353
3118804,82,74,156
3118805,162,140,302
3118806,233,202,435
3118807,242,209,451
3118808,246,221,467
3118809,255,255,510
3118810,179,153,332
3118811,242,242,484
3118812,240,228,468
3118813,120,126,246
3118814,244,267,511
3118901,128,138,266
3118902,175,181,356
3118903,227,225,452
3118904,140,172,312
3118905,172,172,344
3118906,165,175,340
3118907,279,302,581
3118908,217,234,451
3118909,197,247,444
3118910,318,359,677
3118911,136,152,288
3118912,186,181,367
3118913,288,315,603
3118914,355,390,745
3118915,137,133,270
3118916,5,6,11
3118917,222,232,454
3118918,363,399,762
3118919,129,122,251
3118920,141,182,323
3118921,222,250,472
3118922,128,155,283
3118923,219,216,435
3118924,106,109,215
3118925,107,94,201
3118926,100,90,190
3118927,165,173,338
3118928,116,118,234
3118929,206,247,453
3118930,128,171,299
3118931,209,291,500
3118932,211,246,457
3118933,123,130,253
3118934,147,176,323
3118935,176,205,381
3118936,113,121,234
3118937,168,185,353
3118938,205,189,394
3118939,119,157,276
3119001,115,88,203
3119002,137,122,259
3119003,123,97,220
3119004,169,151,320
3119005,201,195,396
3119006,192,150,342
3119007,171,151,322
3119008,445,490,935
3119009,191,142,333
3119010,159,135,294
3119011,160,151,311
3119012,233,206,439
3119013,154,125,279
3119014,175,157,332
3119015,127,98,225
3119016,165,133,298
3119017,164,174,338
3119018,155,81,236
3119019,162,121,283
3119020,142,122,264
3119021,148,133,281
3119022,211,159,370
3119023,152,111,263
3119101,69,60,129
3119102,204,158,362
3119103,315,242,557
3119104,332,292,624
3119105,350,195,545
3119106,111,103,214
3119107,167,166,333
3119108,116,103,219
3119109,150,135,285
3119110,112,98,210
3119111,209,173,382
3119112,112,89,201
3119113,277,185,462
3119114,117,109,226
3119115,286,242,528
3119116,261,228,489
3119117,233,206,439
3119118,324,206,530
3119119,155,125,280
3119120,112,77,189
3119121,99,99,198
3119122,118,112,230
3119123,250,240,490
3119124,126,95,221
3119125,247,206,453
3119126,57,51,108
3119201,386,375,761
3119202,355,337,692
3119203,311,267,578
3119204,145,126,271
3119205,216,192,408
3119206,163,161,324
3119207,298,274,572
3119208,203,210,413
3119209,237,254,491
3119210,232,212,444
3119211,179,195,374
3119212,130,130,260
3119213,173,157,330
3119214,308,271,579
3119215,109,104,213
3119216,145,139,284
3119217,236,206,442
3119218,231,209,440
3119219,185,155,340
3119220,179,165,344
3119221,135,94,229
3119222,158,139,297
3119223,180,147,327
3119224,225,177,402
3119225,185,162,347
3119226,257,231,488
3119227,307,283,590
3119228,140,130,270
3119229,305,314,619
3119230,134,127,261
3119231,309,275,584
3119232,117,120,237
3119301,261,207,468
3119302,11,4,15
3119303,138,125,263
3119304,145,124,269
3119305,120,127,247
3119306,222,207,429
3119307,215,176,391
3119308,171,157,328
3119309,211,212,423
3119310,0,3,3
3119311,120,105,225
3119312,234,214,448
3119313,193,149,342
3119314,239,207,446
3119315,63,69,132
3119316,146,141,287
3119317,34,42,76
3119318,326,258,584
3119319,90,64,154
3119401,152,128,280
3119402,109,99,208
3119403,135,140,275
3119404,281,223,504
3119405,233,201,434
3119406,138,123,261
3119407,127,144,271
3119408,154,162,316
3119409,115,104,219
3119410,147,141,288
3119411,135,108,243
3119412,192,171,363
3119413,100,96,196
3119414,114,109,223
3119415,207,170,377
3119416,122,128,250
3119417,119,108,227
3119418,92,64,156
3119419,185,157,342
3119420,121,106,227
3119421,146,148,294
3119422,123,114,237
3119423,69,70,139
3119424,165,144,309
3119425,160,148,308
3119426,122,76,198
3119427,111,101,212
3119428,121,112,233
3119429,117,115,232
3119430,0,0,0
3119431,145,151,296
3119432,223,229,452
3119501,287,287,574
3119502,299,271,570
3119503,123,109,232
3119504,223,219,442
3119505,205,181,386
3119506,171,156,327
3119507,98,95,193
3119508,165,161,326
3119509,125,108,233
3119510,125,129,254
3119511,174,160,334
3119512,206,206,412
3119513,131,136,267
3119514,200,199,399
3119515,196,145,341
3119516,4,7,11
3119517,0,0,0
3119518,140,177,317
3119519,93,92,185
3119520,37,41,78
3119601,284,284,568
3119602,145,132,277
3119603,297,274,571
3119604,211,195,406
3119605,274,259,533
3119606,266,258,524
3119607,242,235,477
3119608,315,311,626
3119609,210,197,407
3119610,222,194,416
3119611,280,262,542
3119612,160,150,310
3119613,158,153,311
3119614,334,312,646
3119615,230,204,434
3119616,208,206,414
3119617,252,223,475
3119618,212,196,408
3119619,170,151,321
3119620,0,0,0
3119621,406,362,768
3119622,121,116,237
3119701,40,11,51
3119801,0,0,0
3119802,381,325,706
3119803,244,212,456
3119804,196,213,409
3119805,255,223,478
3119806,183,172,355
3119807,3,3,6
3119808,175,143,318
3119809,189,187,376
3119810,140,143,283
3119811,166,168,334
3119812,107,116,223
3119813,235,263,498
3119814,191,180,371
3119815,291,264,555
3119816,200,216,416
3119817,225,225,450
3119818,169,151,320
3119819,206,218,424
3119820,239,221,460
3119821,325,284,609
3119822,285,278,563
3119823,229,226,455
3119824,142,147,289
3119825,215,209,424
3119826,260,269,529
3119827,208,155,363
3119828,198,183,381
3119901,3,0,3
3119902,231,217,448
3119903,253,208,461
3119904,222,195,417
3119905,130,128,258
3119906,0,0,0
3119907,220,183,403
3119908,221,185,406
3119909,290,235,525
3119910,8,9,17
3119911,322,274,596
3119912,269,271,540
3119913,258,204,462
3119914,199,175,374
3119915,329,264,593
3119916,218,209,427
3119917,200,180,380
3120001,227,219,446
3120002,209,180,389
3120003,210,209,419
3120004,191,174,365
3120005,125,114,239
3120006,144,133,277
3120007,177,125,302
3120008,80,59,139
3120009,203,175,378
3120010,367,342,709
3120011,290,260,550
3120012,222,208,430
3120013,320,258,578
3120014,246,261,507
3120015,154,133,287
3120016,122,103,225
3120017,295,249,544
3120018,242,220,462
3120019,142,151,293
3120020,162,151,313
3120021,161,140,301
3120022,301,249,550
3120023,339,292,631
3120024,168,145,313
3120025,199,172,371
3120026,179,188,367
3120101,193,171,364
3120102,300,298,598
3120103,255,248,503
3120104,262,232,494
3120105,232,241,473
3120106,247,247,494
3120107,132,119,251
3120108,148,128,276
3120109,175,175,350
3120110,171,179,350
3120201,0,0,0
3120301,194,180,374
3120302,172,165,337
3120303,244,233,477
3120304,217,186,403
3120305,221,231,452
3120306,251,257,508
3120307,214,247,461
3120308,131,121,252
3120309,222,229,451
3120310,463,448,911
3120311,194,176,370
3120312,122,115,237
3120313,161,155,316
3120401,267,243,510
3120402,144,117,261
3120403,396,354,750
3120404,0,0,0
3120405,215,186,401
3120406,303,270,573
3120407,202,200,402
3120408,145,143,288
3120409,272,257,529
3120410,215,194,409
3120411,150,144,294
3120412,215,214,429
3120413,182,180,362
3120501,203,216,419
3120502,218,230,448
3120503,279,281,560
3120504,305,263,568
3120505,139,156,295
3120506,213,185,398
3120507,146,136,282
3120508,211,220,431
3120509,227,241,468
3120510,185,204,389
3120511,143,140,283
3120512,154,151,305
3120513,189,187,376
3120514,244,232,476
3120515,195,161,356
3120516,0,4,4
3120517,243,256,499
3120518,198,194,392
3120519,164,131,295
3120601,179,183,362
3120602,167,174,341
3120603,235,197,432
3120604,294,249,543
3120605,100,105,205
3120701,154,168,322
3120702,146,157,303
3120703,92,81,173
3120704,242,221,463
3120705,166,165,331
3120706,323,307,630
3120707,417,461,878
3120708,209,224,433
3120709,250,235,485
3120710,260,262,522
3120801,184,188,372
3120802,105,120,225
3120803,110,110,220
3120804,284,286,570
3120805,188,188,376
3120806,190,194,384
3120807,276,271,547
3120808,186,190,376
3120809,272,279,551
3120810,150,140,290
3120811,193,196,389
3120812,171,211,382
3120813,110,109,219
3120814,179,205,384
3120815,37,51,88
3120816,205,246,451
3120817,141,160,301
3120818,251,254,505
3120819,103,134,237
3120820,269,264,533
3120821,120,136,256
3120822,250,253,503
3120823,151,147,298
3120824,155,163,318
3120825,248,228,476
3120901,259,246,505
3120902,342,348,690
3120903,287,274,561
3120904,215,185,400
3120905,159,146,305
3120906,118,118,236
3120907,70,50,120
3120908,142,128,270
3120909,165,154,319
3120910,190,181,371
3120911,159,127,286
3120912,383,0,383
3120913,49,0,49
3121001,218,238,456
3121002,162,172,334
3121003,181,196,377
3121004,230,245,475
3121005,155,184,339
3121006,208,221,429
3121007,202,218,420
3121008,283,307,590
3121009,521,533,1054
3121010,125,114,239
3121011,0,0,0
3121012,159,175,334
3121013,114,128,242
3121014,247,225,472
3121015,87,74,161
3121016,216,220,436
3121017,271,299,570
3121018,292,281,573
3121019,685,681,1366
3121101,137,139,276
3121102,122,137,259
3121103,196,207,403
3121104,162,184,346
3121105,284,248,532
3121106,254,260,514
3121107,260,243,503
3121108,121,111,232
3121109,304,274,578
3121110,339,317,656
3121111,201,236,437
3121112,156,138,294
3121113,24,19,43
3121201,0,0,0
3121202,234,210,444
3121203,188,209,397
3121204,168,144,312
3121205,144,131,275
3121206,93,86,179
3121207,101,102,203
3121208,193,192,385
3121209,270,275,545
3121210,140,131,271
3121301,227,245,472
3121302,200,206,406
3121303,146,178,324
3121304,253,287,540
3121305,145,158,303
3121306,319,329,648
3121307,387,430,817
3121308,206,194,400
3121309,284,296,580
3121310,244,238,482
3121311,250,241,491
3121312,263,283,546
3121313,283,289,572
3121314,243,260,503
3121315,198,204,402
3121316,235,251,486
3121317,448,419,867
3121401,164,215,379
3121402,244,239,483
3121403,223,220,443
3121404,128,136,264
3121405,259,296,555
3121406,251,242,493
3121407,161,195,356
3121408,190,225,415
3121409,192,231,423
3121410,173,164,337
3121411,266,260,526
3121412,195,222,417
3121413,140,145,285
3121501,96,99,195
3121502,175,258,433
3121503,83,57,140
3121504,318,303,621
3121505,255,254,509
3121506,212,171,383
3121507,78,133,211
3121508,232,239,471
3121509,209,251,460
3121510,163,171,334
3121511,201,205,406
3121512,230,252,482
3121513,186,172,358
3121514,183,189,372
3121515,255,243,498
3121516,121,136,257
3121517,184,203,387
3121601,241,239,480
3121602,212,233,445
3121603,253,278,531
3121604,3,6,9
3121605,106,108,214
3121606,0,0,0
3121607,163,149,312
3121608,0,0,0
3121609,64,52,116
3121610,133,154,287
3121611,128,123,251
3121612,70,60,130
3121613,181,185,366
3121614,125,129,254
3121615,233,234,467
3121616,200,255,455
3121617,281,288,569
3121618,203,196,399
3121619,162,178,340
3121620,102,124,226
3121621,145,168,313
3121701,163,155,318
3121702,75,49,124
3121703,112,90,202
3121704,176,188,364
3121705,253,249,502
3121706,189,192,381
3121707,286,231,517
3121708,275,202,477
3121709,213,185,398
3121710,185,158,343
3121801,258,213,471
3121802,145,137,282
3121803,120,96,216
3121804,156,145,301
3121805,132,129,261
3121806,127,129,256
3121807,221,201,422
3121808,147,113,260
3121809,111,91,202
3121810,105,85,190
3121811,143,122,265
3121901,92,97,189
3121902,0,0,0
3121903,262,205,467
3121904,176,136,312
3121905,101,106,207
3121906,140,121,261
3121907,19,17,36
3121908,192,171,363
3121909,92,81,173
3121910,197,195,392
3121911,113,113,226
3121912,133,118,251
3121913,120,113,233
3121914,130,110,240
3121915,0,0,0
3121916,215,217,432
3121917,125,112,237
3122001,131,124,255
3122002,176,134,310
3122003,117,104,221
3122004,172,131,303
3122005,160,141,301
3122006,209,221,430
3122007,254,254,508
3122008,184,183,367
3122101,4,4,8
3122201,181,222,403
3122202,82,200,282
3122203,208,194,402
3122204,119,125,244
3122205,205,226,431
3122206,172,160,332
3122207,137,145,282
3122208,165,168,333
3122209,211,224,435
3122210,213,180,393
3122211,148,157,305
3122212,152,280,432
3122213,291,304,595
3122214,172,178,350
3122215,143,196,339
3122216,221,311,532
3122217,166,149,315
3122218,239,230,469
3122219,123,115,238
3122220,259,290,549
3122221,144,127,271
3122222,159,174,333
3122301,162,162,324
3122302,133,142,275
3122303,316,297,613
3122304,179,172,351
3122305,218,224,442
3122306,334,314,648
3122307,325,288,613
3122308,237,222,459
3122309,112,108,220
3122310,167,181,348
3122311,232,238,470
3122312,147,129,276
3122313,149,137,286
3122314,180,164,344
3122315,347,385,732
3122316,169,164,333
3122317,228,220,448
3122318,128,130,258
3122319,198,210,408
3122320,182,304,486
3122321,155,164,319
3122322,166,196,362
3122323,160,135,295
3122324,243,266,509
3122325,125,121,246
3122326,163,160,323
3122327,110,120,230
3122328,101,131,232
3122329,212,235,447
3122330,159,158,317
3122331,179,152,331
3122332,121,137,258
3122333,147,151,298
3122334,147,181,328
3122335,304,15,319
3122336,195,190,385
3122337,359,380,739
3122338,233,219,452
3122339,138,127,265
3122340,222,234,456
3122341,236,231,467
3122342,221,222,443
3122401,210,233,443
3122402,129,130,259
3122403,216,226,442
3122404,172,176,348
3122405,180,200,380
3122406,182,166,348
3122407,222,215,437
3122408,155,151,306
3122409,121,108,229
3122410,299,308,607
3122411,196,203,399
3122412,239,262,501
3122413,215,224,439
3122414,163,173,336
3122415,135,142,277
3122416,156,136,292
3122417,253,274,527
3122418,141,155,296
3122419,103,102,205
3122420,232,246,478
3122501,117,140,257
3122502,103,101,204
3122503,146,131,277
3122504,152,137,289
3122505,133,169,302
3122506,125,240,365
3122507,3,3,6
3122508,208,204,412
3122509,192,232,424
3122510,99,91,190
3122511,136,213,349
3122512,151,140,291
3122513,262,252,514
3122514,177,192,369
3122515,203,218,421
3122516,273,261,534
3122517,139,161,300
3122518,436,475,911
3122519,178,204,382
3122520,220,239,459
3122521,127,135,262
3122522,234,229,463
3122523,35,14,49
3122601,264,270,534
3122602,201,243,444
3122603,192,214,406
3122604,208,223,431
3122605,193,223,416
3122606,250,288,538
3122607,188,194,382
3122608,266,295,561
3122609,247,251,498
3122610,100,110,210
3122611,167,172,339
3122612,170,173,343
3122613,291,332,623
3122614,105,149,254
3122615,267,265,532
3122616,159,169,328
3122617,0,0,0
3122618,230,246,476
3122619,205,227,432
3122620,191,192,383
3122621,136,128,264
3122622,204,253,457
3122623,169,177,346
3122624,202,210,412
3122625,253,227,480
3122626,404,486,890
3122627,329,411,740
3122628,120,166,286
3122629,167,191,358
3122630,167,164,331
3122631,148,152,300
3122632,180,206,386
3122633,243,227,470
3122701,223,216,439
3122702,233,262,495
3122703,253,230,483
3122704,176,184,360
3122705,193,178,371
3122706,119,141,260
3122707,211,187,398
3122708,332,329,661
3122709,338,301,639
3122710,136,134,270
3122711,379,378,757
3122712,302,289,591
3122713,312,292,604
3122714,273,294,567
3122715,249,267,516
3122716,221,235,456
3122717,300,300,600
3122718,154,182,336
3122719,266,288,554
3122720,227,235,462
3122721,283,236,519
3122801,108,124,232
3122802,125,128,253
3122803,146,155,301
3122804,186,208,394
3122805,142,138,280
3122806,213,229,442
3122807,186,197,383
3122808,194,191,385
3122809,181,195,376
3122810,245,238,483
3122811,194,215,409
3122812,254,258,512
3122813,227,243,470
3122814,180,192,372
3122815,216,230,446
3122816,0,0,0
3122817,202,231,433
3122818,133,165,298
3122819,200,274,474
3122820,271,270,541
3122821,105,103,208
3122822,201,198,399
3122823,259,267,526
3122824,173,170,343
3122825,280,253,533
3122826,224,217,441
3122827,239,280,519
3122828,197,215,412
3122829,210,240,450
3122830,224,252,476
3122901,183,209,392
3122902,76,92,168
3122903,211,237,448
3122904,195,204,399
3122905,206,221,427
3122906,159,199,358
3122907,231,208,439
3122908,273,251,524
3122909,203,218,421
3122910,201,223,424
3122911,180,189,369
3122912,308,327,635
3122913,205,209,414
3122914,273,297,570
3122915,0,0,0
3122916,175,196,371
3123001,214,215,429
3123002,144,136,280
3123003,209,220,429
3123004,210,197,407
3123005,233,241,474
3123006,236,194,430
3123007,253,244,497
3123008,207,216,423
3123009,241,226,467
3123010,219,223,442
3123011,276,266,542
3123012,158,215,373
3123101,120,123,243
3123102,160,166,326
3123103,173,186,359
3123104,295,301,596
3123105,213,188,401
3123106,209,197,406
3123107,118,114,232
3123108,143,142,285
3123109,183,189,372
3123110,276,282,558
3123111,121,123,244
3123112,196,184,380
3123113,5,3,8
3123114,201,202,403
3123115,508,548,1056
3123116,239,244,483
3123117,106,109,215
3123118,154,142,296
3123119,235,260,495
3123120,304,325,629
3123121,222,219,441
3123122,202,205,407
3123123,239,266,505
3123124,223,235,458
3123125,150,158,308
3123126,150,174,324
3123201,141,159,300
3123202,193,230,423
3123203,170,193,363
3123204,169,147,316
3123205,160,162,322
3123206,245,273,518
3123207,215,224,439
3123208,145,156,301
3123209,193,199,392
3123210,267,275,542
3123211,177,246,423
3123212,103,114,217
3123213,186,196,382
3123214,247,247,494
3123215,125,133,258
3123216,179,203,382
3123217,177,183,360
3123218,92,124,216
3123219,149,137,286
3123220,256,272,528
3123221,13,12,25
3123222,175,199,374
3123223,8,9,17
3123224,148,158,306
3123225,196,198,394
3123226,158,147,305
3123301,191,195,386
3123302,132,140,272
3123303,196,215,411
3123304,148,184,332
3123305,164,167,331
3123306,137,156,293
3123307,227,227,454
3123308,267,273,540
3123309,291,316,607
3123310,280,329,609
3123311,133,169,302
3123312,135,122,257
3123313,146,156,302
3123314,114,109,223
3123315,196,184,380
3123316,150,235,385
3123317,171,192,363
3123318,147,182,329
3123319,274,289,563
3123320,147,137,284
3123321,174,166,340
3123322,238,225,463
3123323,151,162,313
3123324,209,224,433
3123325,187,174,361
3123326,3,3,6
3123327,0,0,0
3123328,163,171,334
3123329,221,259,480
3123330,260,257,517
3123331,94,115,209
3123332,266,307,573
3123333,0,0,0
3123401,138,126,264
3123402,119,125,244
3123403,123,120,243
3123404,247,271,518
3123405,177,197,374
3123406,262,282,544
3123407,159,156,315
3123408,286,317,603
3123409,256,278,534
3123410,0,0,0
3123411,123,165,288
3123412,140,181,321
3123413,283,299,582
3123414,300,305,605
3123415,413,377,790
3123416,241,268,509
3123417,260,282,542
3123418,220,235,455
3123419,209,225,434
3123420,223,211,434
3123421,144,157,301
3123422,239,209,448
3123423,303,285,588
3123424,203,211,414
3123425,242,233,475
3123426,277,283,560
3123427,274,282,556
3123428,277,299,576
3123429,214,204,418
3123430,162,158,320
3123431,132,115,247
3123432,221,232,453
3123501,186,227,413
3123502,124,178,302
3123503,0,0,0
3123504,204,202,406
3123505,111,105,216
3123506,167,181,348
3123507,278,307,585
3123508,247,260,507
3123509,183,202,385
3123510,0,4,4
3123511,0,0,0
3123512,239,252,491
3123513,181,167,348
3123514,133,142,275
3123515,308,338,646
3123516,181,175,356
3123517,193,219,412
3123518,226,221,447
3123519,178,180,358
3123520,203,246,449
3123521,163,182,345
3123522,197,228,425
3123523,304,324,628
3123524,168,179,347
3123525,126,125,251
3123526,322,298,620
3123601,0,0,0
3123602,325,361,686
3123603,6,4,10
3123604,242,266,508
3123605,122,143,265
3123606,124,147,271
3123607,197,227,424
3123608,197,215,412
3123609,148,182,330
3123610,172,185,357
3123611,231,273,504
3123612,245,264,509
3123613,282,255,537
3123614,326,324,650
3123615,83,114,197
3123616,342,344,686
3123701,153,213,366
3123702,409,535,944
3123703,94,110,204
3123704,0,0,0
3123705,0,0,0
3123706,117,129,246
3123707,146,184,330
3123708,203,278,481
3123709,147,165,312
3123710,221,234,455
3123711,285,284,569
3123712,233,245,478
3123713,240,304,544
3123714,131,218,349
3123715,203,254,457
3123716,175,191,366
3123717,237,245,482
3123718,192,203,395
3123719,242,314,556
3123720,183,191,374
3123721,203,206,409
3123722,232,237,469
3123723,150,169,319
3123724,157,191,348
3123725,135,195,330
3123801,121,143,264
3123802,251,293,544
3123803,218,265,483
3123804,200,213,413
3123805,157,170,327
3123806,176,205,381
3123807,122,113,235
3123808,161,175,336
3123809,186,189,375
3123810,254,269,523
3123811,115,129,244
3123812,189,177,366
3123813,206,225,431
3123814,215,286,501
3123815,118,156,274
3123816,168,230,398
3123817,185,178,363
3123818,177,196,373
3123819,268,299,567
3123820,241,200,441
3123821,95,163,258
3123822,129,148,277
3123823,210,217,427
3123824,430,415,845
3123825,212,239,451
3123826,251,240,491
3123827,161,147,308
3123828,202,234,436
3123829,221,201,422
3123830,167,200,367
3123831,221,253,474
3123832,195,188,383
3123833,252,256,508
3123834,253,260,513
3123835,261,345,606
3123836,175,201,376
3123837,127,136,263
3123838,193,214,407
3123839,192,203,395
3123840,185,154,339
3123841,9,10,19
3123901,223,221,444
3123902,183,202,385
3123903,155,172,327
3123904,266,273,539
3123905,173,153,326
3123906,189,185,374
3123907,251,262,513
3123908,203,204,407
3123909,258,262,520
3123910,165,176,341
3123911,322,317,639
3123912,254,243,497
3123913,323,298,621
3123914,339,353,692
3123915,206,209,415
3123916,181,167,348
3123917,186,186,372
3123918,165,184,349
3123919,246,255,501
3124001,149,144,293
3124002,123,127,250
3124003,0,0,0
3124004,200,188,388
3124005,194,214,408
3124006,169,192,361
3124007,116,132,248
3124008,180,205,385
3124009,138,148,286
3124010,206,221,427
3124011,227,234,461
3124012,237,236,473
3124013,325,352,677
3124014,262,395,657
3124015,166,190,356
3124016,124,129,253
3124017,216,217,433
3124018,155,166,321
3124019,411,464,875
3124020,143,135,278
3124021,221,269,490
3124022,193,203,396
3124023,99,97,196
3124101,129,141,270
3124102,0,0,0
3124103,162,199,361
3124104,175,119,294
3124105,192,195,387
3124106,208,203,411
3124107,140,142,282
3124108,136,146,282
3124109,196,197,393
3124110,200,186,386
3124111,186,166,352
3124112,189,169,358
3124113,112,113,225
3124201,191,184,375
3124202,167,145,312
3124203,155,158,313
3124204,140,140,280
3124205,184,182,366
3124206,212,233,445
3124207,219,227,446
3124208,145,146,291
3124209,125,135,260
3124210,121,129,250
3124211,253,289,542
3124212,82,85,167
3124213,159,178,337
3124214,235,244,479
3124215,194,200,394
3124216,205,209,414
3124217,177,212,389
3124218,141,179,320
3124219,86,43,129
3124220,218,225,443
3124221,157,142,299
3124222,198,206,404
3124223,91,109,200
3124224,122,131,253
3124225,161,166,327
3124226,115,110,225
3124227,185,201,386
3124228,115,153,268
3124229,268,269,537
3124230,242,232,474
3124231,113,106,219
3124232,117,107,224
3124233,262,314,576
3124234,178,192,370
3124235,167,195,362
3124236,221,210,431
3124237,147,133,280
3124238,156,176,332
3124301,201,189,390
3124302,162,159,321
3124303,275,289,564
3124304,23,21,44
3124305,143,177,320
3124306,301,316,617
3124307,292,292,584
3124308,147,146,293
3124309,231,220,451
3124310,206,187,393
3124311,188,214,402
3124312,214,196,410
3124313,195,190,385
3124314,129,118,247
3124315,210,220,430
3124316,170,176,346
3124317,141,125,266
3124318,173,162,335
3124401,73,81,154
3124402,115,104,219
3124403,154,162,316
3124404,84,76,160
3124405,201,249,450
3124406,216,236,452
3124407,216,199,415
3124408,232,251,483
3124409,153,152,305
3124410,0,0,0
3124411,0,0,0
3124412,159,162,321
3124413,216,236,452
3124414,255,299,554
3124415,104,103,207
3124416,276,276,552
3124417,149,164,313
3124418,128,144,272
3124419,169,178,347
3124420,316,299,615
3124421,214,252,466
3124422,117,127,244
3124423,299,266,565
3124424,220,237,457
3124425,249,265,514
3124426,151,154,305
3124427,184,198,382
3124428,173,166,339
3124429,376,371,747
3124430,422,436,858
3124431,211,250,461
3124432,240,215,455
3124433,225,217,442
3124434,175,163,338
3124435,263,287,550
3124436,188,164,352
3124437,123,124,247
3124438,228,247,475
3124439,163,199,362
3124440,150,151,301
3124441,149,154,303
3124442,150,165,315
3124443,278,280,558
3124444,181,170,351
3124445,206,220,426
3124501,568,614,1182
3124502,92,110,202
3124503,276,314,590
3124504,191,239,430
3124505,260,278,538
3124506,224,224,448
3124507,127,153,280
3124508,465,491,956
3124509,290,357,647
3124510,316,351,667
3124511,165,204,369
3124512,260,306,566
3124601,13,19,32
3124602,193,206,399
3124603,346,361,707
3124604,166,182,348
3124605,133,178,311
3124606,11,4,15
3124607,356,387,743
3124608,157,147,304
3124609,218,209,427
3124610,218,238,456
3124611,281,284,565
3124612,105,112,217
3124613,222,198,420
3124614,121,153,274
3124615,64,75,139
3124616,174,182,356
3124617,336,389,725
3124618,125,149,274
3124619,160,151,311
3124620,161,140,301
3124621,226,151,377
3124622,131,88,219
3124623,284,358,642
3124624,328,383,711
3124625,173,193,366
3124626,222,232,454
3124627,226,246,472
3124628,285,299,584
3124629,190,221,411
3124630,0,0,0
3124631,3,7,10
3124701,210,241,451
3124702,147,147,294
3124703,191,199,390
3124704,257,268,525
3124705,278,277,555
3124706,162,189,351
3124707,276,264,540
3124708,226,258,484
3124709,140,132,272
3124710,186,155,341
3124711,212,204,416
3124712,125,115,240
3124713,131,144,275
3124714,120,119,239
3124715,174,191,365
3124716,139,146,285
3124717,142,161,303
3124718,216,272,488
3124719,0,0,0
3124720,138,124,262
3124721,237,244,481
3124722,162,146,308
3124723,174,183,357
3124724,107,144,251
3124801,110,100,210
3124802,103,98,201
3124803,186,174,360
3124804,218,425,643
3124805,5,5,10
3124806,214,277,491
3124807,221,277,498
3124808,300,330,630
3124809,201,203,404
3124810,154,163,317
3124811,213,231,444
3124812,108,113,221
3124813,148,161,309
3124814,211,220,431
3124815,145,150,295
3124816,404,390,794
3124817,302,351,653
3124818,260,283,543
3124819,249,250,499
3124820,163,163,326
3124821,262,316,578
3124822,206,201,407
3124823,191,174,365
3124824,277,267,544
3124825,217,248,465
3124826,146,146,292
3124827,0,0,0
3124828,238,246,484
3124829,305,272,577
3124830,138,144,282
3124831,245,251,496
3124832,352,411,763
3124833,226,265,491
3124834,171,196,367
3124835,166,181,347
3124836,157,143,300
3124837,223,222,445
3124838,135,172,307
3124839,248,257,505
3124840,278,243,521
3124841,118,124,242
3124842,179,177,356
3124843,230,238,468
3124844,159,143,302
3124845,0,0,0
3124846,185,190,375
3124847,110,154,264
3124901,141,141,282
3124902,157,162,319
3124903,173,181,354
3124904,157,166,323
3124905,181,182,363
3124906,154,141,295
3124907,247,246,493
3124908,174,182,356
3124909,267,285,552
3124910,408,402,810
3124911,467,494,961
3124912,384,404,788
3124913,197,223,420
3124914,303,292,595
3124915,224,212,436
3124916,277,275,552
3124917,187,173,360
3124918,161,151,312
3124919,124,130,254
3124920,254,245,499
3124921,221,218,439
3124922,233,262,495
3124923,301,341,642
3124924,241,220,461
3124925,273,275,548
3124926,538,516,1054
3124927,335,348,683
3124928,597,650,1247
3124929,161,155,316
3124930,264,288,552
3124931,308,304,612
3125001,224,219,443
3125002,213,231,444
3125003,229,210,439
3125004,259,254,513
3125005,170,174,344
3125006,300,275,575
3125007,233,215,448
3125008,184,180,364
3125009,162,273,435
3125010,189,209,398
3125011,244,237,481
3125012,247,240,487
3125013,104,91,195
3125014,254,274,528
3125015,228,226,454
3125016,150,160,310
3125017,282,291,573
3125101,1221,1193,2414
3125102,319,315,634
3125103,590,621,1211
3125104,223,203,426
3125105,453,460,913
3125106,155,152,307
3125107,281,280,561
3125108,195,202,397
3125109,203,207,410
3125110,268,279,547
3125111,280,276,556
3125112,201,213,414
3125201,195,213,408
3125202,143,227,370
3125203,233,207,440
3125204,175,203,378
3125205,133,131,264
3125206,150,155,305
3125207,283,292,575
3125208,369,359,728
3125209,393,426,819
3125210,266,263,529
3125211,189,213,402
3125212,16,14,30
3125213,227,244,471
3125214,273,269,542
3125215,181,164,345
3125216,219,227,446
3125217,125,110,235
3125218,192,179,371
3125219,132,138,270
3125220,220,235,455
3125221,0,0,0
3125222,170,193,363
3125223,113,126,239
3125224,201,221,422
3125225,190,198,388
3125226,169,174,343
3125227,190,171,361
3125228,237,214,451
3125229,127,121,248
3125230,287,288,575
3125231,87,152,239
3125232,270,298,568
3125233,168,195,363
3125234,215,224,439
3125235,276,276,552
3125236,324,342,666
3125237,140,199,339
3125238,268,283,551
3125239,237,245,482
3125301,77,89,166
3125302,137,134,271
3125303,234,230,464
3125304,182,223,405
3125305,143,141,284
3125306,228,198,426
3125307,207,218,425
3125308,205,209,414
3125309,0,0,0
3125310,200,219,419
3125311,226,245,471
3125312,245,256,501
3125313,405,387,792
3125314,120,122,242
3125315,7,3,10
3125316,187,203,390
3125317,414,388,802
3125318,238,239,477
3125319,173,177,350
3125320,207,215,422
3125321,129,129,258
3125322,239,249,488
3125323,64,37,101
3125401,4,0,4
3125402,239,201,440
3125403,266,276,542
3125404,143,128,271
3125405,284,245,529
3125406,93,109,202
3125407,174,174,348
3125408,117,115,232
3125409,250,210,460
3125410,148,133,281
3125501,101,103,204
3125502,111,118,229
3125503,148,159,307
3125504,295,271,566
3125505,93,82,175
3125506,341,306,647
3125507,211,231,442
3125508,210,168,378
3125509,165,162,327
3125510,110,117,227
3125511,232,206,438
3125512,197,194,391
3125513,223,225,448
3125514,204,183,387
3125515,285,296,581
3125516,235,254,489
3125517,225,223,448
3125518,367,395,762
3125519,226,228,454
3125520,195,192,387
3125521,21,12,33
3125522,417,414,831
3125523,144,163,307
3125524,255,253,508
3125525,474,482,956
3125526,22,13,35
3125527,119,87,206
3125528,132,104,236
3125529,163,152,315
3125530,299,300,599
3125531,106,111,217
3125532,568,584,1152
3125533,445,439,884
3125534,250,291,541
3125535,237,259,496
3125536,160,143,303
3125601,182,200,382
3125602,166,168,334
3125603,0,0,0
3125604,208,221,429
3125605,168,161,329
3125606,0,0,0
3125607,0,0,0
3125608,121,127,248
3125609,243,213,456
3125610,243,263,506
3125611,369,386,755
3125612,305,309,614
3125613,266,272,538
3125614,476,449,925
3125615,271,246,517
3125616,303,290,593
3125617,172,169,341
3125618,176,162,338
3125619,179,195,374
3125620,212,220,432
3125621,223,224,447
3125622,214,231,445
3125623,249,231,480
3125624,211,219,430
3125625,188,202,390
3125626,177,178,355
3125627,458,480,938
3125628,207,246,453
3125629,193,228,421
3125630,197,224,421
3125631,174,184,358
3125632,139,132,271
3125633,190,194,384
3125634,217,253,470
3125701,153,154,307
3125702,203,192,395
3125703,131,152,283
3125704,396,399,795
3125705,707,724,1431
3125801,256,262,518
3125802,209,248,457
3125803,179,204,383
3125804,251,258,509
3125805,191,170,361
3125806,98,103,201
3125807,167,136,303
3125808,166,155,321
3125809,225,238,463
3125810,262,248,510
3125811,168,142,310
3125812,481,492,973
3125813,463,462,925
3125814,233,242,475
3125815,122,109,231
3125816,200,186,386
3125817,143,143,286
3125818,131,135,266
3125819,186,191,377
3125820,765,804,1569
3125821,537,556,1093
3125822,212,221,433
3125823,136,134,270
3125824,325,366,691
3125825,129,152,281
3125826,185,168,353
3125827,146,153,299
3125828,313,333,646
3125829,181,186,367
3125830,166,144,310
3125831,217,220,437
3125832,226,228,454
3125833,255,260,515
3125834,266,258,524
3125835,351,349,700
3125836,325,358,683
3125837,323,421,744
3125838,212,191,403
3125839,189,209,398
3125840,342,381,723
3125841,656,676,1332
3125842,237,251,488
3125843,246,278,524
3125844,142,159,301
3125845,78,96,174
3125846,309,329,638
3125847,163,153,316
3125901,196,224,420
3125902,71,148,219
3125903,236,257,493
3125904,143,176,319
3125905,234,246,480
3125906,225,239,464
3125907,155,166,321
3125908,194,202,396
3125909,244,238,482
3125910,186,213,399
3126001,200,214,414
3126002,354,432,786
3126003,252,275,527
3126004,162,175,337
3126005,157,153,310
3126006,251,314,565
3126007,217,237,454
3126008,264,273,537
3126009,144,166,310
3126010,250,246,496
3126011,214,257,471
3126012,178,179,357
3126013,194,211,405
3126014,163,177,340
3126101,138,157,295
3126102,275,278,553
3126103,278,289,567
3126104,193,210,403
3126105,282,314,596
3126106,179,280,459
3126107,155,184,339
3126108,155,170,325
3126109,134,127,261
3126110,237,237,474
3126111,254,300,554
3126112,301,356,657
3126113,207,263,470
3126114,260,288,548
3126115,274,293,567
3126116,172,205,377
3126117,207,209,416
3126118,194,218,412
3126119,173,190,363
3126120,251,322,573
3126121,194,193,387
3126122,173,168,341
3126123,141,171,312
3126124,248,279,527
3126125,159,186,345
3126126,182,205,387
3126127,254,304,558
3126128,108,129,237
3126129,146,154,300
3126130,167,156,323
3126131,137,164,301
3126132,73,84,157
3126133,198,194,392
3126134,151,164,315
3126135,213,208,421
3126136,243,277,520
3126137,153,158,311
3126138,191,183,374
3126139,190,210,400
3126140,174,191,365
3126141,136,158,294
3126142,164,180,344
3126143,162,158,320
3126144,133,150,283
3126145,171,170,341
3126146,233,244,477
3126147,200,206,406
3126148,219,221,440
3126149,218,234,452
3126150,109,154,263
3126151,195,232,427
3126201,271,290,561
3126202,232,242,474
3126203,201,238,439
3126204,390,391,781
3126205,126,129,255
3126206,178,174,352
3126207,278,281,559
3126208,447,507,954
3126209,250,333,583
3126210,252,255,507
3126211,187,175,362
3126212,122,167,289
3126213,221,239,460
3126214,376,411,787
3126215,230,341,571
3126216,292,322,614
3126217,296,282,578
3126218,143,155,298
3126219,263,268,531
3126220,105,132,237
3126221,228,259,487
3126222,390,404,794
3126223,263,287,550
3126224,64,87,151
3126225,215,258,473
3126226,199,203,402
3126227,382,388,770
3126228,262,267,529
3126301,162,166,328
3126302,128,124,252
3126303,94,131,225
3126304,238,225,463
3126305,154,181,335
3126306,198,205,403
3126307,179,206,385
3126308,225,246,471
3126309,173,193,366
3126310,121,111,232
3126311,218,199,417
3126312,177,198,375
3126313,252,266,518
3126314,187,154,341
3126315,164,222,386
3126316,263,230,493
3126317,161,158,319
3126318,199,294,493
3126319,178,185,363
3126320,232,239,471
3126321,142,145,287
3126322,161,345,506
3126323,357,411,768
3126324,7,0,7
3126325,149,149,298
3126326,107,124,231
3126327,287,320,607
3126328,226,225,451
3126329,226,273,499
3126330,129,176,305
3126401,175,194,369
3126402,289,293,582
3126403,3,0,3
3126404,290,274,564
3126405,271,307,578
3126406,227,188,415
3126407,229,242,471
3126408,246,234,480
3126409,432,408,840
3126410,212,182,394
3126411,190,201,391
3126412,285,327,612
3126413,225,276,501
3126414,3,0,3
3126501,194,199,393
3126502,265,271,536
3126503,354,331,685
3126504,222,208,430
3126505,205,213,418
3126506,169,176,345
3126507,218,204,422
3126508,140,148,288
3126509,244,239,483
3126510,212,231,443
3126511,342,387,729
3126512,369,326,695
3126513,171,173,344
3126514,284,297,581
3126515,224,203,427
3126516,134,143,277
3126517,159,160,319
3126518,317,293,610
3126601,160,131,291
3126602,183,189,372
3126603,130,154,284
3126604,0,0,0
3126605,193,187,380
3126606,240,263,503
3126607,96,108,204
3126608,355,118,473
3126609,290,317,607
3126610,117,125,242
3126611,139,141,280
3126612,227,245,472
3126613,270,221,491
3126614,158,236,394
3126615,273,286,559
3126616,195,210,405
3126617,445,462,907
3126618,434,488,922
3126619,238,243,481
3126620,256,269,525
3126621,143,138,281
3126622,249,280,529
3126623,210,237,447
3126624,180,194,374
3126625,268,296,564
3126626,109,120,229
3126627,291,321,612
3126628,149,174,323
3126629,320,287,607
3126630,190,203,393
3126631,233,261,494
3126632,179,149,328
3126633,182,192,374
3126634,349,391,740
3126635,288,295,583
3126636,188,230,418
3126637,867,803,1670
3126638,424,448,872
3126639,281,302,583
3126640,196,187,383
3126641,113,204,317
3126642,201,224,425
3126643,215,244,459
3126644,155,152,307
3126645,158,174,332
3126646,37,166,203
3126647,125,172,297
3126648,0,3,3
3126649,253,310,563
3126650,233,239,472
3126651,214,239,453
3126652,173,257,430
3126653,214,258,472
3126654,175,175,350
3126655,190,160,350
3126656,233,248,481
3126657,158,149,307
3126658,184,194,378
3126659,299,327,626
3126660,222,266,488
3126661,182,175,357
3126662,174,229,403
3126663,136,119,255
3126701,383,386,769
3126702,188,215,403
3126703,151,163,314
3126704,199,195,394
3126705,187,195,382
3126706,211,259,470
3126707,151,172,323
3126708,245,256,501
3126709,204,222,426
3126710,231,232,463
3126711,106,102,208
3126712,153,142,295
3126713,245,237,482
3126714,124,130,254
3126715,118,239,357
3126716,202,236,438
3126717,220,226,446
3126718,235,238,473
3126719,129,151,280
3126720,148,154,302
3126801,149,149,298
3126802,99,110,209
3126803,168,162,330
3126804,277,291,568
3126805,212,208,420
3126806,138,134,272
3126807,97,103,200
3126808,273,289,562
3126809,228,232,460
3126810,4,4,8
3126811,163,156,319
3126812,260,285,545
3126901,191,152,343
3126902,174,134,308
3126903,162,121,283
3126904,237,299,536
3126905,207,213,420
3126906,182,164,346
3126907,147,166,313
3126908,268,258,526
3126909,229,193,422
3127001,138,110,248
3127002,223,266,489
3127003,205,196,401
3127004,232,230,462
3127005,308,268,576
3127006,280,270,550
3127007,237,191,428
3127008,181,205,386
3127009,82,95,177
3127010,148,168,316
3127011,219,215,434
3127012,208,199,407
3127013,225,213,438
3127014,135,113,248
3127015,208,202,410
3127016,382,324,706
3127017,241,238,479
3127018,306,215,521
3127019,235,168,403
3127020,141,131,272
3127021,248,202,450
3127022,386,343,729
3127023,309,271,580
3127024,156,141,297
3127025,216,191,407
3127026,195,194,389
3127027,238,180,418
3127028,310,241,551
3127029,264,232,496
3127030,244,217,461
3127031,330,252,582
3127032,167,187,354
3127033,143,148,291
3127034,169,133,302
3127035,218,234,452
3127036,250,270,520
3127037,181,162,343
3127038,155,143,298
3127039,172,157,329
3127040,295,275,570
3127041,164,152,316
3127042,232,223,455
3127043,243,241,484
3127044,315,271,586
3127045,168,164,332
3127046,163,162,325
3127101,208,170,378
3127102,8,9,17
3127103,228,223,451
3127104,286,276,562
3127105,274,261,535
3127106,6,0,6
3127107,182,188,370
3127108,6,4,10
3127109,0,0,0
3127110,185,147,332
3127111,250,230,480
3127112,219,203,422
3127113,272,252,524
3127114,0,0,0
3127115,141,152,293
3127201,0,0,0
3127202,180,193,373
3127203,132,392,524
3127204,217,185,402
3127205,279,264,543
3127206,262,276,538
3127207,154,177,331
3127208,157,157,314
3127209,265,266,531
3127210,138,152,290
3127211,157,171,328
3127212,199,192,391
3127213,206,209,415
3127214,222,221,443
3127215,294,240,534
3127216,304,288,592
3127217,4,9,13
3127301,143,150,293
3127302,133,149,282
3127303,343,325,668
3127304,121,151,272
3127305,190,216,406
3127306,290,258,548
3127307,290,278,568
3127308,211,266,477
3127309,167,152,319
3127310,195,198,393
3127311,193,210,403
3127312,160,147,307
3127313,249,264,513
3127314,324,340,664
3127315,213,247,460
3127316,211,206,417
3127317,174,196,370
3127318,277,268,545
3127319,153,172,325
3127320,40,38,78
3127321,280,294,574
3127322,106,127,233
3127323,276,293,569
3127324,162,171,333
3127325,183,198,381
3127326,156,169,325
3127327,142,164,306
3127328,288,341,629
3127329,176,188,364
3127330,146,173,319
3127331,235,245,480
3127332,132,156,288
3127333,171,199,370
3127334,192,182,374
3127335,147,200,347
3127336,164,174,338
3127337,250,290,540
3127338,150,148,298
3127339,270,322,592
3127340,241,263,504
3127341,271,257,528
3127342,166,174,340
3127343,165,172,337
3127344,205,218,423
3127345,214,227,441
3127346,257,283,540
3127347,192,233,425
3127348,261,292,553
3127349,293,305,598
3127350,214,227,441
3127351,213,219,432
3127352,167,170,337
3127353,617,564,1181
3127354,141,156,297
3127355,230,224,454
3127356,213,243,456
3127357,157,176,333
3127358,135,128,263
3127359,119,122,241
3127360,125,134,259
3127401,269,304,573
3127402,0,3,3
3127403,142,139,281
3127404,200,177,377
3127405,121,127,248
3127406,239,248,487
3127407,223,245,468
3127408,285,290,575
3127409,177,201,378
3127410,193,205,398
3127411,176,165,341
3127412,168,171,339
3127413,135,134,269
3127414,187,202,389
3127415,252,288,540
3127416,244,264,508
3127417,147,169,316
3127418,144,175,319
3127419,222,209,431
3127420,290,321,611
3127421,215,249,464
3127422,183,169,352
3127423,231,275,506
3127424,121,139,260
3127425,218,220,438
3127426,149,171,320
3127427,183,196,379
3127428,223,215,438
3127429,233,273,506
3127430,243,244,487
3127431,128,137,265
3127432,200,232,432
3127433,114,120,234
3127434,281,306,587
3127435,174,158,332
3127436,326,305,631
3127437,116,150,266
3127438,275,298,573
3127439,82,42,124
3127501,315,304,619
3127502,184,214,398
3127503,146,246,392
3127504,204,231,435
3127505,294,288,582
3127506,247,250,497
3127507,92,96,188
3127508,227,246,473
3127509,137,121,258
3127510,224,229,453
3127511,71,31,102
3127512,271,275,546
3127513,138,153,291
3127514,154,140,294
3127515,165,180,345
3127516,349,348,697
3127517,168,188,356
3127601,192,213,405
3127602,48,50,98
3127603,0,0,0
3127604,145,139,284
3127605,16,8,24
3127606,120,113,233
3127607,84,263,347
3127608,878,0,878
3127609,226,238,464
3127610,276,252,528
3127611,273,310,583
3127612,24,0,24
3127613,1076,0,1076
3127701,188,224,412
3127702,153,158,311
3127703,126,128,254
3127704,267,238,505
3127705,208,203,411
3127706,246,262,508
3127707,379,382,761
3127708,219,219,438
3127709,109,109,218
3127710,174,170,344
3127711,100,109,209
3127712,104,109,213
3127713,158,154,312
3127714,148,150,298
3127715,143,130,273
3127716,160,235,395
3127717,203,192,395
3127718,227,216,443
3127719,223,192,415
3127720,195,197,392
3127721,197,193,390
3127722,208,219,427
3127723,146,122,268
3127724,171,149,320
3127725,188,181,369
3127726,199,200,399
3127727,246,239,485
3127728,230,204,434
3127729,26,35,61
3127730,125,138,263
3127801,145,187,332
3127802,110,97,207
3127803,220,238,458
3127804,128,123,251
3127805,99,132,231
3127806,160,156,316
3127807,252,255,507
3127808,257,240,497
3127809,161,146,307
3127810,107,99,206
3127811,126,123,249
3127812,177,170,347
3127813,132,133,265
3127814,98,92,190
3127815,208,214,422
3127901,3,0,3
3128001,241,227,468
3128002,217,210,427
3128003,208,214,422
3128004,290,324,614
3128005,154,176,330
3128006,139,164,303
3128007,178,179,357
3128008,424,423,847
3128009,125,135,260
3128010,113,117,230
3128011,96,96,192
3128012,113,116,229
3128013,161,171,332
3128014,190,163,353
3128015,150,153,303
3128016,169,148,317
3128017,117,120,237
3128018,160,200,360
3128019,261,345,606
3128020,220,201,421
3128021,129,130,259
3128022,142,140,282
3128023,142,115,257
3128024,225,237,462
3128025,118,120,238
3128026,119,114,233
3128027,149,136,285
3128028,175,159,334
3128029,143,159,302
3128030,178,179,357
3128031,96,100,196
3128032,156,167,323
3128033,121,121,242
3128034,192,215,407
3128035,230,223,453
3128036,257,271,528
3128037,138,117,255
3128038,118,115,233
3128039,127,152,279
3128040,155,107,262
3128041,149,117,266
3128042,224,181,405
3128043,104,113,217
3128044,182,150,332
3128045,232,238,470
3128046,152,155,307
3128047,213,202,415
3128048,188,179,367
3128049,189,205,394
3128050,127,137,264
3128051,151,150,301
3128101,131,122,253
3128102,138,140,278
3128103,98,93,191
3128104,295,265,560
3128105,183,142,325
3128106,157,167,324
3128107,157,174,331
3128108,177,196,373
3128109,160,149,309
3128110,125,111,236
3128111,206,165,371
3128112,116,78,194
3128113,278,267,545
3128114,244,202,446
3128115,104,92,196
3128116,184,193,377
3128117,341,282,623
3128118,274,318,592
3128119,198,192,390
3128120,97,99,196
3128121,260,238,498
3128122,242,236,478
3128123,82,92,174
3128124,165,173,338
3128125,322,319,641
3128126,178,210,388
3128127,105,102,207
3128128,208,221,429
3128129,92,83,175
3128130,176,199,375
3128131,93,87,180
3128132,216,191,407
3128133,291,336,627
3128201,109,126,235
3128202,99,98,197
3128203,201,212,413
3128204,199,175,374
3128205,113,100,213
3128206,133,144,277
3128207,178,239,417
3128208,198,228,426
3128209,106,100,206
3128210,130,110,240
3128211,189,173,362
3128212,110,115,225
3128213,197,189,386
3128214,255,250,505
3128215,144,120,264
3128216,143,138,281
3128217,216,199,415
3128218,665,180,845
3128219,181,175,356
3128220,173,183,356
3128221,124,115,239
3128222,281,267,548
3128223,292,324,616
3128224,399,330,729
3128225,25,20,45
3128226,230,257,487
3128227,145,150,295
3128228,121,124,245
3128229,373,349,722
3128230,232,47,279
3128231,243,237,480
3128301,255,295,550
3128302,221,220,441
3128303,196,233,429
3128304,0,0,0
3128305,134,135,269
3128306,0,0,0
3128307,120,132,252
3128308,379,420,799
3128309,279,286,565
3128310,160,171,331
3128311,172,181,353
3128312,132,149,281
3128313,165,170,335
3128314,204,228,432
3128315,126,123,249
3128316,247,315,562
3128317,214,256,470
3128318,122,132,254
3128319,159,180,339
3128320,117,136,253
3128321,259,273,532
3128322,179,195,374
3128323,137,164,301
3128324,436,437,873
3128401,192,183,375
3128402,135,135,270
3128403,139,151,290
3128404,174,149,323
3128405,154,142,296
3128406,271,255,526
3128407,163,157,320
3128408,270,262,532
3128409,125,125,250
3128410,265,238,503
3128411,249,269,518
3128412,147,171,318
3128413,247,248,495
3128414,220,221,441
3128415,293,274,567
3128416,186,191,377
3128417,207,212,419
3128418,138,130,268
3128419,140,127,267
3128420,236,270,506
3128501,230,242,472
3128502,130,152,282
3128503,171,159,330
3128504,289,266,555
3128505,236,265,501
3128506,292,267,559
3128507,130,132,262
3128508,251,231,482
3128509,244,231,475
3128510,277,294,571
3128511,226,222,448
3128512,156,169,325
3128513,196,220,416
3128514,125,126,251
3128601,147,198,345
3128602,266,195,461
3128603,107,127,234
3128604,170,189,359
3128605,148,140,288
3128606,200,198,398
3128607,173,185,358
3128608,301,236,537
3128609,0,0,0
3128610,84,157,241
3128611,300,154,454
3128612,197,188,385
3128613,230,235,465
3128614,0,6,6
3128615,8,5,13
3128616,196,206,402
3128617,211,223,434
3128618,201,176,377
3128619,145,144,289
3128620,113,115,228
3128621,211,203,414
3128701,155,198,353
3128702,322,324,646
3128703,197,213,410
3128704,216,229,445
3128705,141,155,296
3128706,189,204,393
3128707,173,138,311
3128708,132,143,275
3128709,130,142,272
3128710,118,126,244
3128711,167,186,353
3128712,146,155,301
3128713,244,257,501
3128714,192,190,382
3128715,221,215,436
3128716,227,209,436
3128717,130,125,255
3128718,209,230,439
3128719,147,177,324
3128720,189,214,403
3128721,186,178,364
3128722,257,282,539
3128723,286,313,599
3128724,113,130,243
3128725,198,195,393
3128726,193,186,379
3128727,147,134,281
3128728,161,139,300
3128729,248,210,458
3128730,198,204,402
3128731,112,118,230
3128732,128,112,240
3128733,140,164,304
3128734,282,361,643
3128735,184,165,349
3128736,175,191,366
3128737,171,198,369
3128738,205,213,418
3128739,164,195,359
3128740,107,133,240
3128741,173,182,355
3128742,136,144,280
3128743,164,162,326
3128744,166,182,348
3128745,125,149,274
3128746,144,169,313
3128801,174,164,338
3128802,326,335,661
3128803,108,114,222
3128804,174,183,357
3128805,162,135,297
3128806,205,204,409
3128807,184,172,356
3128808,163,140,303
3128809,220,200,420
3128810,347,307,654
3128811,148,134,282
3128901,141,137,278
3128902,216,186,402
3128903,215,196,411
3128904,235,221,456
3128905,129,132,261
3128906,312,330,642
3128907,247,244,491
3128908,272,245,517
3128909,163,154,317
3128910,137,133,270
3128911,243,222,465
3128912,145,127,272
3129001,208,222,430
3129002,186,202,388
3129003,108,104,212
3129004,260,263,523
3129005,292,279,571
3129006,294,291,585
3129007,159,151,310
3129008,194,203,397
3129009,204,210,414
3129010,122,116,238
3129011,197,199,396
3129012,124,130,254
3129013,247,237,484
3129014,184,192,376
3129015,185,197,382
3129101,333,359,692
3129102,242,255,497
3129103,208,211,419
3129104,229,226,455
3129105,161,188,349
3129106,256,280,536
3129107,22,18,40
3129108,100,89,189
3129109,141,145,286
3129110,176,197,373
3129111,229,225,454
3129112,198,202,400
3129113,234,237,471
3129114,207,214,421
3129115,269,289,558
3129116,285,280,565
3129117,4,4,8
3129201,147,103,250
3129202,0,0,0
3129203,102,122,224
3129204,205,209,414
3129205,216,233,449
3129206,129,126,255
3129207,112,112,224
3129208,118,115,233
3129209,125,113,238
3129210,177,155,332
3129211,162,185,347
3129212,230,219,449
3129213,156,147,303
3129214,200,190,390
3129215,120,99,219
3129216,189,194,383
3129217,94,101,195
3129218,151,160,311
3129219,336,410,746
3129220,177,178,355
3129301,124,136,260
3129302,225,216,441
3129303,170,184,354
3129304,140,159,299
3129305,187,197,384
3129306,215,210,425
3129307,275,278,553
3129308,250,284,534
3129309,217,205,422
3129310,203,246,449
3129311,194,225,419
3129312,147,215,362
3129313,96,124,220
3129314,271,268,539
3129315,131,141,272
3129316,247,247,494
3129317,176,185,361
3129318,169,164,333
3129319,7,8,15
3129320,209,204,413
3129321,227,247,474
3129322,85,98,183
3129323,144,152,296
3129324,190,275,465
3129325,210,235,445
3129326,161,183,344
3129327,119,111,230
3129328,227,251,478
3129329,97,104,201
3129330,414,461,875
3129331,9,6,15
3129332,168,181,349
3129333,242,215,457
3129334,191,212,403
3129335,189,217,406
3129336,478,571,1049
3129401,240,224,464
3129402,171,160,331
3129403,162,168,330
3129404,174,170,344
3129405,119,107,226
3129406,146,174,320
3129407,203,184,387
3129408,221,214,435
3129501,246,263,509
3129502,179,182,361
3129503,11,4,15
3129504,103,117,220
3129505,210,224,434
3129506,260,248,508
3129507,137,137,274
3129508,210,184,394
3129509,255,279,534
3129510,0,0,0
3129601,18,22,40
3129602,258,247,505
3129603,474,456,930
3129604,398,410,808
3129605,324,326,650
3129606,310,304,614
3129607,192,175,367
3129608,154,149,303
3129609,201,203,404
3129610,329,290,619
3129611,193,192,385
3129612,242,219,461
3129613,11,6,17
3129614,132,122,254
3129615,204,178,382
3129616,198,177,375
3129617,275,243,518
3129618,178,159,337
3129619,254,242,496
3129701,171,194,365
3129702,179,203,382
3129703,231,226,457
3129704,267,213,480
3129705,121,115,236
3129706,111,100,211
3129707,289,238,527
3129708,170,163,333
3129709,230,254,484
3129710,127,128,255
3129711,94,95,189
3129712,337,273,610
3129713,160,167,327
3129714,0,0,0
3129715,120,137,257
3129716,166,168,334
3129717,214,200,414
3129718,230,218,448
3129719,280,269,549
3129720,292,306,598
3129721,222,217,439
3129722,186,189,375
3129723,158,164,322
3129724,239,195,434
3129801,3,0,3
3129901,132,143,275
3129902,112,131,243
3129903,163,149,312
3129904,123,158,281
3129905,257,236,493
3129906,247,257,504
3129907,213,201,414
3129908,163,173,336
3129909,213,216,429
3129910,178,176,354
3129911,114,131,245
3129912,228,218,446
3129913,132,200,332
3129914,483,457,940
3129915,242,254,496
3129916,272,287,559
3129917,0,4,4
3129918,0,0,0
3129919,0,0,0
3129920,21,12,33
3129921,115,121,236
3129922,117,91,208
3129923,185,135,320
3129924,133,149,282
3130001,163,156,319
3130002,250,239,489
3130003,239,233,472
3130004,233,244,477
3130005,352,368,720
3130006,226,227,453
3130007,108,104,212
3130008,233,237,470
3130009,148,166,314
3130010,155,160,315
3130011,107,101,208
3130012,121,117,238
3130013,218,217,435
3130014,135,150,285
3130015,244,290,534
3130016,336,310,646
3130017,204,204,408
3130018,227,212,439
3130019,438,414,852
3130020,230,254,484
3130021,232,254,486
3130101,0,0,0
3130201,327,358,685
3130202,3,3,6
3130203,331,355,686
3130204,483,466,949
3130205,224,251,475
3130206,16,18,34
3130207,279,242,521
3130208,190,193,383
3130209,212,199,411
3130210,210,208,418
3130211,167,176,343
3130212,178,159,337
3130213,560,592,1152
3130214,766,776,1542
3130215,265,282,547
3130216,224,253,477
3130217,370,363,733
3130218,302,298,600
3130219,169,186,355
3130220,189,159,348
3130221,269,311,580
3130222,168,163,331
3130223,182,187,369
3130224,175,170,345
3130225,178,149,327
3130226,130,138,268
3130227,271,294,565
3130228,135,130,265
3130229,256,245,501
3130230,207,211,418
3130301,212,230,442
3130302,274,312,586
3130303,247,264,511
3130304,146,129,275
3130305,235,271,506
3130306,462,493,955
3130307,118,128,246
3130308,236,236,472
3130309,317,296,613
3130310,342,382,724
3130311,246,248,494
3130312,153,146,299
3130313,230,252,482
3130314,0,3,3
3130401,323,337,660
3130402,479,504,983
3130403,206,228,434
3130404,667,682,1349
3130405,5,0,5
3130406,210,218,428
3130407,185,198,383
3130408,140,154,294
3130409,284,304,588
3130410,316,312,628
3130411,177,213,390
3130412,188,182,370
3130413,191,173,364
3130414,195,212,407
3130415,164,195,359
3130416,193,185,378
3130417,57,48,105
3130418,150,159,309
3130419,333,339,672
3130420,352,399,751
3130421,185,212,397
3130501,128,132,260
3130502,127,152,279
3130503,253,249,502
3130504,113,124,237
3130505,203,256,459
3130506,266,306,572
3130507,165,192,357
3130508,271,256,527
3130509,200,191,391
3130510,312,323,635
3130511,487,570,1057
3130512,219,236,455
3130513,156,150,306
3130514,408,415,823
3130515,142,127,269
3130516,292,329,621
3130517,234,224,458
3130518,156,151,307
3130519,95,86,181
3130520,304,283,587
3130521,176,186,362
3130522,98,104,202
3130523,137,129,266
3130524,222,211,433
3130525,93,108,201
3130526,142,150,292
3130527,229,234,463
3130528,117,119,236
3130529,150,69,219
3130530,196,227,423
3130601,11,3,14
3130602,118,113,231
3130603,246,235,481
3130604,230,231,461
3130605,126,129,255
3130606,192,211,403
3130607,146,131,277
3130608,299,323,622
3130609,268,254,522
3130610,177,189,366
3130611,310,288,598
3130612,166,159,325
3130613,154,124,278
3130614,257,264,521
3130615,224,253,477
3130616,158,160,318
3130617,285,279,564
3130618,254,222,476
3130619,120,125,245
3130620,173,159,332
3130621,111,127,238
3130622,0,0,0
3130623,118,112,230
3130701,222,239,461
3130702,259,245,504
3130703,251,232,483
3130704,188,195,383
3130705,48,39,87
3130706,19,11,30
3130707,168,230,398
3130708,362,385,747
3130709,550,569,1119
3130710,293,343,636
3130711,87,102,189
3130712,331,339,670
3130713,214,257,471
3130714,436,473,909
3130715,173,194,367
3130716,221,239,460
3130717,239,230,469
3130718,257,234,491
3130719,272,303,575
3130720,94,103,197
3130721,237,233,470
3130722,219,215,434
3130723,256,252,508
3130724,127,138,265
3130725,350,321,671
3130801,190,192,382
3130802,325,357,682
3130803,172,149,321
3130804,242,248,490
3130805,250,243,493
3130806,199,195,394
3130807,240,231,471
3130808,175,187,362
3130809,161,168,329
3130810,122,123,245
3130811,155,150,305
3130812,373,400,773
3130813,224,241,465
3130814,251,261,512
3130815,174,186,360
3130901,262,261,523
3130902,174,159,333
3130903,244,253,497
3130904,86,128,214
3130905,242,263,505
3130906,170,179,349
3130907,156,168,324
3130908,151,182,333
3130909,224,259,483
3130910,155,172,327
3130911,138,159,297
3130912,109,119,228
3130913,210,205,415
3130914,119,101,220
3130915,199,216,415
3130916,88,112,200
3131001,147,150,297
3131002,274,289,563
3131003,260,287,547
3131004,339,354,693
3131005,248,212,460
3131006,145,147,292
3131007,315,303,618
3131008,251,291,542
3131009,167,156,323
3131010,310,337,647
3131011,170,156,326
3131101,184,180,364
3131102,222,217,439
3131103,268,284,552
3131104,290,302,592
3131105,250,234,484
3131106,309,308,617
3131107,235,227,462
3131108,210,196,406
3131109,338,408,746
3131110,100,110,210
3131111,140,144,284
3131112,105,92,197
3131113,171,129,300
3131114,217,199,416
3131115,199,174,373
3131116,153,161,314
3131117,232,243,475
3131118,160,147,307
3131119,114,182,296
3131120,126,138,264
3131121,0,0,0
3131122,317,414,731
3131123,130,170,300
3131124,202,224,426
3131125,186,182,368
3131126,221,258,479
3131127,270,287,557
3131128,268,278,546
3131129,96,117,213
3131201,244,227,471
3131202,107,96,203
3131203,138,146,284
3131204,152,159,311
3131205,178,197,375
3131206,233,280,513
3131207,232,258,490
3131208,193,187,380
3131209,0,0,0
3131210,172,159,331
3131211,261,251,512
3131212,507,580,1087
3131213,265,222,487
3131214,204,189,393
3131215,230,221,451
3131216,177,196,373
3131301,138,106,244
3131302,152,148,300
3131303,109,84,193
3131304,146,145,291
3131305,323,299,622
3131306,177,195,372
3131307,107,110,217
3131308,164,159,323
3131309,246,247,493
3131310,209,228,437
3131311,129,141,270
3131401,228,228,456
3131402,180,180,360
3131403,153,189,342
3131404,192,173,365
3131405,202,225,427
3131406,194,201,395
3131407,354,395,749
3131408,232,249,481
3131409,0,0,0
3131410,239,246,485
3131411,280,230,510
3131412,0,0,0
3131413,214,231,445
3131414,280,279,559
3131415,172,178,350
3131416,249,233,482
3131417,207,198,405
3131418,164,154,318
3131419,224,221,445
3131420,277,274,551
3131421,230,224,454
3131422,169,187,356
3131423,224,235,459
3131424,161,156,317
3131425,230,274,504
3131426,152,182,334
3131427,348,317,665
3131501,0,0,0
3131601,238,244,482
3131602,177,184,361
3131603,129,107,236
3131604,265,285,550
3131605,222,235,457
3131606,124,118,242
3131607,163,176,339
3131608,282,277,559
3131609,237,244,481
3131610,191,196,387
3131611,206,195,401
3131612,163,152,315
3131613,3,3,6
3131614,184,223,407
3131615,226,219,445
3131616,141,126,267
3131617,315,300,615
3131618,250,218,468
3131619,202,206,408
3131620,163,149,312
3131701,108,103,211
3131702,407,438,845
3131703,304,316,620
3131704,150,148,298
3131705,354,375,729
3131706,287,283,570
3131707,242,240,482
3131708,489,487,976
3131709,231,206,437
3131710,152,165,317
3131711,230,273,503
3131712,165,192,357
3131713,114,122,236
3131714,119,130,249
3131715,281,256,537
3131716,385,369,754
3131717,245,237,482
3131718,116,95,211
3131719,300,281,581
3131720,144,142,286
3131721,154,166,320
3131722,141,122,263
3131723,290,271,561
3131724,236,229,465
3131725,108,104,212
3131726,0,0,0
3131801,151,133,284
3131802,192,170,362
3131803,100,97,197
3131804,134,117,251
3131805,159,150,309
3131806,149,126,275
3131807,200,202,402
3131808,218,198,416
3131809,196,167,363
3131810,207,221,428
3131811,192,172,364
3131812,177,181,358
3131813,147,135,282
3131814,151,144,295
3131901,145,148,293
3131902,210,230,440
3131903,155,137,292
3131904,222,254,476
3131905,132,135,267
3131906,229,229,458
3131907,212,227,439
3131908,292,298,590
3131909,251,243,494
3131910,201,231,432
3131911,211,207,418
3131912,328,323,651
3131913,206,219,425
3131914,221,217,438
3131915,188,169,357
3131916,188,198,386
3131917,237,227,464
3131918,253,287,540
3131919,336,346,682
3131920,685,731,1416
3131921,224,216,440
3131922,167,163,330
3131923,115,132,247
3131924,203,201,404
3131925,253,272,525
3131926,249,265,514
3131927,0,0,0
3131928,308,297,605
3131929,222,229,451
3131930,248,240,488
3131931,247,233,480
3131932,3,0,3
3131933,205,179,384
3131934,142,133,275
3131935,209,221,430
3132001,147,132,279
3132002,160,151,311
3132003,230,227,457
3132004,554,535,1089
3132005,130,122,252
3132006,145,134,279
3132007,101,93,194
3132008,286,276,562
3132009,128,109,237
3132010,184,178,362
3132011,66,59,125
3132012,173,153,326
3132013,274,277,551
3132014,179,175,354
3132015,269,263,532
3132016,126,126,252
3132017,234,245,479
3132018,456,460,916
3132019,220,197,417
3132020,334,332,666
3132021,186,195,381
3132022,125,137,262
3132023,118,121,239
3132024,197,186,383
3132025,0,0,0
3132026,222,217,439
3132027,171,186,357
3132028,173,165,338
3132029,383,369,752
3132101,213,194,407
3132102,139,153,292
3132103,206,189,395
3132104,224,190,414
3132105,255,253,508
3132106,209,227,436
3132107,221,202,423
3132108,225,224,449
3132109,127,100,227
3132110,197,207,404
3132111,151,146,297
3132112,307,269,576
3132113,173,178,351
3132114,459,506,965
3132115,136,143,279
3132116,301,299,600
3132117,373,313,686
3132118,534,523,1057
3132119,210,222,432
3132120,142,161,303
3132121,378,366,744
3132122,274,310,584
3132123,202,186,388
3132124,133,120,253
3132125,302,310,612
3132126,166,163,329
3132127,305,293,598
3132128,128,124,252
3132129,259,232,491
3132130,198,197,395
3132131,106,100,206
3132132,202,181,383
3132133,198,194,392
3132134,138,130,268
3132135,112,126,238
3132136,163,146,309
3132137,235,233,468
3132138,142,131,273
3132139,151,150,301
3132140,231,228,459
3132141,215,208,423
3132142,186,197,383
3132143,213,205,418
3132144,261,248,509
3132145,266,275,541
3132201,129,120,249
3132202,196,183,379
3132203,190,181,371
3132204,157,150,307
3132205,256,238,494
3132206,198,166,364
3132207,175,165,340
3132208,204,212,416
3132209,104,93,197
3132210,156,146,302
3132211,149,150,299
3132212,160,160,320
3132213,144,133,277
3132214,221,228,449
3132215,119,117,236
3132216,119,117,236
3132217,116,106,222
3132218,210,174,384
3132301,107,123,230
3132302,109,199,308
3132303,190,227,417
3132304,204,237,441
3132305,181,180,361
3132306,298,300,598
3132307,244,243,487
3132308,262,283,545
3132309,181,223,404
3132310,212,301,513
3132311,133,250,383
3132312,226,234,460
3132313,407,426,833
3132314,114,106,220
3132315,0,3,3
3132316,208,243,451
3132317,76,86,162
3132318,115,120,235
3132319,242,247,489
3132320,326,355,681
3132321,164,143,307
3132401,134,144,278
3132402,115,131,246
3132403,180,170,350
3132404,232,219,451
3132405,178,183,361
3132406,235,225,460
3132407,167,153,320
3132408,119,111,230
3132409,153,141,294
3132410,146,148,294
3132411,109,100,209
3132412,209,192,401
3132413,160,157,317
3132414,282,272,554
3132415,221,201,422
3132416,134,70,204
3132417,80,119,199
3132418,149,159,308
3132419,175,177,352
3132420,218,211,429
3132421,236,278,514
3132422,226,238,464
3132423,190,192,382
3132501,261,275,536
3132502,185,211,396
3132503,183,183,366
3132504,138,135,273
3132505,199,198,397
3132506,155,122,277
3132507,153,180,333
3132508,239,223,462
3132509,133,152,285
3132510,137,148,285
3132511,140,150,290
3132512,75,85,160
3132513,160,187,347
3132514,293,315,608
3132515,265,253,518
3132516,280,287,567
3132517,152,151,303
3132518,188,189,377
3132519,0,0,0
3132520,298,296,594
3132521,378,367,745
3132522,287,293,580
3132523,299,280,579
3132524,154,159,313
3132525,0,0,0
3132526,270,270,540
3132527,203,190,393
3132528,95,108,203
3132601,94,126,220
3132602,161,169,330
3132603,252,295,547
3132604,195,179,374
3132605,188,173,361
3132606,215,242,457
3132607,224,238,462
3132608,258,278,536
3132609,255,314,569
3132610,188,209,397
3132611,169,181,350
3132612,287,296,583
3132613,251,248,499
3132614,347,350,697
3132615,258,243,501
3132616,237,251,488
3132617,0,0,0
3132618,241,239,480
3132619,14,13,27
3132620,188,209,397
3132621,0,0,0
3132622,277,313,590
3132623,222,214,436
3132701,289,304,593
3132702,207,176,383
3132703,195,191,386
3132704,197,190,387
3132705,225,227,452
3132706,98,80,178
3132707,193,186,379
3132708,229,219,448
3132709,212,224,436
3132710,220,210,430
3132711,114,126,240
3132712,164,144,308
3132713,155,163,318
3132714,112,104,216
3132715,271,279,550
3132716,155,191,346
3132717,222,226,448
3132718,175,189,364
3132719,289,320,609
3132720,131,128,259
3132721,214,227,441
3132722,187,195,382
3132723,220,224,444
3132724,197,182,379
3132725,193,210,403
3132726,171,164,335
3132727,226,234,460
3132728,99,119,218
3132729,239,253,492
3132801,150,140,290
3132802,260,282,542
3132803,298,286,584
3132804,293,270,563
3132805,108,107,215
3132806,172,278,450
3132807,321,298,619
3132808,412,444,856
3132809,102,104,206
3132810,266,257,523
3132811,113,145,258
3132812,286,292,578
3132813,249,274,523
3132814,141,144,285
3132815,256,278,534
3132901,200,204,404
3132902,144,131,275
3132903,217,217,434
3132904,136,138,274
3132905,191,192,383
3132906,372,391,763
3132907,237,230,467
3132908,249,229,478
3132909,137,127,264
3132910,0,0,0
3132911,236,230,466
3132912,193,197,390
3132913,227,173,400
3132914,159,175,334
3132915,183,188,371
3132916,140,148,288
3132917,127,137,264
3133001,205,224,429
3133002,198,152,350
3133003,244,235,479
3133004,222,247,469
3133005,230,234,464
3133006,200,200,400
3133007,5,3,8
3133008,283,240,523
3133009,144,164,308
3133010,188,162,350
3133011,188,201,389
3133012,221,230,451
3133013,200,172,372
3133014,301,306,607
3133015,253,255,508
3133016,284,283,567
3133017,148,160,308
3133018,289,287,576
3133019,73,80,153
3133020,240,265,505
3133021,269,248,517
3133022,178,186,364
3133023,201,211,412
3133024,137,141,278
3133025,7,5,12
3133026,193,193,386
3133101,125,116,241
3133102,265,220,485
3133103,54,34,88
3133104,280,272,552
3133105,114,137,251
3133106,295,302,597
3133107,226,255,481
3133108,168,173,341
3133109,286,222,508
3133110,279,255,534
3133111,185,184,369
3133112,180,184,364
3133113,293,311,604
3133114,250,230,480
3133115,172,201,373
3133201,131,138,269
3133202,190,194,384
3133203,178,180,358
3133204,205,241,446
3133205,188,215,403
3133206,272,270,542
3133207,224,247,471
3133208,152,157,309
3133209,213,242,455
3133210,166,196,362
3133211,260,273,533
3133212,65,59,124
3133213,194,187,381
3133214,164,146,310
3133215,229,251,480
3133216,239,250,489
3133217,248,253,501
3133218,120,137,257
3133219,150,144,294
3133220,159,174,333
3133221,238,231,469
3133222,132,126,258
3133223,235,230,465
3133224,182,219,401
3133225,173,160,333
3133226,166,163,329
3133227,148,139,287
3133228,279,274,553
3133229,156,160,316
3133230,96,118,214
3133231,167,185,352
3133232,259,281,540
3133233,219,236,455
3133234,125,144,269
3133235,177,189,366
3133236,141,154,295
3133237,249,306,555
3133238,153,160,313
3133239,131,140,271
3133240,184,198,382
3133301,134,157,291
3133302,220,227,447
3133303,230,207,437
3133304,292,242,534
3133305,14,6,20
3133306,229,240,469
3133307,130,176,306
3133308,131,148,279
3133309,210,188,398
3133310,108,134,242
3133311,152,154,306
3133312,94,115,209
3133313,185,188,373
3133314,90,113,203
3133315,217,236,453
3133316,282,296,578
3133317,159,154,313
3133318,253,267,520
3133319,225,235,460
3133320,259,258,517
3133321,222,198,420
3133322,280,322,602
3133323,197,187,384
3133324,175,174,349
3133325,220,238,458
3133326,214,239,453
3133327,212,181,393
3133401,293,304,597
3133402,291,274,565
3133403,134,174,308
3133404,150,131,281
3133405,277,257,534
3133406,218,219,437
3133407,233,218,451
3133408,157,174,331
3133409,221,277,498
3133410,279,307,586
3133411,269,295,564
3133412,126,113,239
3133413,174,169,343
3133414,174,199,373
3133415,241,236,477
3133416,241,245,486
3133417,276,258,534
3133418,129,134,263
3133419,144,149,293
3133420,131,147,278
3133421,127,122,249
3133422,149,157,306
3133501,469,478,947
3133502,207,237,444
3133503,187,177,364
3133504,218,213,431
3133505,136,130,266
3133506,4,4,8
3133507,183,179,362
3133508,166,190,356
3133509,139,148,287
3133510,346,339,685
3133511,86,80,166
3133512,281,257,538
3133513,247,222,469
3133601,250,258,508
3133602,264,271,535
3133603,245,239,484
3133604,318,333,651
3133605,143,151,294
3133606,133,117,250
3133607,221,211,432
3133608,235,201,436
3133609,152,182,334
3133610,239,233,472
3133611,223,215,438
3133612,119,119,238
3133613,188,216,404
3133614,240,244,484
3133615,156,151,307
3133616,109,118,227
3133617,165,146,311
3133618,255,255,510
3133619,212,194,406
3133620,105,112,217
3133621,167,156,323
3133622,169,248,417
3133623,220,193,413
3133624,344,361,705
3133625,117,125,242
3133626,156,179,335
3133627,208,200,408
3133628,233,233,466
3133629,237,258,495
3133630,271,304,575
3133631,226,247,473
3133701,125,117,242
3133702,286,204,490
3133703,192,148,340
3133704,198,175,373
3133705,283,247,530
3133706,192,189,381
3133707,190,179,369
3133708,309,233,542
3133709,185,172,357
3133710,211,205,416
3133711,267,294,561
3133712,161,140,301
3133713,256,240,496
3133714,256,220,476
3133715,213,204,417
3133716,143,136,279
3133717,278,261,539
3133718,273,267,540
3133719,303,231,534
3133720,205,183,388
3133721,117,156,273
3133801,371,281,652
3133802,304,269,573
3133803,136,117,253
3133804,171,150,321
3133805,230,200,430
3133806,308,251,559
3133807,249,97,346
3133808,216,175,391
3133809,214,168,382
3133810,440,177,617
3133811,221,177,398
3133812,176,131,307
3133813,163,139,302
3133814,353,321,674
3133815,198,104,302
3133816,123,108,231
3133817,118,107,225
3133818,187,168,355
3133819,156,112,268
3133820,242,184,426
3133821,230,166,396
3133822,136,122,258
3133823,301,173,474
3133824,179,170,349
3133825,0,0,0
3133826,165,149,314
3133827,0,0,0
3133828,36,30,66
3133901,155,174,329
3133902,195,211,406
3133903,152,130,282
3133904,191,158,349
3133905,191,180,371
3133906,229,212,441
3133907,469,415,884
3133908,245,215,460
3133909,115,109,224
3134001,115,83,198
3134002,123,119,242
3134003,130,115,245
3134004,161,139,300
3134005,140,132,272
3134006,135,110,245
3134007,178,166,344
3134008,324,243,567
3134009,140,124,264
3134010,128,94,222
3134011,76,61,137
3134012,249,211,460
3134013,153,137,290
3134014,0,0,0
3134015,159,104,263
3134101,32,9,41
3134102,547,478,1025
3134103,193,167,360
3134104,352,315,667
3134105,233,214,447
3134106,236,225,461
3134107,125,97,222
3134108,202,164,366
3134109,255,241,496
3134110,235,214,449
3134111,189,32,221
3134112,165,135,300
3134113,224,199,423
3134114,267,71,338
3134115,309,257,566
3134116,258,207,465
3134117,115,98,213
3134118,192,183,375
3134119,171,144,315
3134120,256,187,443
3134121,179,162,341
3134122,243,190,433
3134201,244,258,502
3134202,312,307,619
3134203,204,199,403
3134204,217,235,452
3134205,233,221,454
3134206,49,50,99
3134207,140,142,282
3134208,11,10,21
3134209,284,272,556
3134210,221,220,441
3134211,133,121,254
3134212,146,163,309
3134213,110,111,221
3134214,213,206,419
3134215,257,235,492
3134216,208,189,397
3134217,181,164,345
3134218,106,109,215
3134219,227,196,423
3134220,229,273,502
3134221,246,277,523
3134222,205,198,403
3134223,452,418,870
3134224,136,142,278
3134225,154,154,308
3134226,274,264,538
3134227,248,225,473
3134228,271,268,539
3134229,279,246,525
3134230,204,169,373
3134231,391,370,761
3134232,156,137,293
3134233,384,477,861
3134234,128,133,261
3134301,151,141,292
3134302,261,217,478
3134303,0,0,0
3134304,158,151,309
3134305,141,110,251
3134306,0,0,0
3134307,242,210,452
3134308,176,159,335
3134309,214,172,386
3134310,174,165,339
3134311,204,197,401
3134312,156,231,387
3134401,264,242,506
3134402,230,208,438
3134403,147,148,295
3134404,134,107,241
3134405,245,202,447
3134406,413,372,785
3134407,219,186,405
3134408,224,219,443
3134409,534,477,1011
3134410,345,286,631
3134411,219,180,399
3134412,312,309,621
3134413,186,168,354
3134414,375,330,705
3134415,122,120,242
3134416,261,242,503
3134417,442,420,862
3134418,231,219,450
3134419,164,153,317
3134420,129,119,248
3134501,0,4,4
3134601,215,207,422
3134602,199,159,358
3134603,197,162,359
3134604,194,185,379
3134605,257,178,435
3134606,234,238,472
3134607,291,260,551
3134608,295,247,542
3134609,90,65,155
3134610,252,150,402
3134701,283,243,526
3134801,118,139,257
3134802,174,160,334
3134803,197,205,402
3134804,177,158,335
3134805,119,126,245
3134806,321,314,635
3134807,98,118,216
3134808,131,122,253
3134809,579,583,1162
3134810,300,295,595
3134811,239,225,464
3134812,250,253,503
3134813,415,480,895
3134814,153,142,295
3134815,253,252,505
3134816,100,90,190
3134817,143,121,264
3134818,188,173,361
3134819,166,155,321
3134820,179,171,350
3134821,207,195,402
3134822,203,194,397
3134823,313,318,631
3134824,226,221,447
3134825,148,135,283
3134901,143,152,295
3134902,136,122,258
3134903,197,216,413
3134904,248,211,459
3134905,66,41,107
3134906,245,261,506
3134907,182,180,362
3134908,258,245,503
3134909,239,250,489
3134910,172,244,416
3134911,168,153,321
3134912,176,221,397
3134913,104,67,171
3134914,248,252,500
3134915,125,127,252
3134916,196,188,384
3134917,270,240,510
3134918,189,177,366
3134919,24,14,38
3135001,41,25,66
3135002,255,193,448
3135003,265,203,468
3135004,180,116,296
3135005,465,409,874
3135006,169,161,330
3135007,200,205,405
3135008,118,112,230
3135009,386,373,759
3135010,126,116,242
3135101,217,205,422
3135102,148,127,275
3135103,132,127,259
3135104,175,162,337
3135105,158,148,306
3135106,261,233,494
3135107,351,309,660
3135108,303,233,536
3135109,294,227,521
3135110,330,268,598
3135111,644,610,1254
3135112,205,199,404
3135113,124,116,240
3135114,252,258,510
3135115,128,133,261
3135201,129,111,240
3135202,0,0,0
3135203,121,101,222
3135204,405,366,771
3135205,205,201,406
3135206,114,115,229
3135207,252,266,518
3135208,146,147,293
3135209,136,112,248
3135210,248,220,468
3135211,324,282,606
3135212,1152,1043,2195
3135213,140,128,268
3135214,134,126,260
3135215,91,92,183
3135216,176,149,325
3135217,322,299,621
3135218,100,72,172
3135219,185,170,355
3135220,379,322,701
3135221,252,229,481
3135222,298,277,575
3135223,166,154,320
3135224,189,163,352
3135225,0,0,0
3135226,446,343,789
3135301,58,59,117
3135302,142,112,254
3135303,84,85,169
3135304,0,0,0
3135305,65,45,110
3135306,134,102,236
3135307,242,202,444
3135308,71,74,145
3135309,158,135,293
3135310,240,188,428
3135311,243,203,446
3135312,132,124,256
3135313,240,240,480
3135314,190,168,358
3135315,155,128,283
3135316,163,154,317
3135317,145,133,278
3135318,244,206,450
3135319,122,133,255
3135320,180,166,346
3135321,120,120,240
3135322,203,173,376
3135323,266,233,499
3135324,169,130,299
3135325,236,185,421
3135326,208,181,389
3135327,154,142,296
3135328,121,120,241
3135401,236,258,494
3135402,291,304,595
3135403,154,125,279
3135404,226,195,421
3135405,359,304,663
3135406,201,181,382
3135407,407,371,778
3135408,113,98,211
3135409,57,45,102
3135410,189,190,379
3135411,202,218,420
3135412,145,155,300
3135413,166,154,320
3135501,106,108,214
3135502,211,186,397
3135503,136,120,256
3135504,165,142,307
3135505,253,220,473
3135506,234,213,447
3135507,254,242,496
3135508,109,103,212
3135509,191,176,367
3135510,234,215,449
3135511,110,128,238
3135512,0,3,3
3135513,0,0,0
3135601,220,189,409
3135602,172,183,355
3135603,141,156,297
3135604,223,227,450
3135605,226,197,423
3135606,297,332,629
3135607,320,318,638
3135608,245,252,497
3135609,218,237,455
3135610,252,233,485
3135611,182,181,363
3135612,172,171,343
3135613,160,155,315
3135614,3,0,3
3135615,172,159,331
3135616,218,183,401
3135617,187,155,342
3135618,213,218,431
3135619,121,132,253
3135701,71,67,138
3135702,168,167,335
3135703,146,127,273
3135704,216,212,428
3135705,202,165,367
3135706,224,162,386
3135707,244,188,432
3135708,147,130,277
3135709,252,218,470
3135710,122,119,241
3135711,193,195,388
3135712,242,229,471
3135713,107,110,217
3135714,156,147,303
3135715,134,124,258
3135716,184,170,354
3135717,168,176,344
3135718,131,124,255
3135719,152,160,312
3135720,279,259,538
3135721,189,154,343
3135722,250,213,463
3135723,418,399,817
3135801,199,214,413
3135802,231,223,454
3135803,145,115,260
3135804,246,260,506
3135805,255,265,520
3135806,179,171,350
3135807,7,12,19
3135808,221,192,413
3135809,129,142,271
3135810,248,258,506
3135811,220,254,474
3135812,287,293,580
3135813,137,129,266
3135814,155,154,309
3135815,141,128,269
3135816,239,252,491
3135817,189,219,408
3135901,140,101,241
3135902,120,105,225
3135903,175,145,320
3135904,164,140,304
3135905,655,553,1208
3135906,171,135,306
3135907,245,221,466
3135908,146,142,288
3135909,250,205,455
3135910,334,287,621
3135911,225,201,426
3135912,157,154,311
3135913,159,178,337
3135914,258,207,465
3135915,77,64,141
3135916,48,43,91
3135917,0,0,0
3135918,54,41,95
3135919,82,92,174
3135920,173,148,321
3135921,279,196,475
3135922,278,261,539
3135923,131,114,245
3135924,101,87,188
3135925,179,234,413
3135926,202,142,344
3135927,193,183,376
3135928,366,368,734
3135929,227,205,432
3136001,0,0,0
3136101,267,231,498
3136102,276,276,552
3136103,219,175,394
3136104,164,155,319
3136105,258,235,493
3136106,233,223,456
3136107,178,148,326
3136108,119,108,227
3136109,219,196,415
3136110,222,250,472
3136111,52,46,98
3136112,171,154,325
3136113,221,199,420
3136114,233,240,473
3136115,110,119,229
3136116,197,206,403
3136117,151,134,285
3136118,173,198,371
3136119,178,195,373
3136120,185,176,361
3136121,0,0,0
3136122,149,114,263
3136123,120,100,220
3136201,226,217,443
3136202,158,152,310
3136203,441,467,908
3136204,3,8,11
3136205,209,207,416
3136206,440,520,960
3136207,119,111,230
3136208,237,224,461
3136209,206,156,362
3136210,166,143,309
3136211,170,167,337
3136212,131,144,275
3136213,163,170,333
3136214,302,278,580
3136215,187,209,396
3136216,201,213,414
3136217,291,310,601
3136218,159,145,304
3136219,332,341,673
3136220,193,227,420
3136221,157,172,329
3136222,104,115,219
3136223,187,219,406
3136224,237,250,487
3136225,118,133,251
3136226,237,273,510
3136227,218,240,458
3136228,206,195,401
3136229,225,220,445
3136230,238,260,498
3136231,202,191,393
3136232,176,160,336
3136301,219,251,470
3136302,273,282,555
3136303,217,229,446
3136304,194,190,384
3136305,183,199,382
3136306,222,265,487
3136307,93,117,210
3136308,139,171,310
3136309,185,215,400
3136310,170,158,328
3136311,168,186,354
3136312,196,195,391
3136313,95,110,205
3136314,270,299,569
3136315,271,278,549
3136316,205,211,416
3136317,234,255,489
3136318,185,182,367
3136319,425,402,827
3136320,4,0,4
3136321,0,0,0
3136322,67,78,145
3136323,222,241,463
3136324,255,337,592
3136325,139,139,278
3136326,223,205,428
3136327,125,117,242
3136328,141,131,272
3136329,280,311,591
3136330,0,0,0
3136331,255,352,607
3136332,252,266,518
3136333,176,196,372
3136334,134,150,284
3136335,231,238,469
3136336,320,333,653
3136337,93,118,211
3136338,192,218,410
3136339,137,159,296
3136340,234,253,487
3136341,216,236,452
3136342,130,154,284
3136343,163,161,324
3136344,55,57,112
3136345,184,233,417
3136401,123,105,228
3136402,216,194,410
3136403,218,217,435
3136404,204,197,401
3136405,165,151,316
3136406,248,243,491
3136407,181,176,357
3136408,229,227,456
3136409,180,185,365
3136410,108,107,215
3136501,232,235,467
3136502,156,236,392
3136503,173,168,341
3136504,231,257,488
3136505,235,245,480
3136506,128,142,270
3136507,306,318,624
3136508,292,274,566
3136509,160,165,325
3136510,303,298,601
3136511,144,185,329
3136512,72,73,145
3136513,279,348,627
3136514,147,162,309
3136515,238,228,466
3136516,444,478,922
3136517,300,296,596
3136518,222,217,439
3136519,154,187,341
3136520,244,316,560
3136521,229,235,464
3136522,114,122,236
3136523,178,144,322
3136524,316,351,667
3136525,284,269,553
3136526,70,66,136
3136527,279,271,550
3136528,186,259,445
3136529,136,142,278
3136530,287,279,566
3136531,299,289,588
3136532,303,254,557
3136533,288,288,576
3136534,439,449,888
3136535,311,312,623
3136536,116,112,228
3136537,318,375,693
3136538,163,195,358
3136539,238,234,472
3136540,242,261,503
3136541,208,252,460
3136542,189,177,366
3136543,216,225,441
3136544,149,173,322
3136545,314,351,665
3136546,192,176,368
3136547,86,84,170
3136548,243,280,523
3136601,268,297,565
3136602,131,135,266
3136603,214,215,429
3136604,149,177,326
3136605,151,152,303
3136606,103,135,238
3136607,318,340,658
3136608,291,271,562
3136609,260,284,544
3136610,176,233,409
3136611,200,238,438
3136612,0,0,0
3136613,262,268,530
3136614,282,335,617
3136615,292,349,641
3136616,248,244,492
3136617,356,389,745
3136618,159,200,359
3136619,133,162,295
3136620,224,257,481
3136621,250,292,542
3136622,279,297,576
3136623,621,679,1300
3136624,201,242,443
3136625,202,197,399
3136626,187,172,359
3136627,266,288,554
3136628,190,181,371
3136629,130,134,264
3136630,184,191,375
3136631,360,339,699
3136632,527,556,1083
3136633,529,537,1066
3136634,173,200,373
3136635,178,179,357
3136636,210,205,415
3136637,247,271,518
3136701,262,235,497
3136702,210,207,417
3136703,195,188,383
3136704,137,160,297
3136705,187,203,390
3136706,152,146,298
3136707,112,117,229
3136708,198,197,395
3136709,228,208,436
3136710,189,193,382
3136801,106,105,211
3136802,225,248,473
3136803,173,179,352
3136804,240,257,497
3136805,101,111,212
3136806,193,224,417
3136807,209,186,395
3136808,329,321,650
3136809,301,287,588
3136810,196,249,445
3136811,355,353,708
3136812,284,294,578
3136813,520,545,1065
3136814,279,295,574
3136901,112,104,216
3136902,125,120,245
3136903,144,133,277
3136904,234,197,431
3136905,211,218,429
3136906,235,254,489
3136907,446,419,865
3136908,319,313,632
3137001,220,216,436
3137002,158,171,329
3137003,169,141,310
3137004,149,171,320
3137005,233,215,448
3137006,288,267,555
3137007,135,132,267
3137008,133,122,255
3137009,279,255,534
3137010,159,156,315
3137011,222,209,431
3137012,153,188,341
3137013,148,146,294
3137101,183,177,360
3137102,554,0,554
3137103,152,139,291
3137104,262,267,529
3137105,255,291,546
3137106,201,232,433
3137107,407,422,829
3137108,353,360,713
3137109,31,28,59
3137110,89,81,170
3137111,238,243,481
3137112,90,78,168
3137113,272,277,549
3137114,82,80,162
3137115,163,129,292
3137116,176,143,319
3137201,108,103,211
3137202,287,279,566
3137203,146,153,299
3137204,218,197,415
3137205,0,0,0
3137206,129,121,250
3137207,145,136,281
3137208,130,122,252
3137209,113,125,238
3137210,329,420,749
3137211,168,149,317
3137212,186,198,384
3137213,118,133,251
3137214,105,101,206
3137215,243,244,487
3137216,170,162,332
3137217,163,212,375
3137218,130,131,261
3137219,228,283,511
3137220,152,166,318
3137221,221,216,437
3137222,108,109,217
3137223,214,199,413
3137224,186,171,357
3137225,213,220,433
3137226,249,272,521
3137227,180,208,388
3137228,227,234,461
3137229,268,304,572
3137230,228,244,472
3137231,120,116,236
3137232,357,333,690
3137233,148,121,269
3137234,228,203,431
3137235,174,186,360
3137301,294,253,547
3137302,170,175,345
3137303,141,178,319
3137304,265,278,543
3137305,354,298,652
3137306,229,214,443
3137307,170,173,343
3137308,138,125,263
3137309,197,227,424
3137310,135,134,269
3137311,193,186,379
3137312,420,427,847
3137313,0,0,0
3137314,239,349,588
3137315,118,111,229
3137316,139,167,306
3137317,99,117,216
3137318,304,279,583
3137319,233,229,462
3137320,304,318,622
3137321,140,170,310
3137322,257,272,529
3137323,256,262,518
3137324,155,188,343
3137325,138,147,285
3137326,144,158,302
3137327,0,0,0
3137328,125,195,320
3137329,46,48,94
3137330,210,195,405
3137331,172,186,358
3137332,277,265,542
3137333,313,333,646
3137334,165,177,342
3137335,167,179,346
3137336,75,103,178
3137337,0,0,0
3137338,134,138,272
3137339,236,262,498
3137340,155,177,332
3137341,183,181,364
3137342,231,234,465
3137343,181,194,375
3137344,153,159,312
3137345,144,164,308
3137346,114,137,251
3137347,369,367,736
3137348,176,248,424
3137349,234,251,485
3137350,297,314,611
3137351,286,305,591
3137352,164,158,322
3137353,214,233,447
3137354,180,205,385
3137355,195,195,390
3137356,160,165,325
3137401,135,125,260
3137402,144,135,279
3137403,223,239,462
3137404,179,179,358
3137405,138,127,265
3137406,148,146,294
3137407,213,200,413
3137408,165,153,318
3137409,167,155,322
3137410,146,139,285
3137411,214,195,409
3137412,166,174,340
3137413,160,165,325
3137414,143,148,291
3137415,102,94,196
3137501,188,212,400
3137502,338,340,678
3137503,210,225,435
3137504,142,171,313
3137505,211,223,434
3137506,104,118,222
3137507,159,160,319
3137508,627,674,1301
3137509,238,205,443
3137510,225,234,459
3137511,172,149,321
3137512,451,461,912
3137513,357,362,719
3137514,240,213,453
3137515,288,308,596
3137516,158,176,334
3137517,226,226,452
3137518,188,195,383
3137519,198,206,404
3137520,187,191,378
3137521,183,155,338
3137522,267,268,535
3137523,306,315,621
3137524,199,215,414
3137525,362,394,756
3137526,214,217,431
3137527,166,149,315
3137528,275,269,544
3137529,311,310,621
3137530,261,266,527
3137531,154,152,306
3137532,3,3,6
3137533,148,158,306
3137534,151,142,293
3137535,140,125,265
3137601,0,0,0
3137602,190,192,382
3137603,138,128,266
3137604,187,167,354
3137605,154,148,302
3137606,216,229,445
3137607,147,121,268
3137608,180,156,336
3137609,213,255,468
3137701,0,4,4
3137702,20,6,26
3137703,0,0,0
3137704,134,140,274
3137705,192,211,403
3137706,190,182,372
3137707,225,207,432
3137708,266,300,566
3137709,199,175,374
3137710,196,164,360
3137711,144,165,309
3137712,211,195,406
3137713,229,255,484
3137714,347,348,695
3137715,210,209,419
3137716,134,158,292
3137717,263,239,502
3137718,141,133,274
3137719,285,282,567
3137720,242,252,494
3137721,223,216,439
3137722,98,116,214
3137801,185,183,368
3137802,116,153,269
3137803,211,240,451
3137804,215,214,429
3137805,159,192,351
3137806,246,270,516
3137807,136,136,272
3137808,156,167,323
3137809,205,228,433
3137810,112,120,232
3137811,152,149,301
3137812,208,230,438
3137813,275,276,551
3137814,195,205,400
3137815,210,273,483
3137816,174,190,364
3137817,215,242,457
3137818,114,127,241
3137819,253,266,519
3137820,222,226,448
3137821,238,243,481
3137822,226,256,482
3137823,161,171,332
3137824,165,186,351
3137825,130,148,278
3137826,283,296,579
3137827,143,162,305
3137828,235,207,442
3137901,162,175,337
3137902,194,209,403
3137903,151,151,302
3137904,186,200,386
3137905,200,216,416
3137906,168,153,321
3137907,198,206,404
3137908,143,141,284
3137909,166,187,353
3137910,337,369,706
3137911,213,218,431
3137912,183,221,404
3137913,223,289,512
3137914,243,289,532
3137915,212,218,430
3137916,204,216,420
3137917,176,149,325
3137918,230,266,496
3137919,5,4,9
3137920,271,282,553
3137921,85,102,187
3137922,77,120,197
3137923,183,211,394
3137924,197,203,400
3138001,192,184,376
3138002,209,202,411
3138003,347,453,800
3138004,406,385,791
3138005,423,462,885
3138006,193,214,407
3138007,168,216,384
3138008,198,272,470
3138009,162,177,339
3138010,194,211,405
3138011,151,156,307
3138012,174,159,333
3138013,239,234,473
3138014,378,419,797
3138015,141,175,316
3138016,199,190,389
3138017,169,220,389
3138018,191,197,388
3138019,233,226,459
3138020,104,135,239
3138021,198,238,436
3138022,99,108,207
3138023,247,240,487
3138024,157,146,303
3138025,110,122,232
3138026,336,402,738
3138027,215,274,489
3138028,130,151,281
3138029,202,207,409
3138030,152,184,336
3138031,173,230,403
3138032,224,219,443
3138033,231,319,550
3138034,164,148,312
3138035,247,276,523
3138036,141,134,275
3138037,3,0,3
3138038,192,241,433
3138039,0,0,0
3138040,0,0,0
3138041,58,53,111
3138042,143,139,282
3138101,150,134,284
3138102,116,96,212
3138103,227,219,446
3138104,223,253,476
3138105,161,151,312
3138106,192,180,372
3138107,212,192,404
3138108,188,220,408
3138109,132,261,393
3138110,153,150,303
3138111,139,151,290
3138112,129,112,241
3138113,167,167,334
3138114,209,220,429
3138115,152,149,301
3138116,138,130,268
3138117,210,215,425
3138118,184,173,357
3138119,115,124,239
3138120,167,215,382
3138121,299,319,618
3138122,248,279,527
3138123,162,200,362
3138124,196,227,423
3138125,213,231,444
3138126,140,140,280
3138127,162,209,371
3138128,192,186,378
3138129,188,201,389
3138130,245,262,507
3138201,299,290,589
3138202,138,138,276
3138203,179,179,358
3138204,113,135,248
3138205,247,276,523
3138206,238,230,468
3138207,274,226,500
3138208,146,127,273
3138209,304,313,617
3138210,123,128,251
3138211,123,119,242
3138212,143,163,306
3138213,295,280,575
3138214,172,201,373
3138215,222,216,438
3138216,143,139,282
3138217,165,182,347
3138218,328,311,639
3138219,121,299,420
3138220,229,221,450
3138221,134,135,269
3138222,165,189,354
3138223,162,144,306
3138224,0,0,0
3138225,378,380,758
3138226,157,140,297
3138227,196,196,392
3138228,194,224,418
3138229,203,181,384
3138230,171,166,337
3138231,189,198,387
3138232,149,126,275
3138233,267,239,506
3138234,273,275,548
3138235,207,207,414
3138236,173,170,343
3138237,180,188,368
3138238,143,153,296
3138239,187,205,392
3138240,178,195,373
3138241,127,127,254
3138301,251,233,484
3138302,165,162,327
3138303,152,166,318
3138304,166,148,314
3138305,102,102,204
3138306,128,119,247
3138307,120,124,244
3138308,418,417,835
3138309,215,202,417
3138310,115,111,226
3138311,276,295,571
3138312,293,313,606
3138313,431,434,865
3138314,443,425,868
3138315,141,147,288
3138316,235,251,486
3138317,148,171,319
3138318,164,158,322
3138319,378,384,762
3138320,259,253,512
3138321,262,240,502
3138322,297,270,567
3138323,258,276,534
3138324,183,181,364
3138325,188,176,364
3138326,269,257,526
3138327,161,161,322
3138328,315,320,635
3138329,237,232,469
3138330,220,274,494
3138331,137,120,257
3138332,295,308,603
3138333,286,276,562
3138401,253,244,497
3138402,136,157,293
3138403,159,176,335
3138404,115,116,231
3138405,141,143,284
3138406,124,125,249
3138407,159,125,284
3138408,164,178,342
3138409,155,149,304
3138410,232,226,458
3138411,133,112,245
3138412,179,183,362
3138413,205,168,373
3138414,168,170,338
3138415,182,176,358
3138416,107,102,209
3138417,202,191,393
3138418,256,242,498
3138419,284,282,566
3138420,283,273,556
3138421,240,244,484
3138501,236,260,496
3138502,241,246,487
3138503,171,176,347
3138504,233,203,436
3138505,213,230,443
3138506,104,110,214
3138507,245,246,491
3138508,238,240,478
3138509,218,216,434
3138510,116,120,236
3138511,357,339,696
3138512,130,145,275
3138513,155,151,306
3138514,231,233,464
3138515,255,277,532
3138516,117,112,229
3138517,181,167,348
3138518,162,149,311
3138519,231,277,508
3138520,125,129,254
3138601,157,156,313
3138602,248,262,510
3138603,241,210,451
3138604,128,144,272
3138605,252,238,490
3138606,120,117,237
3138607,273,297,570
3138608,235,212,447
3138609,264,269,533
3138610,240,240,480
3138611,119,97,216
3138612,296,313,609
3138613,157,168,325
3138614,213,218,431
3138615,158,170,328
3138616,199,181,380
3138617,193,177,370
3138618,281,262,543
3138619,123,114,237
3138620,310,302,612
3138621,114,120,234
3138622,199,226,425
3138623,98,105,203
3138624,129,132,261
3138625,310,337,647
3138626,112,136,248
3138627,0,0,0
3138628,148,152,300
3138629,155,171,326
3138630,127,127,254
3138631,150,146,296
3138632,285,331,616
3138633,202,187,389
3138634,235,237,472
3138635,173,156,329
3138636,246,264,510
3138637,123,107,230
3138638,179,178,357
3138639,196,205,401
3138640,201,177,378
3138641,103,97,200
3138642,178,175,353
3138643,187,191,378
3138644,240,267,507
3138645,234,248,482
3138646,193,181,374
3138647,289,289,578
3138648,241,258,499
3138649,210,193,403
3138650,177,179,356
3138651,112,116,228
3138652,166,174,340
3138653,165,171,336
3138654,262,249,511
3138655,182,175,357
3138656,171,178,349
3138657,152,145,297
3138658,136,152,288
3138659,137,147,284
3138660,104,178,282
3138661,6,3,9
3138701,238,238,476
3138702,235,214,449
3138703,168,168,336
3138704,209,207,416
3138705,147,135,282
3138706,237,217,454
3138707,116,119,235
3138708,219,221,440
3138709,118,112,230
3138710,144,161,305
3138711,146,151,297
3138712,302,302,604
3138713,230,264,494
3138714,215,217,432
3138715,278,281,559
3138716,144,148,292
3138717,144,135,279
3138718,313,320,633
3138719,256,251,507
3138720,212,245,457
3138721,196,208,404
3138722,149,153,302
3138723,212,231,443
3138724,210,210,420
3138725,209,186,395
3138726,159,176,335
3138727,164,155,319
3138728,66,60,126
3138801,182,174,356
3138802,115,133,248
3138803,261,245,506
3138804,136,126,262
3138805,208,197,405
3138806,230,202,432
3138807,213,231,444
3138808,255,262,517
3138809,265,292,557
3138810,250,264,514
3138811,140,150,290
3138812,108,126,234
3138813,167,135,302
3138814,201,229,430
3138815,14,15,29
3138816,227,221,448
3138817,297,369,666
3138818,135,155,290
3138819,215,255,470
3138820,181,210,391
3138821,274,273,547
3138822,105,101,206
3138823,121,136,257
3138824,328,353,681
3138825,383,386,769
3138826,323,329,652
3138827,237,240,477
3138828,159,182,341
3138829,329,361,690
3138830,176,262,438
3138831,209,271,480
3138832,291,274,565
3138833,198,223,421
3138834,160,139,299
3138835,214,229,443
3138836,225,223,448
3138837,110,108,218
3138838,202,202,404
3138839,297,231,528
3138840,157,165,322
3138841,358,377,735
3138842,150,142,292
3138843,144,156,300
3138844,318,347,665
3138845,335,349,684
3138846,161,153,314
3138847,109,112,221
3138848,129,109,238
3138901,318,347,665
3138902,194,179,373
3138903,244,250,494
3138904,219,244,463
3138905,90,84,174
3138906,251,241,492
3138907,220,240,460
3138908,245,250,495
3138909,217,265,482
3138910,402,393,795
3138911,185,208,393
3138912,198,216,414
3138913,296,260,556
3138914,259,291,550
3138915,483,637,1120
3138916,228,258,486
3138917,155,156,311
3138918,178,166,344
3138919,142,142,284
3138920,258,280,538
3138921,658,674,1332
3138922,269,268,537
3139001,525,537,1062
3139002,0,0,0
3139003,171,171,342
3139004,203,205,408
3139005,171,177,348
3139006,891,925,1816
3139007,322,293,615
3139008,1017,1064,2081
3139009,0,4,4
3139010,91,107,198
3139011,297,305,602
3139012,267,325,592
3139013,207,224,431
3139014,445,484,929
3139015,666,695,1361
3139016,279,302,581
3139017,164,330,494
3139018,147,152,299
3139019,169,180,349
3139020,107,120,227
3139021,196,190,386
3139022,219,246,465
3139023,251,273,524
3139024,177,183,360
3139025,129,142,271
3139026,430,438,868
3139027,110,118,228
3139028,321,327,648
3139029,220,241,461
3139030,245,268,513
3139031,180,184,364
3139032,202,201,403
3139033,127,126,253
3139034,224,243,467
3139035,194,208,402
3139101,161,176,337
3139102,133,146,279
3139103,91,104,195
3139104,222,255,477
3139105,329,364,693
3139106,163,160,323
3139107,189,165,354
3139108,144,157,301
3139109,260,270,530
3139110,155,178,333
3139111,232,290,522
3139112,179,199,378
3139113,425,449,874
3139114,217,197,414
3139115,86,100,186
3139116,288,303,591
3139117,200,211,411
3139118,222,243,465
3139119,128,131,259
3139120,174,167,341
3139121,255,249,504
3139122,219,232,451
3139123,102,116,218
3139124,285,263,548
3139201,218,165,383
3139202,258,244,502
3139203,186,181,367
3139204,183,180,363
3139205,184,277,461
3139206,272,289,561
3139207,294,265,559
3139208,228,216,444
3139209,121,167,288
3139210,109,110,219
3139211,213,204,417
3139212,149,171,320
3139213,181,169,350
3139214,228,260,488
3139301,108,115,223
3139302,195,187,382
3139303,140,122,262
3139304,167,164,331
3139305,125,134,259
3139306,193,180,373
3139307,188,202,390
3139308,177,194,371
3139309,153,162,315
3139310,166,161,327
3139311,195,214,409
3139312,175,174,349
3139313,123,115,238
3139314,182,188,370
3139315,121,118,239
3139316,215,236,451
3139317,181,192,373
3139318,261,234,495
3139319,103,103,206
3139320,302,304,606
3139321,0,0,0
3139322,212,216,428
3139323,176,195,371
3139324,191,200,391
3139325,169,167,336
3139401,148,131,279
3139402,152,152,304
3139403,207,225,432
3139404,286,311,597
3139405,15,9,24
3139406,147,130,277
3139407,134,111,245
3139408,361,327,688
3139409,242,349,591
3139410,186,158,344
3139411,183,180,363
3139412,259,249,508
3139413,290,273,563
3139414,198,202,400
3139415,151,152,303
3139416,201,170,371
3139417,83,96,179
3139418,141,148,289
3139419,127,173,300
3139420,3,0,3
3139421,12,10,22
3139422,226,221,447
3139423,216,235,451
3139424,209,196,405
3139425,278,298,576
3139426,141,133,274
3139427,251,247,498
3139428,244,209,453
3139429,186,190,376
3139430,291,275,566
3139501,633,655,1288
3139502,3,3,6
3139601,511,462,973
3139602,113,71,184
3139603,32,48,80
3139604,226,177,403
3139605,133,137,270
3139606,66,39,105
3139607,223,177,400
3139608,15,3,18
3139609,136,91,227
3139610,133,130,263
3139611,25,22,47
3139612,459,4,463
3139613,441,410,851
3139614,218,246,464
3139615,35,12,47
3139616,146,165,311
3139617,163,149,312
3139618,165,166,331
3139619,237,240,477
3139620,263,236,499
3139621,97,82,179
3139622,11,5,16
3139623,72,67,139
3139701,127,116,243
3139702,195,152,347
3139703,183,122,305
3139704,169,143,312
3139801,0,0,0
3139802,502,529,1031
3139803,0,0,0
3139804,342,320,662
3139901,7,0,7
3139902,0,0,0
3139903,495,549,1044
3139904,136,138,274
3139905,103,100,203
3139906,126,154,280
3139907,235,233,468
3139908,0,0,0
3139909,3,3,6
3139910,8,7,15
3140001,640,62,702
3140002,100,92,192
3140003,191,175,366
3140004,206,184,390
3140005,168,155,323
3140006,174,157,331
3140007,194,137,331
3140008,181,162,343
3140009,219,195,414
3140010,144,134,278
3140011,147,146,293
3140012,143,118,261
3140013,269,228,497
3140014,259,238,497
3140015,145,128,273
3140101,0,0,0
3140102,0,0,0
3140103,0,0,0
3140104,0,0,0
3140105,192,172,364
3140106,98,120,218
3140107,234,257,491
3140108,15,7,22
3140109,298,318,616
3140110,38,30,68
3140111,10,9,19
3140112,0,0,0
3140113,0,0,0
3140114,307,305,612
3140115,282,257,539
3140116,146,160,306
3140201,163,152,315
3140202,123,115,238
3140203,74,75,149
3140204,210,166,376
3140205,186,178,364
3140206,102,106,208
3140207,61,69,130
3140208,114,111,225
3140209,27,21,48
3140210,255,224,479
3140211,404,379,783
3140212,127,132,259
3140213,87,76,163
3140214,120,138,258
3140215,123,127,250
3140301,12,11,23
3140302,419,396,815
3140303,255,227,482
3140304,333,317,650
3140305,324,240,564
3140306,254,207,461
3140307,0,0,0
3140308,177,166,343
3140401,4,8,12
3140402,554,572,1126
3140403,331,255,586
3140404,171,177,348
3140405,142,153,295
3140406,119,132,251
3140407,649,608,1257
3140408,157,101,258
3140409,252,129,381
3140410,105,97,202
3140411,151,161,312
3140412,0,0,0
3140501,273,277,550
3140502,148,135,283
3140503,219,205,424
3140504,126,89,215
3140505,185,142,327
3140506,249,224,473
3140507,213,227,440
3140508,168,120,288
3140509,209,198,407
3140510,365,280,645
3140511,240,228,468
3140512,194,167,361
3140513,241,196,437
3140514,182,192,374
3140515,112,97,209
3140516,226,220,446
3140517,214,184,398
3140518,118,135,253
3140519,294,248,542
3140520,203,210,413
3140521,246,218,464
3140522,237,203,440
3140523,281,305,586
3140524,250,226,476
3140525,337,260,597
3140526,186,162,348
3140527,238,245,483
3140528,301,273,574
3140529,279,272,551
3140530,55,39,94
3140531,310,237,547
3140532,203,129,332
3140533,0,0,0
3140534,254,198,452
3140535,255,194,449
3140536,207,191,398
3140537,159,116,275
3140538,154,137,291
3140539,194,170,364
3140540,227,212,439
3140541,233,245,478
3140542,252,217,469
3140543,189,159,348
3140544,182,200,382
3140545,217,236,453
3140546,290,225,515
3140547,299,301,600
3140548,248,264,512
3140549,166,142,308
3140550,114,57,171
3140551,111,103,214
3140601,222,211,433
3140602,131,139,270
3140603,212,188,400
3140604,155,145,300
3140605,89,98,187
3140606,365,82,447
3140607,355,128,483
3140608,131,110,241
3140609,177,181,358
3140610,154,167,321
3140611,274,155,429
3140701,3,3,6
3140702,96,97,193
3140703,134,127,261
3140704,181,147,328
3140705,183,186,369
3140706,120,106,226
3140707,156,129,285
3140708,178,173,351
3140709,198,153,351
3140710,158,153,311
3140711,163,127,290
3140712,306,111,417
3140713,144,145,289
3140801,174,179,353
3140802,174,174,348
3140803,190,227,417
3140804,158,149,307
3140805,146,154,300
3140806,115,105,220
3140807,182,186,368
3140808,177,151,328
3140809,155,144,299
3140810,179,158,337
3140811,118,130,248
3140812,238,244,482
3140813,230,262,492
3140814,143,117,260
3140815,189,179,368
3140816,144,145,289
3140901,211,203,414
3140902,218,190,408
3140903,79,65,144
3140904,91,88,179
3140905,231,247,478
3140906,197,201,398
3140907,212,243,455
3140908,147,167,314
3140909,88,109,197
3140910,272,254,526
3140911,170,191,361
3140912,159,170,329
3140913,135,120,255
3140914,90,70,160
3141001,217,187,404
3141002,114,113,227
3141003,125,106,231
3141004,142,106,248
3141005,164,159,323
3141006,217,163,380
3141007,190,160,350
3141008,155,128,283
3141101,172,157,329
3141102,128,114,242
3141103,0,0,0
3141104,226,174,400
3141105,152,152,304
3141106,158,162,320
3141107,178,172,350
3141108,105,120,225
3141109,135,62,197
3141110,109,97,206
3141111,123,98,221
3141112,236,208,444
3141201,103,106,209
3141202,146,174,320
3141203,129,113,242
3141204,134,119,253
3141205,240,252,492
3141206,175,204,379
3141207,151,166,317
3141208,105,115,220
3141209,117,98,215
3141210,182,166,348
3141211,144,128,272
3141212,146,172,318
3141213,157,181,338
3141214,126,144,270
3141215,0,0,0
3141301,157,164,321
3141302,230,231,461
3141303,168,386,554
3141304,174,193,367
3141305,195,194,389
3141306,234,261,495
3141307,184,234,418
3141308,105,156,261
3141309,242,260,502
3141310,141,173,314
3141311,218,252,470
3141312,226,317,543
3141313,216,249,465
3141314,205,245,450
3141315,105,110,215
3141316,192,221,413
3141317,153,168,321
3141318,311,352,663
3141319,245,262,507
3141320,189,226,415
3141321,254,260,514
3141322,194,226,420
3141323,185,219,404
3141324,279,275,554
3141325,155,151,306
3141326,163,283,446
3141327,248,326,574
3141328,115,196,311
3141329,180,208,388
3141330,125,134,259
3141331,267,271,538
3141332,235,232,467
3141333,343,332,675
3141334,269,302,571
3141335,132,131,263
3141336,11,12,23
3141401,194,209,403
3141402,169,171,340
3141403,203,206,409
3141404,235,233,468
3141405,302,304,606
3141406,141,160,301
3141407,243,248,491
3141408,157,128,285
3141409,192,202,394
3141410,178,195,373
3141411,326,355,681
3141412,246,233,479
3141413,123,119,242
3141414,176,194,370
3141415,206,201,407
3141416,243,237,480
3141417,0,0,0
3141418,91,161,252
3141419,126,134,260
3141420,292,330,622
3141421,132,186,318
3141422,305,319,624
3141423,150,135,285
3141424,258,262,520
3141425,109,113,222
3141426,111,108,219
3141427,195,218,413
3141428,140,170,310
3141429,240,234,474
3141430,0,0,0
3141431,114,119,233
3141432,157,184,341
3141433,441,429,870
3141434,394,439,833
3141435,172,198,370
3141436,208,238,446
3141501,233,264,497
3141502,203,195,398
3141503,285,291,576
3141504,251,246,497
3141505,286,288,574
3141506,320,377,697
3141507,230,196,426
3141508,261,279,540
3141509,252,266,518
3141510,134,133,267
3141511,128,128,256
3141512,171,165,336
3141513,184,194,378
3141514,523,536,1059
3141515,0,0,0
3141601,0,0,0
3141602,492,777,1269
3141603,225,259,484
3141604,237,250,487
3141605,128,151,279
3141606,276,323,599
3141607,171,275,446
3141608,197,214,411
3141609,215,259,474
3141610,284,279,563
3141611,228,289,517
3141612,191,218,409
3141613,255,276,531
3141614,222,251,473
3141615,163,161,324
3141616,211,221,432
3141617,201,216,417
3141618,447,513,960
3141619,10,3,13
3141701,225,286,511
3141702,152,158,310
3141703,102,116,218
3141704,174,199,373
3141705,130,132,262
3141706,237,303,540
3141707,232,256,488
3141708,184,143,327
3141709,151,157,308
3141710,246,287,533
3141711,170,219,389
3141712,278,288,566
3141713,122,136,258
3141714,179,197,376
3141715,224,228,452
3141716,226,247,473
3141717,115,119,234
3141718,0,0,0
3141719,167,156,323
3141720,212,230,442
3141721,261,303,564
3141722,257,293,550
3141723,137,142,279
3141724,213,223,436
3141725,232,217,449
3141801,163,264,427
3141802,205,216,421
3141803,158,186,344
3141804,124,114,238
3141805,167,185,352
3141806,128,128,256
3141807,240,221,461
3141808,209,211,420
3141809,119,125,244
3141810,241,264,505
3141811,114,124,238
3141812,259,260,519
3141813,188,205,393
3141814,243,251,494
3141815,203,185,388
3141816,218,215,433
3141901,156,167,323
3141902,221,202,423
3141903,225,230,455
3141904,251,260,511
3141905,200,228,428
3141906,201,214,415
3141907,286,323,609
3141908,181,166,347
3141909,201,202,403
3141910,96,101,197
3141911,133,161,294
3141912,128,140,268
3141913,294,368,662
3141914,166,193,359
3141915,0,0,0
3141916,181,206,387
3142001,337,318,655
3142002,195,277,472
3142003,186,174,360
3142004,205,261,466
3142005,240,251,491
3142006,348,393,741
3142007,256,299,555
3142008,3,0,3
3142009,152,165,317
3142010,125,133,258
3142011,142,113,255
3142012,156,155,311
3142013,215,227,442
3142014,432,466,898
3142015,286,350,636
3142016,239,257,496
3142017,332,341,673
3142018,143,142,285
3142019,167,220,387
3142020,323,334,657
3142021,244,288,532
3142022,185,174,359
3142023,616,698,1314
3142024,228,263,491
3142025,153,135,288
3142026,358,390,748
3142027,228,228,456
3142028,215,262,477
3142029,206,197,403
3142030,127,195,322
3142031,171,194,365
3142101,206,222,428
3142102,171,170,341
3142103,252,247,499
3142104,126,127,253
3142105,312,324,636
3142106,170,173,343
3142107,171,182,353
3142108,183,183,366
3142109,257,320,577
3142110,173,179,352
3142111,170,155,325
3142112,143,196,339
3142113,201,220,421
3142114,0,0,0
3142115,188,194,382
3142116,245,258,503
3142117,141,177,318
3142118,197,202,399
3142119,208,240,448
3142120,188,193,381
3142121,215,239,454
3142122,18,28,46
3142123,300,318,618
3142124,185,190,375
3142125,192,197,389
3142126,334,342,676
3142201,140,155,295
3142202,169,188,357
3142203,102,116,218
3142204,142,144,286
3142205,190,189,379
3142206,129,136,265
3142207,216,216,432
3142208,259,282,541
3142209,235,253,488
3142210,200,222,422
3142211,157,185,342
3142212,189,193,382
3142213,250,259,509
3142214,202,231,433
3142215,125,133,258
3142216,214,192,406
3142217,213,273,486
3142218,202,201,403
3142219,213,283,496
3142220,184,201,385
3142301,0,0,0
3142302,166,165,331
3142303,122,123,245
3142304,188,196,384
3142305,148,141,289
3142306,180,174,354
3142307,195,211,406
3142308,180,210,390
3142309,133,190,323
3142310,338,374,712
3142311,230,272,502
3142312,416,425,841
3142313,101,98,199
3142314,177,201,378
3142315,124,111,235
3142316,143,158,301
3142317,160,164,324
3142318,165,142,307
3142319,228,231,459
3142320,271,260,531
3142321,233,367,600
3142322,0,0,0
3142323,335,317,652
3142324,9,5,14
3142325,165,170,335
3142401,276,289,565
3142402,190,186,376
3142403,235,254,489
3142404,177,193,370
3142405,221,294,515
3142406,259,226,485
3142407,266,248,514
3142408,309,329,638
3142409,293,316,609
3142410,293,296,589
3142411,224,204,428
3142412,159,155,314
3142413,0,0,0
3142501,131,136,267
3142502,180,242,422
3142503,276,279,555
3142504,84,84,168
3142505,145,173,318
3142506,198,194,392
3142507,238,240,478
3142508,184,190,374
3142509,175,200,375
3142510,269,298,567
3142511,138,166,304
3142512,213,213,426
3142513,214,221,435
3142514,165,176,341
3142515,195,211,406
3142516,355,371,726
3142517,219,235,454
3142518,256,274,530
3142519,185,218,403
3142520,190,200,390
3142521,197,186,383
3142522,155,161,316
3142523,181,184,365
3142524,235,259,494
3142525,155,154,309
3142526,188,203,391
3142527,314,369,683
3142528,151,184,335
3142529,0,0,0
3142530,136,122,258
3142531,415,437,852
3142532,173,187,360
3142533,40,29,69
3142601,268,264,532
3142602,167,197,364
3142603,234,234,468
3142604,229,247,476
3142605,208,233,441
3142606,150,146,296
3142607,49,43,92
3142608,160,155,315
3142609,0,0,0
3142610,179,179,358
3142611,192,213,405
3142612,174,176,350
3142613,144,157,301
3142614,170,183,353
3142615,293,285,578
3142616,215,264,479
3142617,220,184,404
3142618,153,147,300
3142619,284,260,544
3142620,204,198,402
3142621,242,292,534
3142622,375,445,820
3142623,196,185,381
3142624,162,178,340
3142625,113,123,236
3142626,210,203,413
3142701,165,193,358
3142702,257,335,592
3142703,143,173,316
3142704,233,239,472
3142705,156,143,299
3142706,162,176,338
3142707,193,225,418
3142708,213,196,409
3142709,214,221,435
3142710,219,250,469
3142711,203,232,435
3142712,261,247,508
3142713,157,156,313
3142714,214,230,444
3142715,209,212,421
3142716,197,176,373
3142717,222,247,469
3142718,149,256,405
3142719,165,165,330
3142720,232,261,493
3142721,109,125,234
3142722,237,264,501
3142723,140,162,302
3142724,0,0,0
3142725,169,173,342
3142726,187,194,381
3142727,181,168,349
3142728,163,172,335
3142729,208,282,490
3142730,206,237,443
3142731,150,158,308
3142732,215,200,415
3142733,266,275,541
3142734,104,113,217
3142735,296,314,610
3142736,216,250,466
3142737,112,213,325
3142738,197,196,393
3142739,215,231,446
3142740,206,223,429
3142741,427,457,884
3142801,148,145,293
3142802,132,128,260
3142803,293,298,591
3142804,156,183,339
3142805,266,315,581
3142806,164,165,329
3142807,111,108,219
3142808,250,221,471
3142809,170,209,379
3142810,123,157,280
3142811,182,225,407
3142812,213,210,423
3142813,162,158,320
3142814,260,288,548
3142815,183,171,354
3142816,133,156,289
3142817,121,135,256
3142818,234,237,471
3142819,277,271,548
3142820,276,219,495
3142821,256,305,561
3142822,190,184,374
3142823,171,178,349
3142824,196,174,370
3142825,238,250,488
3142826,202,189,391
3142827,134,121,255
3142828,198,226,424
3142901,126,130,256
3142902,139,129,268
3142903,101,94,195
3142904,84,74,158
3142905,207,204,411
3142906,166,152,318
3142907,463,503,966
3142908,210,223,433
3142909,264,250,514
3142910,153,192,345
3142911,161,166,327
3142912,173,159,332
3142913,200,200,400
3142914,127,134,261
3142915,187,191,378
3142916,286,301,587
3142917,253,282,535
3142918,0,0,0
3142919,0,0,0
3143001,240,205,445
3143002,111,109,220
3143003,148,138,286
3143004,102,121,223
3143005,156,156,312
3143006,147,144,291
3143007,201,194,395
3143008,235,241,476
3143009,127,123,250
3143010,140,113,253
3143011,107,103,210
3143101,184,187,371
3143102,157,135,292
3143103,207,234,441
3143104,124,114,238
3143105,129,133,262
3143106,208,171,379
3143107,354,344,698
3143108,294,256,550
3143109,109,92,201
3143110,203,197,400
3143111,311,313,624
3143112,201,178,379
3143113,313,294,607
3143114,171,156,327
3143115,125,113,238
3143116,219,186,405
3143117,149,142,291
3143118,168,142,310
3143119,288,339,627
3143120,386,404,790
3143121,130,141,271
3143122,265,273,538
3143123,100,76,176
3143201,229,253,482
3143202,136,266,402
3143203,245,261,506
3143204,243,250,493
3143205,158,159,317
3143206,151,159,310
3143207,169,155,324
3143208,284,270,554
3143209,128,158,286
3143210,149,182,331
3143211,142,148,290
3143212,163,239,402
3143213,207,220,427
3143214,205,204,409
3143215,123,122,245
3143216,148,161,309
3143217,125,110,235
3143218,159,184,343
3143219,104,115,219
3143220,225,253,478
3143221,280,327,607
3143222,322,352,674
3143223,154,166,320
3143224,154,164,318
3143225,250,319,569
3143226,228,234,462
3143227,102,90,192
3143228,183,167,350
3143229,160,175,335
3143230,376,393,769
3143231,282,299,581
3143232,248,240,488
3143233,245,258,503
3143234,138,178,316
3143235,190,180,370
3143236,132,175,307
3143237,148,186,334
3143238,418,461,879
3143239,207,224,431
3143240,278,285,563
3143241,247,272,519
3143242,185,220,405
3143243,213,265,478
3143301,106,104,210
3143302,180,168,348
3143303,194,180,374
3143304,229,211,440
3143305,251,231,482
3143306,165,159,324
3143307,109,104,213
3143308,127,164,291
3143309,110,131,241
3143310,153,154,307
3143311,126,138,264
3143312,122,144,266
3143313,186,220,406
3143314,141,178,319
3143315,162,158,320
3143316,181,185,366
3143317,144,141,285
3143318,152,161,313
3143319,158,164,322
3143320,71,73,144
3143321,243,237,480
3143322,187,240,427
3143323,260,239,499
3143324,157,124,281
3143325,266,252,518
3143326,185,187,372
3143327,127,135,262
3143328,197,226,423
3143329,134,137,271
3143330,127,128,255
3143331,184,178,362
3143332,160,159,319
3143333,264,264,528
3143334,132,120,252
3143335,162,185,347
3143336,145,151,296
3143337,131,111,242
3143338,224,218,442
3143339,160,163,323
3143340,206,200,406
3143341,240,232,472
3143342,180,146,326
3143343,101,79,180
3143344,105,105,210
3143345,187,171,358
3143346,255,213,468
3143347,188,222,410
3143348,93,87,180
3143349,203,217,420
3143350,194,208,402
3143351,171,141,312
3143352,164,166,330
3143353,149,133,282
3143354,165,167,332
3143355,145,147,292
3143356,143,138,281
3143357,221,227,448
3143358,274,305,579
3143359,209,227,436
3143401,34,88,122
3143402,194,187,381
3143403,205,222,427
3143404,121,123,244
3143405,115,135,250
3143406,174,195,369
3143407,143,148,291
3143408,0,0,0
3143409,0,0,0
3143410,168,169,337
3143411,262,226,488
3143412,170,180,350
3143413,215,208,423
3143414,153,166,319
3143501,0,0,0
3143502,171,196,367
3143503,130,172,302
3143504,175,197,372
3143505,136,165,301
3143506,71,67,138
3143507,228,234,462
3143508,216,220,436
3143509,187,275,462
3143510,101,131,232
3143511,0,0,0
3143512,214,228,442
3143513,269,285,554
3143514,326,291,617
3143515,186,193,379
3143516,157,156,313
3143517,202,218,420
3143518,150,171,321
3143519,318,344,662
3143520,14,25,39
3143521,74,76,150
3143522,0,0,0
3143523,0,0,0
3143524,334,426,760
3143601,688,701,1389
3143602,169,159,328
3143603,214,223,437
3143604,433,480,913
3143605,168,152,320
3143606,158,168,326
3143607,216,230,446
3143608,130,156,286
3143609,260,269,529
3143610,161,171,332
3143611,179,149,328
3143612,235,241,476
3143613,8,5,13
3143614,201,222,423
3143615,327,312,639
3143616,294,294,588
3143701,131,160,291
3143702,96,112,208
3143703,182,178,360
3143704,243,253,496
3143705,137,117,254
3143706,200,230,430
3143707,188,209,397
3143708,293,313,606
3143709,164,163,327
3143710,240,272,512
3143711,0,0,0
3143712,84,99,183
3143713,0,0,0
3143714,257,238,495
3143715,0,0,0
3143716,204,201,405
3143717,79,96,175
3143718,170,185,355
3143719,163,171,334
3143720,119,137,256
3143721,120,153,273
3143801,91,117,208
3143802,211,217,428
3143803,112,114,226
3143804,196,193,389
3143805,303,308,611
3143806,204,220,424
3143807,144,169,313
3143808,117,148,265
3143809,195,202,397
3143810,126,134,260
3143811,235,279,514
3143812,154,271,425
3143813,174,197,371
3143814,216,206,422
3143815,113,119,232
3143816,212,333,545
3143817,214,229,443
3143818,165,196,361
3143819,190,192,382
3143820,237,264,501
3143821,184,228,412
3143822,124,109,233
3143823,162,148,310
3143824,139,148,287
3143825,0,0,0
3143826,0,0,0
3143827,176,254,430
3143828,151,142,293
3143829,169,180,349
3143901,226,229,455
3143902,240,251,491
3143903,154,157,311
3143904,188,189,377
3143905,142,155,297
3143906,304,378,682
3143907,261,297,558
3143908,201,289,490
3143909,423,479,902
3143910,203,197,400
3143911,638,670,1308
3143912,142,126,268
3143913,200,177,377
3143914,145,142,287
3144001,166,165,331
3144002,122,115,237
3144003,139,142,281
3144004,300,371,671
3144005,96,149,245
3144006,317,408,725
3144007,90,93,183
3144008,263,267,530
3144009,136,152,288
3144010,130,151,281
3144011,142,155,297
3144012,128,126,254
3144013,105,99,204
3144014,149,161,310
3144015,271,234,505
3144016,187,196,383
3144017,184,189,373
3144018,159,174,333
3144019,235,229,464
3144020,140,184,324
3144021,266,266,532
3144022,117,119,236
3144101,148,126,274
3144102,414,480,894
3144103,86,65,151
3144104,169,146,315
3144105,207,196,403
3144106,319,324,643
3144107,111,104,215
3144108,0,0,0
3144109,280,262,542
3144110,152,172,324
3144111,142,144,286
3144112,74,84,158
3144113,194,196,390
3144114,159,156,315
3144115,324,300,624
3144201,182,199,381
3144202,79,78,157
3144203,155,166,321
3144204,197,191,388
3144205,216,246,462
3144206,158,167,325
3144207,143,144,287
3144208,190,201,391
3144209,124,123,247
3144210,145,151,296
3144211,3,3,6
3144212,158,166,324
3144213,203,197,400
3144214,72,80,152
3144215,214,203,417
3144216,222,224,446
3144217,135,142,277
3144218,166,179,345
3144219,128,134,262
3144220,203,211,414
3144221,154,152,306
3144222,152,135,287
3144223,250,240,490
3144224,146,148,294
3144225,188,208,396
3144226,159,155,314
3144227,138,126,264
3144228,0,0,0
3144229,120,116,236
3144230,106,90,196
3144231,198,198,396
3144301,156,144,300
3144302,177,192,369
3144303,215,264,479
3144304,116,132,248
3144305,159,186,345
3144306,88,81,169
3144307,157,169,326
3144308,126,110,236
3144309,171,156,327
3144310,222,205,427
3144311,155,162,317
3144312,0,0,0
3144313,140,134,274
3144314,125,129,254
3144315,152,174,326
3144316,115,125,240
3144317,138,137,275
3144318,119,113,232
3144319,181,208,389
3144320,232,193,425
3144401,210,178,388
3144402,117,114,231
3144403,191,184,375
3144404,197,208,405
3144405,194,208,402
3144406,147,120,267
3144407,200,207,407
3144408,217,235,452
3144409,178,171,349
3144410,176,157,333
3144411,175,160,335
3144412,207,231,438
3144413,140,141,281
3144414,266,264,530
3144415,115,98,213
3144416,246,236,482
3144417,230,255,485
3144418,116,112,228
3144419,162,136,298
3144420,111,109,220
3144421,276,295,571
3144422,176,195,371
3144423,190,189,379
3144424,200,213,413
3144425,231,255,486
3144426,141,190,331
3144427,143,158,301
3144428,89,100,189
3144501,74,80,154
3144502,304,304,608
3144503,185,198,383
3144504,111,140,251
3144505,353,346,699
3144506,132,139,271
3144507,457,454,911
3144508,327,342,669
3144509,123,128,251
3144510,187,176,363
3144511,174,195,369
3144512,129,138,267
3144513,149,148,297
3144514,113,97,210
3144601,220,237,457
3144602,146,170,316
3144603,242,267,509
3144604,266,283,549
3144605,236,290,526
3144606,166,160,326
3144607,217,250,467
3144608,123,89,212
3144609,250,161,411
3144610,183,315,498
3144611,249,262,511
3144612,392,415,807
3144613,241,263,504
3144614,215,235,450
3144615,228,265,493
3144616,124,158,282
3144617,137,165,302
3144618,167,183,350
3144619,127,113,240
3144620,144,123,267
3144621,256,280,536
3144622,140,192,332
3144623,200,234,434
3144624,231,246,477
3144625,104,110,214
3144626,178,213,391
3144627,195,318,513
3144628,230,249,479
3144629,190,208,398
3144701,124,118,242
3144702,307,314,621
3144703,190,194,384
3144704,191,322,513
3144705,246,242,488
3144706,207,244,451
3144707,149,134,283
3144708,113,134,247
3144709,253,263,516
3144710,292,310,602
3144711,382,383,765
3144712,298,298,596
3144713,130,114,244
3144714,220,275,495
3144715,236,218,454
3144716,215,218,433
3144717,139,142,281
3144718,282,269,551
3144719,171,197,368
3144720,319,339,658
3144721,186,297,483
3144722,176,257,433
3144801,193,187,380
3144802,205,207,412
3144803,144,139,283
3144804,78,226,304
3144805,276,259,535
3144806,114,110,224
3144807,258,259,517
3144808,128,127,255
3144809,215,225,440
3144810,230,276,506
3144811,114,123,237
3144812,162,187,349
3144813,119,140,259
3144814,206,198,404
3144815,126,138,264
3144816,227,250,477
3144817,421,455,876
3144818,215,240,455
3144901,134,141,275
3144902,133,142,275
3144903,268,249,517
3144904,195,219,414
3144905,206,215,421
3144906,141,110,251
3144907,195,190,385
3144908,192,176,368
3144909,269,280,549
3144910,190,194,384
3144911,113,113,226
3144912,223,221,444
3144913,123,117,240
3144914,415,416,831
3145001,149,155,304
3145002,140,153,293
3145003,388,410,798
3145004,272,274,546
3145005,321,332,653
3145006,141,133,274
3145007,429,478,907
3145008,159,213,372
3145009,121,138,259
3145010,186,167,353
3145011,227,238,465
3145012,110,90,200
3145013,219,234,453
3145014,187,186,373
3145015,149,167,316
3145016,270,260,530
3145017,189,177,366
3145018,142,147,289
3145019,187,203,390
3145020,132,121,253
3145021,198,194,392
3145022,196,199,395
3145023,168,151,319
3145024,194,173,367
3145025,231,210,441
3145026,170,143,313
3145027,301,316,617
3145101,126,109,235
3145102,101,112,213
3145103,170,163,333
3145104,129,137,266
3145105,120,120,240
3145106,187,209,396
3145107,102,85,187
3145108,172,180,352
3145109,220,220,440
3145110,95,81,176
3145111,212,192,404
3145112,103,124,227
3145113,148,130,278
3145114,237,241,478
3145115,172,184,356
3145116,162,171,333
3145117,151,167,318
3145118,114,99,213
3145119,87,91,178
3145120,197,190,387
3145121,178,163,341
3145122,239,201,440
3145123,114,115,229
3145124,193,188,381
3145125,155,166,321
3145126,132,100,232
3145127,253,256,509
3145128,108,106,214
3145129,103,108,211
3145130,138,104,242
3145131,90,91,181
3145132,314,328,642
3145133,158,141,299
3145201,178,299,477
3145202,472,528,1000
3145203,171,201,372
3145204,141,136,277
3145205,164,173,337
3145206,213,230,443
3145207,240,219,459
3145208,168,157,325
3145209,181,177,358
3145210,118,128,246
3145211,155,172,327
3145212,183,168,351
3145213,185,207,392
3145214,208,213,421
3145215,185,174,359
3145216,159,243,402
3145301,142,158,300
3145302,157,184,341
3145303,269,248,517
3145304,158,187,345
3145305,136,190,326
3145306,223,244,467
3145307,124,143,267
3145308,160,204,364
3145309,195,395,590
3145310,206,201,407
3145311,143,153,296
3145312,157,170,327
3145313,178,213,391
3145314,124,146,270
3145315,196,213,409
3145316,268,275,543
3145317,237,281,518
3145318,178,186,364
3145319,123,137,260
3145320,240,294,534
3145321,139,173,312
3145322,167,143,310
3145323,201,236,437
3145324,175,199,374
3145325,148,145,293
3145401,119,147,266
3145402,117,108,225
3145403,102,121,223
3145404,223,199,422
3145405,270,297,567
3145406,195,219,414
3145407,235,260,495
3145408,267,300,567
3145409,259,241,500
3145410,205,225,430
3145411,201,201,402
3145412,178,205,383
3145413,188,208,396
3145414,249,201,450
3145415,77,84,161
3145501,216,261,477
3145502,297,299,596
3145503,134,143,277
3145504,149,148,297
3145505,147,161,308
3145506,153,160,313
3145507,229,248,477
3145508,113,158,271
3145509,204,232,436
3145510,258,265,523
3145511,123,136,259
3145512,249,258,507
3145513,180,195,375
3145514,140,148,288
3145515,137,141,278
3145516,149,201,350
3145517,145,168,313
3145518,189,211,400
3145519,167,197,364
3145520,244,251,495
3145521,10,8,18
3145522,136,161,297
3145523,127,165,292
3145601,207,232,439
3145602,215,198,413
3145603,176,189,365
3145604,252,194,446
3145605,115,66,181
3145606,148,207,355
3145607,243,256,499
3145608,152,161,313
3145609,177,231,408
3145610,151,183,334
3145611,217,257,474
3145612,145,140,285
3145613,146,155,301
3145614,163,168,331
3145615,145,154,299
3145616,120,150,270
3145617,147,159,306
3145618,229,267,496
3145619,178,169,347
3145620,175,186,361
3145621,125,141,266
3145622,237,275,512
3145623,188,216,404
3145624,240,237,477
3145625,219,223,442
3145626,178,189,367
3145627,140,155,295
3145628,184,200,384
3145629,173,275,448
3145630,167,183,350
3145631,126,129,255
3145632,162,178,340
3145633,172,194,366
3145634,230,214,444
3145635,147,187,334
3145636,67,139,206
3145637,91,109,200
3145701,240,308,548
3145702,232,245,477
3145703,169,175,344
3145704,123,130,253
3145705,197,175,372
3145706,202,228,430
3145707,91,110,201
3145708,168,196,364
3145709,147,165,312
3145710,194,197,391
3145711,93,119,212
3145712,186,221,407
3145713,199,223,422
3145714,139,133,272
3145715,358,84,442
3145716,162,180,342
3145717,185,211,396
3145718,206,219,425
3145719,167,192,359
3145720,174,179,353
3145721,125,189,314
3145722,234,258,492
3145723,219,245,464
3145724,112,124,236
3145725,256,255,511
3145726,13,4,17
3145727,264,259,523
3145728,49,130,179
3145801,157,199,356
3145802,313,415,728
3145803,95,120,215
3145804,151,172,323
3145805,142,207,349
3145806,188,167,355
3145807,389,447,836
3145808,206,231,437
3145809,166,185,351
3145810,213,220,433
3145811,225,216,441
3145812,341,323,664
3145813,135,144,279
3145814,358,367,725
3145815,484,493,977
3145816,374,269,643
3145817,153,149,302
3145818,162,158,320
3145819,211,202,413
3145820,153,150,303
3145821,85,86,171
3145822,150,152,302
3145823,132,140,272
3145824,313,325,638
3145825,133,131,264
3145826,161,150,311
3145827,0,4,4
3145901,133,146,279
3145902,134,144,278
3145903,124,132,256
3145904,160,175,335
3145905,172,159,331
3145906,201,188,389
3145907,168,178,346
3145908,168,217,385
3145909,161,158,319
3145910,155,149,304
3145911,123,135,258
3145912,219,233,452
3145913,147,167,314
3145914,172,192,364
3145915,112,116,228
3145916,240,237,477
3145917,146,166,312
3145918,271,272,543
3145919,75,129,204
3145920,180,174,354
3145921,88,107,195
3145922,117,57,174
3145923,259,296,555
3145924,233,263,496
3145925,256,265,521
3145926,181,204,385
3145927,155,151,306
3145928,0,0,0
3145929,115,134,249
3145930,166,208,374
3145931,267,310,577
3145932,150,171,321
3145933,136,144,280
3145934,202,234,436
3145935,244,264,508
3145936,182,213,395
3145937,183,235,418
3146001,188,199,387
3146002,159,168,327
3146003,249,264,513
3146004,245,278,523
3146005,292,322,614
3146006,289,313,602
3146007,138,148,286
3146008,114,132,246
3146009,246,330,576
3146010,151,140,291
3146011,233,239,472
3146012,231,224,455
3146013,179,169,348
3146014,153,185,338
3146015,216,194,410
3146016,283,286,569
3146017,297,314,611
3146018,147,154,301
3146019,103,88,191
3146020,152,148,300
3146021,165,171,336
3146022,138,133,271
3146023,99,88,187
3146101,210,200,410
3146102,221,214,435
3146103,125,139,264
3146104,271,254,525
3146105,121,104,225
3146106,243,207,450
3146107,194,170,364
3146108,155,140,295
3146109,179,159,338
3146110,143,152,295
3146111,124,123,247
3146112,160,131,291
3146113,219,187,406
3146114,105,95,200
3146115,173,137,310
3146116,100,112,212
3146117,142,136,278
3146118,165,140,305
3146119,168,155,323
3146120,159,122,281
3146121,127,132,259
3146122,138,125,263
3146123,153,173,326
3146124,155,177,332
3146125,266,243,509
3146201,157,173,330
3146202,118,106,224
3146203,214,212,426
3146204,134,125,259
3146205,196,220,416
3146206,47,56,103
3146207,265,304,569
3146208,204,208,412
3146209,269,227,496
3146210,117,148,265
3146211,85,119,204
3146212,127,140,267
3146213,159,143,302
3146214,111,107,218
3146215,202,203,405
3146216,155,163,318
3146217,165,208,373
3146218,229,257,486
3146219,167,200,367
3146220,179,158,337
3146221,239,248,487
3146222,159,164,323
3146223,73,72,145
3146224,242,244,486
3146301,201,148,349
3146302,122,103,225
3146303,223,232,455
3146304,163,133,296
3146305,320,293,613
3146306,202,186,388
3146307,86,69,155
3146308,248,197,445
3146309,124,105,229
3146310,153,135,288
3146311,256,242,498
3146401,183,171,354
3146402,223,228,451
3146403,205,223,428
3146404,162,198,360
3146405,275,319,594
3146406,110,119,229
3146407,217,196,413
3146408,159,182,341
3146409,263,272,535
3146410,132,120,252
3146411,172,181,353
3146412,55,43,98
3146413,32,33,65
3146414,143,154,297
3146501,155,163,318
3146502,157,158,315
3146503,161,143,304
3146504,231,199,430
3146505,225,225,450
3146506,183,168,351
3146507,67,52,119
3146508,146,133,279
3146509,125,108,233
3146510,253,202,455
3146511,30,14,44
3146512,137,135,272
3146513,174,145,319
3146514,261,236,497
3146515,222,219,441
3146516,246,204,450
3146517,221,165,386
3146518,178,151,329
3146519,169,170,339
3146520,227,225,452
3146601,1225,1111,2336
3146602,0,0,0
3146701,235,243,478
3146702,165,162,327
3146703,310,289,599
3146704,175,159,334
3146705,220,242,462
3146706,193,206,399
3146707,192,213,405
3146708,237,249,486
3146709,103,92,195
3146710,174,177,351
3146711,146,134,280
3146712,120,122,242
3146713,177,169,346
3146801,222,227,449
3146802,110,127,237
3146803,83,147,230
3146804,145,136,281
3146805,114,129,243
3146806,127,144,271
3146807,134,139,273
3146808,189,185,374
3146809,278,267,545
3146810,186,181,367
3146811,455,37,492
3146812,219,238,457
3146813,113,126,239
3146814,0,0,0
3146815,227,237,464
3146816,141,156,297
3146817,196,177,373
3146818,154,175,329
3146819,169,149,318
3146820,237,236,473
3146821,126,116,242
3146822,222,238,460
3146823,136,134,270
3146824,210,219,429
3146825,141,157,298
3146826,104,120,224
3146827,192,209,401
3146828,208,213,421
3146901,181,164,345
3146902,191,203,394
3146903,201,184,385
3146904,248,248,496
3146905,212,327,539
3146906,190,193,383
3146907,222,213,435
3146908,70,93,163
3146909,165,155,320
3147001,161,144,305
3147002,186,204,390
3147003,316,308,624
3147004,224,236,460
3147005,59,58,117
3147006,353,396,749
3147007,128,120,248
3147008,237,208,445
3147009,352,364,716
3147010,368,363,731
3147011,361,357,718
3147101,257,263,520
3147102,160,154,314
3147103,252,299,551
3147104,182,172,354
3147105,136,114,250
3147106,197,196,393
3147107,180,192,372
3147108,129,116,245
3147109,168,188,356
3147110,160,158,318
3147111,220,223,443
3147112,280,250,530
3147113,205,215,420
3147114,223,255,478
3147115,148,147,295
3147116,328,441,769
3147117,149,169,318
3147118,205,188,393
3147119,42,25,67
3147120,181,187,368
3147121,233,223,456
3147122,76,74,150
3147123,229,295,524
3147124,0,0,0
3147125,173,174,347
3147126,130,136,266
3147127,161,153,314
3147128,97,126,223
3147129,151,159,310
3147201,231,240,471
3147202,172,223,395
3147203,249,243,492
3147204,158,141,299
3147205,119,139,258
3147206,130,138,268
3147207,232,236,468
3147208,158,165,323
3147209,212,192,404
3147210,222,238,460
3147211,153,140,293
3147212,106,115,221
3147213,202,249,451
3147214,277,302,579
3147215,167,181,348
3147216,199,209,408
3147301,213,196,409
3147302,216,212,428
3147303,428,434,862
3147304,264,257,521
3147305,226,206,432
3147306,281,279,560
3147307,440,406,846
3147308,247,225,472
3147309,245,255,500
3147310,138,123,261
3147311,238,240,478
3147312,344,318,662
3147313,255,235,490
3147314,277,230,507
3147315,310,297,607
3147316,217,211,428
3147317,14,5,19
3147318,235,220,455
3147319,192,228,420
3147320,489,508,997
3147321,172,171,343
3147322,209,233,442
3147323,245,240,485
3147324,146,142,288
3147325,248,229,477
3147326,238,230,468
3147327,130,119,249
3147328,222,229,451
3147329,204,175,379
3147330,413,426,839
3147331,226,223,449
3147401,121,112,233
3147402,250,291,541
3147403,211,216,427
3147404,131,151,282
3147405,229,252,481
3147406,322,350,672
3147407,165,190,355
3147408,334,370,704
3147409,324,348,672
3147410,175,164,339
3147411,357,476,833
3147412,233,259,492
3147413,73,63,136
3147414,276,256,532
3147415,56,53,109
3147416,179,198,377
3147417,3,3,6
3147501,219,214,433
3147502,168,149,317
3147503,281,256,537
3147504,187,193,380
3147505,211,224,435
3147506,293,247,540
3147507,180,170,350
3147508,134,133,267
3147509,146,144,290
3147510,44,27,71
3147511,167,175,342
3147512,221,262,483
3147513,290,281,571
3147514,47,24,71
3147515,258,256,514
3147516,313,289,602
3147517,291,238,529
3147601,172,159,331
3147602,167,194,361
3147603,192,201,393
3147604,279,290,569
3147605,181,189,370
3147606,173,177,350
3147607,280,259,539
3147608,150,141,291
3147609,164,163,327
3147610,156,164,320
3147611,123,153,276
3147612,238,250,488
3147613,237,214,451
3147614,227,223,450
3147615,108,96,204
3147616,166,203,369
3147617,114,150,264
3147618,239,249,488
3147619,266,257,523
3147620,176,166,342
3147621,221,186,407
3147701,195,229,424
3147702,170,158,328
3147703,243,268,511
3147704,190,188,378
3147705,214,193,407
3147706,247,226,473
3147707,159,162,321
3147708,176,219,395
3147709,170,188,358
3147710,150,163,313
3147711,148,156,304
3147801,135,139,274
3147802,130,114,244
3147803,151,138,289
3147804,196,198,394
3147805,229,211,440
3147806,101,97,198
3147807,0,0,0
3147808,187,191,378
3147809,155,149,304
3147810,148,154,302
3147811,176,206,382
3147812,331,300,631
3147813,222,224,446
3147814,195,183,378
3147815,242,215,457
3147901,199,226,425
3147902,140,145,285
3147903,237,261,498
3147904,201,195,396
3147905,282,265,547
3147906,237,252,489
3147907,170,177,347
3147908,129,140,269
3147909,273,311,584
3147910,204,204,408
3147911,301,315,616
3148001,171,225,396
3148002,201,192,393
3148003,311,305,616
3148004,271,289,560
3148005,139,126,265
3148006,19,20,39
3148007,116,116,232
3148008,172,181,353
3148009,145,172,317
3148010,345,384,729
3148011,345,300,645
3148012,276,262,538
3148013,224,249,473
3148014,253,256,509
3148015,227,230,457
3148016,225,250,475
3148017,234,271,505
3148018,245,257,502
3148019,155,145,300
3148020,374,391,765
3148021,207,217,424
3148022,204,212,416
3148023,160,169,329
3148101,200,167,367
3148102,237,213,450
3148103,226,217,443
3148104,193,207,400
3148105,247,244,491
3148106,171,184,355
3148107,141,134,275
3148108,221,270,491
3148109,160,183,343
3148110,141,142,283
3148111,139,140,279
3148112,198,189,387
3148113,155,152,307
3148114,157,160,317
3148115,95,124,219
3148116,146,134,280
3148117,161,141,302
3148118,183,165,348
3148119,168,173,341
3148120,86,159,245
3148121,117,118,235
3148122,136,133,269
3148123,94,113,207
3148124,257,275,532
3148201,153,161,314
3148202,160,165,325
3148203,248,280,528
3148204,128,140,268
3148205,142,159,301
3148206,177,184,361
3148207,291,307,598
3148208,219,230,449
3148209,116,140,256
3148210,344,361,705
3148211,144,160,304
3148212,154,151,305
3148213,110,108,218
3148214,263,266,529
3148215,157,162,319
3148216,145,130,275
3148217,170,178,348
3148218,157,172,329
3148219,137,160,297
3148220,119,147,266
3148221,118,148,266
3148222,165,204,369
3148223,219,268,487
3148224,150,158,308
3148225,217,233,450
3148226,216,210,426
3148227,111,134,245
3148228,134,151,285
3148229,58,67,125
3148230,0,0,0
3148231,157,155,312
3148232,283,345,628
3148233,170,190,360
3148234,111,120,231
3148235,217,249,466
3148236,189,203,392
3148237,172,203,375
3148238,161,187,348
3148239,220,203,423
3148240,116,120,236
3148241,222,228,450
3148242,272,303,575
3148243,195,229,424
3148244,165,207,372
3148301,163,163,326
3148302,200,201,401
3148303,157,168,325
3148304,170,165,335
3148305,23,17,40
3148306,221,201,422
3148307,61,54,115
3148308,124,114,238
3148401,263,262,525
3148402,299,290,589
3148403,229,190,419
3148404,190,191,381
3148405,186,160,346
3148406,373,389,762
3148407,0,0,0
3148408,239,232,471
3148409,175,202,377
3148410,279,308,587
3148411,219,232,451
3148412,152,160,312
3148413,256,246,502
3148414,407,417,824
3148415,132,130,262
3148416,96,69,165
3148417,439,465,904
3148501,127,124,251
3148502,161,183,344
3148503,203,195,398
3148504,202,370,572
3148505,208,209,417
3148506,122,113,235
3148507,239,261,500
3148508,164,165,329
3148509,126,136,262
3148510,292,268,560
3148601,253,225,478
3148602,191,186,377
3148603,203,187,390
3148604,261,198,459
3148605,117,101,218
3148606,184,192,376
3148607,169,125,294
3148608,286,288,574
3148609,230,205,435
3148610,155,129,284
3148611,216,193,409
3148612,472,431,903
3148613,69,55,124
3148614,141,134,275
3148615,252,223,475
3148701,271,238,509
3148702,129,137,266
3148703,141,139,280
3148704,129,140,269
3148705,272,258,530
3148706,234,242,476
3148707,174,187,361
3148708,403,463,866
3148709,488,502,990
3148710,182,194,376
3148711,0,0,0
3148712,194,146,340
3148801,279,266,545
3148802,165,167,332
3148803,209,193,402
3148804,0,0,0
3148805,11,6,17
3148806,0,0,0
3148807,208,214,422
3148808,218,218,436
3148809,166,164,330
3148810,195,209,404
3148811,222,202,424
3148812,120,117,237
3148813,202,199,401
3148814,139,144,283
3148815,213,124,337
3148816,301,227,528
3148901,218,202,420
3148902,238,218,456
3148903,164,137,301
3148904,0,0,0
3148905,196,181,377
3148906,176,172,348
3148907,120,122,242
3148908,157,146,303
3148909,215,194,409
3148910,152,130,282
3148911,134,125,259
3148912,77,47,124
3148913,246,198,444
3149001,282,307,589
3149002,207,211,418
3149003,268,281,549
3149004,385,331,716
3149005,241,199,440
3149006,364,363,727
3149007,180,204,384
3149008,167,223,390
3149009,215,191,406
3149010,206,169,375
3149011,465,344,809
3149012,182,143,325
3149013,136,98,234
3149014,215,136,351
3149015,0,0,0
3149016,215,231,446
3149017,262,233,495
3149018,264,239,503
3149019,233,213,446
3149101,446,126,572
3149102,186,194,380
3149103,173,168,341
3149104,126,145,271
3149105,120,137,257
3149106,166,153,319
3149107,194,191,385
3149108,221,238,459
3149109,283,311,594
3149110,252,273,525
3149111,218,238,456
3149112,169,171,340
3149113,142,121,263
3149114,130,71,201
3149115,100,109,209
3149116,6,0,6
3149117,113,120,233
3149118,119,130,249
3149201,239,260,499
3149202,215,239,454
3149203,147,142,289
3149204,221,204,425
3149205,273,324,597
3149206,183,179,362
3149207,239,279,518
3149208,216,250,466
3149209,155,153,308
3149210,184,194,378
3149211,107,127,234
3149212,222,224,446
3149301,317,331,648
3149302,186,223,409
3149303,98,97,195
3149304,128,129,257
3149305,128,110,238
3149306,347,334,681
3149307,161,179,340
3149308,205,208,413
3149309,330,332,662
3149310,235,231,466
3149311,133,129,262
3149312,154,136,290
3149313,117,96,213
3149314,274,296,570
3149315,214,211,425
3149316,257,280,537
3149317,158,154,312
3149318,212,190,402
3149319,238,190,428
3149320,276,252,528
3149321,214,223,437
3149322,426,476,902
3149323,191,192,383
3149324,314,370,684
3149325,317,297,614
3149326,285,296,581
3149327,233,234,467
3149328,258,283,541
3149329,148,143,291
3149330,198,236,434
3149331,263,271,534
3149332,123,113,236
3149333,247,247,494
3149334,230,278,508
3149401,317,338,655
3149402,261,269,530
3149403,203,186,389
3149404,245,252,497
3149405,149,131,280
3149406,213,218,431
3149407,273,279,552
3149408,102,116,218
3149409,173,157,330
3149501,182,202,384
3149502,190,191,381
3149503,147,167,314
3149504,136,90,226
3149505,123,105,228
3149506,148,168,316
3149507,181,200,381
3149508,183,179,362
3149509,229,248,477
3149510,226,250,476
3149511,155,144,299
3149512,188,187,375
3149513,213,206,419
3149514,278,300,578
3149515,214,240,454
3149516,112,123,235
3149517,125,153,278
3149601,90,90,180
3149602,247,253,500
3149603,181,192,373
3149604,216,232,448
3149605,106,130,236
3149606,316,354,670
3149607,187,144,331
3149608,245,266,511
3149609,262,252,514
3149610,106,120,226
3149611,211,206,417
3149612,283,339,622
3149613,101,82,183
3149701,135,160,295
3149702,119,107,226
3149703,246,311,557
3149704,160,166,326
3149705,197,260,457
3149706,166,162,328
3149707,204,177,381
3149708,124,119,243
3149709,276,308,584
3149710,109,112,221
3149711,195,205,400
3149712,133,165,298
3149713,130,142,272
3149714,193,198,391
3149715,182,158,340
3149716,102,114,216
3149717,185,170,355
3149718,84,109,193
3149719,122,104,226
3149720,145,137,282
3149721,175,171,346
3149722,169,192,361
3149801,204,202,406
3149802,342,311,653
3149803,159,151,310
3149804,161,183,344
3149805,173,166,339
3149806,147,143,290
3149807,80,76,156
3149808,212,185,397
3149809,221,220,441
3149810,152,156,308
3149811,142,148,290
3149812,69,77,146
3149813,233,241,474
3149814,270,249,519
3149815,205,177,382
3149816,125,112,237
3149817,214,194,408
3149818,266,217,483
3149819,231,207,438
3149820,195,187,382
3149821,129,130,259
3149822,188,160,348
3149901,143,126,269
3149902,198,191,389
3149903,184,155,339
3149904,178,168,346
3149905,250,234,484
3149906,203,189,392
3149907,318,296,614
3149908,124,119,243
3149909,165,122,287
3149910,254,255,509
3149911,154,160,314
3149912,161,163,324
3149913,173,163,336
3149914,159,158,317
3149915,145,140,285
3149916,99,89,188
3149917,221,182,403
3149918,0,0,0
3149919,212,195,407
3149920,159,153,312
3149921,113,114,227
3149922,211,186,397
3149923,149,139,288
3149924,105,127,232
3149925,136,133,269
3149926,157,173,330
3149927,162,171,333
3149928,113,92,205
3149929,53,61,114
3149930,120,101,221
3150001,107,152,259
3150002,133,219,352
3150003,64,88,152
3150004,220,227,447
3150005,164,176,340
3150006,259,286,545
3150007,223,248,471
3150008,133,152,285
3150009,207,195,402
3150010,158,194,352
3150011,134,131,265
3150012,247,271,518
3150013,89,100,189
3150014,190,212,402
3150015,171,191,362
3150016,0,0,0
3150017,312,337,649
3150018,229,246,475
3150019,191,199,390
3150020,7,11,18
3150021,133,119,252
3150022,186,341,527
3150101,240,252,492
3150102,187,210,397
3150103,214,235,449
3150104,133,129,262
3150105,171,217,388
3150106,218,236,454
3150107,214,236,450
3150108,180,151,331
3150109,235,262,497
3150110,180,190,370
3150111,181,217,398
3150112,144,142,286
3150113,175,178,353
3150114,256,317,573
3150115,31,28,59
3150201,194,211,405
3150202,290,308,598
3150203,191,226,417
3150204,322,370,692
3150205,144,167,311
3150206,192,189,381
3150207,281,280,561
3150208,163,186,349
3150209,178,201,379
3150210,176,180,356
3150211,146,178,324
3150212,153,169,322
3150213,188,193,381
3150214,158,186,344
3150215,314,330,644
3150216,152,187,339
3150217,183,176,359
3150218,253,280,533
3150219,207,226,433
3150220,243,225,468
3150221,217,276,493
3150222,129,150,279
3150223,113,132,245
3150224,148,146,294
3150225,221,251,472
3150226,121,144,265
3150227,177,184,361
3150301,190,170,360
3150302,170,142,312
3150303,181,192,373
3150304,273,281,554
3150305,70,74,144
3150306,199,193,392
3150307,100,126,226
3150308,194,175,369
3150309,174,216,390
3150310,132,136,268
3150311,210,188,398
3150312,138,143,281
3150313,107,91,198
3150314,166,158,324
3150315,161,166,327
3150316,153,134,287
3150317,169,169,338
3150318,215,209,424
3150319,132,104,236
3150320,118,108,226
3150401,134,127,261
3150402,160,135,295
3150403,254,244,498
3150404,165,162,327
3150405,126,101,227
3150406,159,123,282
3150407,205,210,415
3150408,226,253,479
3150409,152,143,295
3150410,204,188,392
3150411,120,109,229
3150412,255,236,491
3150413,285,262,547
3150414,178,146,324
3150501,198,210,408
3150502,235,246,481
3150503,122,135,257
3150504,193,203,396
3150505,74,103,177
3150506,107,150,257
3150507,180,172,352
3150508,137,155,292
3150509,109,123,232
3150510,391,423,814
3150511,265,271,536
3150512,261,270,531
3150513,135,193,328
3150514,184,175,359
3150515,111,115,226
3150516,202,197,399
3150517,145,137,282
3150518,117,108,225
3150519,257,270,527
3150520,237,212,449
3150521,149,161,310
3150522,297,325,622
3150523,163,190,353
3150524,192,227,419
3150525,278,298,576
3150601,173,190,363
3150602,134,116,250
3150603,167,165,332
3150604,197,192,389
3150605,206,197,403
3150606,106,109,215
3150607,118,116,234
3150608,112,102,214
3150609,121,122,243
3150610,144,159,303
3150611,125,116,241
3150612,233,182,415
3150613,595,631,1226
3150614,274,287,561
3150615,138,139,277
3150616,222,210,432
3150617,193,162,355
3150618,139,103,242
3150619,125,140,265
3150620,199,190,389
3150621,120,129,249
3150622,159,163,322
3150623,131,147,278
3150624,264,265,529
3150625,274,323,597
3150701,103,92,195
3150702,164,152,316
3150703,136,129,265
3150704,171,150,321
3150705,154,134,288
3150706,102,82,184
3150707,124,111,235
3150708,156,129,285
3150709,136,137,273
3150710,90,76,166
3150711,97,104,201
3150712,180,170,350
3150713,136,141,277
3150714,188,172,360
3150801,139,130,269
3150802,98,94,192
3150803,154,187,341
3150804,166,168,334
3150805,94,105,199
3150806,113,125,238
3150807,0,0,0
3150808,102,90,192
3150809,157,135,292
3150810,144,112,256
3150811,10,11,21
3150812,131,136,267
3150813,149,136,285
3150814,81,80,161
3150815,99,104,203
3150816,116,116,232
3150817,120,102,222
3150901,104,99,203
3150902,191,181,372
3150903,186,187,373
3150904,140,144,284
3150905,209,230,439
3150906,181,216,397
3150907,106,103,209
3150908,208,205,413
3150909,180,194,374
3150910,116,114,230
3150911,210,226,436
3150912,132,136,268
3150913,160,144,304
3150914,139,140,279
3150915,168,175,343
3150916,207,182,389
3150917,134,137,271
3150918,103,118,221
3150919,182,213,395
3150920,224,214,438
3150921,250,240,490
3150922,155,120,275
3150923,261,248,509
3150924,221,236,457
3150925,249,242,491
3150926,128,136,264
3150927,129,143,272
3151001,3,3,6
3151101,193,208,401
3151102,174,162,336
3151103,195,186,381
3151104,243,246,489
3151105,135,134,269
3151106,180,197,377
3151107,196,161,357
3151108,248,228,476
3151109,321,308,629
3151110,143,137,280
3151111,139,135,274
3151112,3,0,3
3151113,29,31,60
3151114,219,202,421
3151115,65,43,108
3151116,266,243,509
3151117,182,164,346
3151201,345,320,665
3151202,331,312,643
3151203,393,437,830
3151204,250,280,530
3151205,197,212,409
3151206,256,312,568
3151207,115,103,218
3151208,128,118,246
3151209,182,202,384
3151210,113,120,233
3151211,194,191,385
3151212,194,216,410
3151213,153,165,318
3151214,88,128,216
3151215,144,188,332
3151216,129,142,271
3151217,163,216,379
3151218,254,300,554
3151219,177,194,371
3151220,186,239,425
3151221,125,159,284
3151222,212,230,442
3151223,295,322,617
3151224,157,167,324
3151225,124,119,243
3151226,152,148,300
3151227,118,125,243
3151228,144,165,309
3151229,235,257,492
3151230,106,144,250
3151231,179,212,391
3151232,161,186,347
3151233,269,311,580
3151301,283,271,554
3151302,180,183,363
3151303,298,291,589
3151304,259,274,533
3151305,307,347,654
3151306,114,128,242
3151307,269,301,570
3151308,160,164,324
3151309,160,159,319
3151310,201,228,429
3151311,273,274,547
3151312,195,188,383
3151313,373,422,795
3151401,175,178,353
3151402,231,214,445
3151403,251,253,504
3151404,202,198,400
3151405,190,167,357
3151406,181,188,369
3151407,0,0,0
3151408,147,146,293
3151409,265,250,515
3151410,107,120,227
3151411,143,146,289
3151412,48,37,85
3151413,159,149,308
3151414,211,188,399
3151415,190,190,380
3151416,148,135,283
3151417,142,143,285
3151418,238,228,466
3151419,0,0,0
3151420,81,85,166
3151421,112,92,204
3151422,225,213,438
3151423,83,79,162
3151424,124,124,248
3151425,71,70,141
3151426,149,126,275
3151427,172,140,312
3151428,224,225,449
3151429,177,175,352
3151430,190,204,394
3151431,195,206,401
3151432,140,131,271
3151433,191,234,425
3151434,165,148,313
3151435,195,181,376
3151436,208,185,393
3151437,131,141,272
3151438,207,213,420
3151439,97,85,182
3151440,252,218,470
3151441,163,155,318
3151442,172,163,335
3151443,143,144,287
3151444,178,180,358
3151445,157,143,300
3151446,225,208,433
3151447,129,107,236
3151448,157,159,316
3151449,99,97,196
3151450,216,203,419
3151451,253,248,501
3151452,105,101,206
3151453,191,175,366
3151501,204,207,411
3151502,143,131,274
3151503,246,252,498
3151504,226,207,433
3151505,174,178,352
3151506,141,127,268
3151507,100,109,209
3151508,131,144,275
3151509,149,141,290
3151510,144,144,288
3151511,146,135,281
3151601,172,178,350
3151602,352,371,723
3151603,147,126,273
3151604,0,0,0
3151605,394,389,783
3151606,102,105,207
3151607,187,203,390
3151608,113,108,221
3151609,169,159,328
3151610,253,259,512
3151611,191,185,376
3151701,146,165,311
3151702,186,191,377
3151703,156,138,294
3151704,155,144,299
3151705,174,195,369
3151706,213,211,424
3151707,267,258,525
3151708,133,145,278
3151709,224,222,446
3151710,148,170,318
3151711,134,129,263
3151712,303,290,593
3151801,209,210,419
3151802,211,240,451
3151803,221,250,471
3151804,227,258,485
3151805,215,211,426
3151806,176,179,355
3151807,242,254,496
3151808,165,197,362
3151809,182,211,393
3151810,107,132,239
3151811,202,248,450
3151812,127,121,248
3151813,432,447,879
3151814,253,306,559
3151815,205,215,420
3151816,164,200,364
3151817,229,256,485
3151818,0,0,0
3151819,0,0,0
3151820,130,144,274
3151821,198,224,422
3151822,223,258,481
3151823,174,198,372
3151824,215,239,454
3151825,259,264,523
3151826,159,228,387
3151827,206,249,455
3151828,228,319,547
3151829,250,259,509
3151830,331,342,673
3151901,0,0,0
3151902,286,292,578
3151903,191,226,417
3151904,133,160,293
3151905,244,290,534
3151906,222,256,478
3151907,163,164,327
3151908,229,281,510
3151909,173,174,347
3151910,176,171,347
3151911,184,215,399
3151912,183,214,397
3151913,120,120,240
3151914,192,237,429
3151915,186,208,394
3152001,196,192,388
3152002,194,214,408
3152003,208,206,414
3152004,127,121,248
3152005,191,203,394
3152006,122,127,249
3152007,314,337,651
3152008,199,226,425
3152009,177,201,378
3152010,193,223,416
3152011,148,195,343
3152012,121,139,260
3152013,131,156,287
3152014,181,191,372
3152015,175,183,358
3152016,140,149,289
3152017,249,233,482
3152018,273,294,567
3152019,259,303,562
3152020,240,328,568
3152021,174,295,469
3152022,223,251,474
3152023,231,263,494
3152024,205,256,461
3152025,122,145,267
3152026,338,339,677
3152027,166,170,336
3152028,146,167,313
3152029,176,162,338
3152030,221,251,472
3152031,104,202,306
3152032,327,332,659
3152033,148,185,333
3152034,164,171,335
3152035,233,263,496
3152101,253,237,490
3152102,116,127,243
3152103,191,201,392
3152104,155,160,315
3152105,161,151,312
3152106,195,242,437
3152107,280,286,566
3152108,129,136,265
3152109,294,292,586
3152110,149,150,299
3152111,147,176,323
3152112,157,155,312
3152113,233,278,511
3152114,210,242,452
3152115,171,178,349
3152116,245,255,500
3152117,264,320,584
3152118,149,175,324
3152119,132,116,248
3152120,190,157,347
3152121,204,216,420
3152122,186,170,356
3152123,258,273,531
3152124,43,36,79
3152125,550,586,1136
3152126,151,153,304
3152127,185,211,396
3152128,146,175,321
3152201,251,249,500
3152202,269,284,553
3152203,235,238,473
3152204,153,150,303
3152205,139,127,266
3152206,231,203,434
3152207,208,162,370
3152208,308,276,584
3152209,178,170,348
3152210,6,4,10
3152211,167,187,354
3152212,163,182,345
3152213,244,266,510
3152214,142,139,281
3152215,126,125,251
3152216,155,148,303
3152217,83,62,145
3152218,163,157,320
3152219,188,159,347
3152220,157,158,315
3152221,152,162,314
3152222,165,169,334
3152223,189,179,368
3152224,27,25,52
3152225,146,144,290
3152226,144,151,295
3152301,219,240,459
3152302,224,225,449
3152303,226,242,468
3152304,177,175,352
3152305,235,251,486
3152306,237,244,481
3152307,238,234,472
3152401,283,313,596
3152402,125,173,298
3152403,241,236,477
3152404,108,143,251
3152405,152,159,311
3152406,132,139,271
3152407,133,137,270
3152408,130,141,271
3152409,100,102,202
3152410,209,214,423
3152411,256,274,530
3152412,158,160,318
3152413,171,179,350
3152414,474,0,474
3152415,134,154,288
3152416,188,195,383
3152417,159,199,358
3152418,138,131,269
3152419,224,269,493
3152420,178,184,362
3152421,313,289,602
3152422,157,171,328
3152423,112,101,213
3152424,133,166,299
3152425,252,266,518
3152426,126,140,266
3152427,192,235,427
3152428,121,140,261
3152429,238,253,491
3152430,140,133,273
3152431,147,151,298
3152432,219,211,430
3152433,125,111,236
3152434,205,185,390
3152435,199,139,338
3152436,152,130,282
3152437,161,160,321
3152438,3,3,6
3152439,245,249,494
3152440,347,338,685
3152441,180,197,377
3152442,194,223,417
3152443,185,201,386
3152444,170,181,351
3152445,158,175,333
3152446,173,178,351
3152447,175,238,413
3152448,198,194,392
3152449,120,133,253
3152450,101,197,298
3152451,153,122,275
3152501,298,293,591
3152502,364,308,672
3152503,145,131,276
3152504,143,120,263
3152505,344,345,689
3152506,89,82,171
3152507,145,118,263
3152508,231,241,472
3152509,169,152,321
3152510,179,140,319
3152511,134,144,278
3152512,194,176,370
3152513,151,154,305
3152514,229,225,454
3152515,4,3,7
3152516,92,96,188
3152517,182,176,358
3152518,226,239,465
3152519,125,91,216
3152520,133,121,254
3152521,188,195,383
3152522,174,163,337
3152601,294,273,567
3152602,129,143,272
3152603,88,86,174
3152604,228,236,464
3152605,191,179,370
3152606,131,156,287
3152607,207,209,416
3152608,252,284,536
3152609,249,222,471
3152610,148,153,301
3152611,163,156,319
3152612,208,219,427
3152613,141,142,283
3949999,7151,5394,12545
3979991,0,0,0
3979992,3,0,3
3979993,274,192,466
4100101,233,235,468
4100102,206,180,386
4100103,113,94,207
4100104,312,268,580
4100105,179,181,360
4100106,210,163,373
4100107,284,281,565
4100108,198,148,346
4100109,282,270,552
4100110,530,576,1106
4100111,208,121,329
4100112,376,332,708
4100113,350,246,596
4100114,141,151,292
4100115,208,182,390
4100116,183,171,354
4100117,215,198,413
4100118,138,126,264
4100119,258,251,509
4100120,199,209,408
4100121,424,348,772
4100122,295,30,325
4100123,669,681,1350
4100124,203,161,364
4100125,309,290,599
4100126,3,3,6
4100127,0,0,0
4100128,0,0,0
4100129,9,3,12
4100130,166,157,323
4100131,3,3,6
4100132,0,0,0
4100201,226,253,479
4100202,186,217,403
4100203,127,178,305
4100204,194,195,389
4100205,327,299,626
4100206,156,152,308
4100207,124,134,258
4100208,221,354,575
4100209,168,172,340
4100210,120,137,257
4100211,175,170,345
4100212,152,192,344
4100213,0,0,0
4100214,159,124,283
4100215,217,243,460
4100216,216,214,430
4100217,0,0,0
4100218,0,0,0
4100219,140,146,286
4100220,150,118,268
4100221,172,143,315
4100301,143,149,292
4100302,126,142,268
4100303,193,177,370
4100304,168,170,338
4100305,146,157,303
4100306,223,209,432
4100307,122,116,238
4100308,194,175,369
4100309,111,90,201
4100310,112,110,222
4100311,160,149,309
4100312,268,268,536
4100313,164,169,333
4100314,180,202,382
4100315,154,174,328
4100316,144,159,303
4100317,107,102,209
4100318,168,146,314
4100319,256,259,515
4100320,0,5,5
4100321,125,126,251
4100322,66,65,131
4100323,98,79,177
4100401,220,235,455
4100402,269,254,523
4100403,194,218,412
4100404,155,143,298
4100405,247,218,465
4100406,183,185,368
4100407,129,143,272
4100408,195,184,379
4100409,160,148,308
4100410,175,162,337
4100411,193,187,380
4100412,200,192,392
4100413,142,140,282
4100414,210,209,419
4100415,132,159,291
4100416,265,265,530
4100417,203,247,450
4100418,174,190,364
4100419,185,171,356
4100420,129,133,262
4100421,242,241,483
4100422,238,268,506
4100423,248,223,471
4100424,203,200,403
4100425,186,211,397
4100426,212,204,416
4100427,248,252,500
4100428,200,180,380
4100429,151,150,301
4100430,151,158,309
4100431,149,169,318
4100432,121,119,240
4100433,209,187,396
4100434,283,289,572
4100435,265,255,520
4100436,134,153,287
4100437,120,118,238
4100438,149,149,298
4100439,252,264,516
4100440,236,224,460
4100441,175,187,362
4100442,205,210,415
4100443,103,100,203
4100444,97,93,190
4100445,99,93,192
4100446,110,104,214
4100447,103,108,211
4100501,127,138,265
4100502,205,254,459
4100503,120,124,244
4100504,122,106,228
4100505,144,130,274
4100506,122,108,230
4100507,179,202,381
4100508,221,220,441
4100509,150,151,301
4100510,253,231,484
4100511,102,99,201
4100512,110,100,210
4100513,125,150,275
4100514,141,160,301
4100601,218,238,456
4100602,104,110,214
4100603,149,140,289
4100604,147,134,281
4100605,389,272,661
4100606,223,240,463
4100607,182,191,373
4100608,190,198,388
4100609,173,148,321
4100610,99,102,201
4100611,175,193,368
4100612,116,138,254
4100613,190,210,400
4100614,147,147,294
4100615,214,220,434
4100616,221,253,474
4100617,262,259,521
4100618,330,332,662
4100619,166,176,342
4100620,176,159,335
4100621,175,222,397
4100622,90,83,173
4100623,130,110,240
4100624,133,163,296
4100625,90,83,173
4100701,88,109,197
4100702,170,175,345
4100703,191,243,434
4100704,129,135,264
4100705,91,79,170
4100706,179,172,351
4100707,130,162,292
4100708,181,234,415
4100709,136,149,285
4100710,173,233,406
4100711,367,395,762
4100712,235,247,482
4100713,139,138,277
4100714,254,278,532
4100715,89,109,198
4100716,238,276,514
4100717,117,134,251
4100718,215,240,455
4100719,215,256,471
4100720,200,199,399
4100721,229,265,494
4100722,239,282,521
4100723,241,285,526
4100724,260,266,526
4100725,292,292,584
4100726,277,298,575
4100727,164,168,332
4100728,318,334,652
4100729,96,111,207
4100730,192,205,397
4100731,118,175,293
4100732,211,209,420
4100733,404,395,799
4100734,334,360,694
4100735,197,208,405
4100801,157,146,303
4100802,102,107,209
4100803,275,229,504
4100804,207,196,403
4100805,119,125,244
4100806,141,125,266
4100807,182,186,368
4100808,114,92,206
4100809,139,148,287
4100810,168,173,341
4100811,110,131,241
4100812,136,144,280
4100813,228,223,451
4100814,252,262,514
4100815,138,137,275
4100816,361,344,705
4100817,164,177,341
4100901,231,256,487
4100902,226,225,451
4100903,142,136,278
4100904,399,429,828
4100905,162,181,343
4100906,375,408,783
4100907,238,265,503
4100908,162,149,311
4100909,106,109,215
4100910,105,114,219
4101001,220,214,434
4101002,0,0,0
4101003,337,266,603
4101004,166,170,336
4101005,230,231,461
4101006,0,0,0
4101007,233,209,442
4101008,275,261,536
4101009,242,224,466
4101010,177,178,355
4101011,129,132,261
4101012,173,168,341
4101013,201,173,374
4101014,224,216,440
4101015,4,0,4
4101016,124,159,283
4101101,230,233,463
4101102,171,165,336
4101103,274,289,563
4101104,238,235,473
4101105,201,207,408
4101106,158,166,324
4101107,208,250,458
4101108,138,176,314
4101109,175,194,369
4101110,177,180,357
4101111,181,182,363
4101112,197,210,407
4101113,193,209,402
4101114,245,258,503
4101115,250,292,542
4101116,210,206,416
4101117,176,169,345
4101118,129,124,253
4101119,207,223,430
4101120,207,202,409
4101121,136,149,285
4101122,135,157,292
4101123,135,162,297
4101124,185,194,379
4101125,228,232,460
4101126,192,227,419
4101127,237,259,496
4101128,286,291,577
4101129,202,158,360
4101130,176,210,386
4101131,158,182,340
4101132,151,181,332
4101133,236,270,506
4101134,196,259,455
4101135,123,160,283
4101136,144,175,319
4101137,168,204,372
4101138,199,212,411
4101139,279,353,632
4101140,146,140,286
4101141,234,260,494
4101142,228,262,490
4101143,227,247,474
4101144,215,258,473
4101201,214,221,435
4101202,146,150,296
4101203,190,216,406
4101204,166,151,317
4101205,218,268,486
4101206,162,182,344
4101207,225,386,611
4101208,178,178,356
4101209,240,251,491
4101210,260,238,498
4101211,163,156,319
4101212,341,343,684
4101213,245,264,509
4101214,133,150,283
4101215,253,253,506
4101216,227,260,487
4101217,171,191,362
4101218,154,183,337
4101219,210,234,444
4101220,246,230,476
4101221,128,177,305
4101301,149,169,318
4101302,167,186,353
4101303,241,303,544
4101304,229,242,471
4101305,255,264,519
4101306,162,178,340
4101307,230,273,503
4101308,218,221,439
4101309,265,271,536
4101310,260,295,555
4101311,222,294,516
4101312,155,154,309
4101313,79,185,264
4101314,186,206,392
4101315,198,201,399
4101316,257,279,536
4101317,217,344,561
4101318,278,364,642
4101319,159,183,342
4101320,164,185,349
4101321,227,251,478
4101322,256,313,569
4101323,241,257,498
4101324,214,273,487
4101325,219,222,441
4101326,212,236,448
4101327,245,293,538
4101328,102,139,241
4101329,134,206,340
4101330,220,265,485
4101331,171,187,358
4101332,125,126,251
4101333,107,124,231
4101334,218,242,460
4101335,147,151,298
4101336,149,140,289
4101401,201,206,407
4101402,217,191,408
4101403,135,139,274
4101404,169,156,325
4101405,179,192,371
4101406,159,170,329
4101407,0,0,0
4101408,180,166,346
4101409,134,150,284
4101410,240,244,484
4101411,223,245,468
4101412,201,208,409
4101413,281,294,575
4101414,202,174,376
4101415,253,273,526
4101416,267,239,506
4101417,228,201,429
4101418,119,104,223
4101419,78,82,160
4101420,188,208,396
4101421,268,285,553
4101422,156,164,320
4101423,0,0,0
4101424,131,130,261
4101425,125,130,255
4101426,177,168,345
4101427,120,116,236
4101501,165,175,340
4101502,280,296,576
4101503,207,238,445
4101504,210,258,468
4101505,180,240,420
4101506,242,256,498
4101507,126,165,291
4101508,168,185,353
4101509,189,176,365
4101510,178,216,394
4101511,180,183,363
4101512,304,324,628
4101513,124,133,257
4101514,150,148,298
4101515,249,272,521
4101516,165,158,323
4101517,143,171,314
4101518,207,248,455
4101519,257,272,529
4101520,134,154,288
4101521,232,239,471
4101522,146,172,318
4101523,279,291,570
4101524,113,133,246
4101525,127,164,291
4101526,255,255,510
4101527,200,247,447
4101528,187,194,381
4101529,251,264,515
4101530,212,236,448
4101531,210,214,424
4101532,230,244,474
4101533,188,176,364
4101534,258,327,585
4101535,124,133,257
4101536,232,252,484
4101537,274,281,555
4101538,209,265,474
4101539,102,119,221
4101540,292,305,597
4101541,257,255,512
4101542,142,148,290
4101543,156,156,312
4101544,213,239,452
4101545,248,230,478
4101601,295,290,585
4101602,242,273,515
4101603,216,326,542
4101604,214,244,458
4101605,178,221,399
4101606,228,261,489
4101607,212,222,434
4101608,218,251,469
4101609,228,231,459
4101610,328,362,690
4101611,233,229,462
4101612,294,316,610
4101613,158,140,298
4101614,96,123,219
4101615,164,171,335
4101616,311,300,611
4101617,186,173,359
4101618,245,247,492
4101619,255,277,532
4101620,164,175,339
4101621,224,280,504
4101622,217,270,487
4101623,184,196,380
4101624,194,210,404
4101625,183,209,392
4101626,254,299,553
4101627,189,198,387
4101628,274,306,580
4101629,144,161,305
4101630,184,191,375
4101631,242,260,502
4101632,226,243,469
4101633,169,234,403
4101634,312,314,626
4101635,317,310,627
4101636,313,366,679
4101637,145,199,344
4101638,181,208,389
4101639,162,181,343
4101640,333,345,678
4101641,266,286,552
4101642,141,152,293
4101643,133,135,268
4101644,143,141,284
4101645,166,179,345
4101701,232,208,440
4101702,224,243,467
4101703,171,195,366
4101704,222,220,442
4101705,185,185,370
4101706,166,194,360
4101707,172,202,374
4101708,183,216,399
4101709,194,203,397
4101710,228,235,463
4101711,179,197,376
4101712,154,190,344
4101713,190,224,414
4101714,184,224,408
4101715,167,222,389
4101716,333,180,513
4101717,119,129,248
4101718,245,268,513
4101719,243,359,602
4101720,175,265,440
4101721,196,203,399
4101722,250,284,534
4101723,117,162,279
4101724,120,112,232
4101801,274,301,575
4101802,161,182,343
4101803,270,311,581
4101804,161,179,340
4101805,157,230,387
4101806,191,213,404
4101807,247,265,512
4101808,237,270,507
4101809,162,155,317
4101810,152,190,342
4101811,251,264,515
4101812,198,218,416
4101813,132,137,269
4101814,153,163,316
4101815,243,261,504
4101816,206,224,430
4101817,246,257,503
4101818,145,161,306
4101819,190,177,367
4101820,149,191,340
4101821,191,249,440
4101822,197,222,419
4101823,194,337,531
4101824,298,360,658
4101825,145,147,292
4101826,173,182,355
4101827,126,133,259
4101828,240,305,545
4101829,137,148,285
4101901,147,147,294
4101902,168,200,368
4101903,367,272,639
4101904,225,215,440
4101905,149,150,299
4101906,162,166,328
4101907,110,125,235
4101908,209,206,415
4101909,147,137,284
4101910,199,209,408
4101911,179,158,337
4101912,209,208,417
4101913,224,254,478
4101914,234,230,464
4101915,179,243,422
4101916,169,177,346
4101917,238,238,476
4101918,225,234,459
4101919,162,153,315
4101920,265,286,551
4101921,224,228,452
4101922,171,164,335
4101923,252,268,520
4101924,183,198,381
4101925,261,296,557
4101926,263,305,568
4101927,208,187,395
4101928,152,151,303
4101929,144,157,301
4101930,146,146,292
4101931,194,195,389
4101932,262,312,574
4102001,168,180,348
4102002,156,185,341
4102003,180,182,362
4102004,273,328,601
4102005,228,244,472
4102006,295,283,578
4102007,286,303,589
4102008,195,206,401
4102009,160,183,343
4102010,194,193,387
4102011,264,264,528
4102012,160,175,335
4102013,101,127,228
4102014,216,225,441
4102101,227,225,452
4102102,282,277,559
4102103,217,210,427
4102104,296,319,615
4102105,193,190,383
4102106,267,245,512
4102107,179,158,337
4102108,211,182,393
4102109,298,294,592
4102110,210,195,405
4102111,251,287,538
4102112,0,0,0
4102113,179,191,370
4102114,167,175,342
4102115,142,137,279
4102116,213,227,440
4102117,208,215,423
4102118,176,192,368
4102119,297,272,569
4102120,159,164,323
4102121,290,329,619
4102122,239,222,461
4102123,152,151,303
4102124,120,130,250
4102125,269,278,547
4102126,229,227,456
4102127,208,200,408
4102128,176,170,346
4102129,156,171,327
4102130,181,135,316
4102131,111,115,226
4102132,203,196,399
4102133,178,197,375
4102134,223,220,443
4102135,98,91,189
4102201,231,310,541
4102202,152,183,335
4102203,192,222,414
4102204,212,218,430
4102205,170,202,372
4102206,257,281,538
4102207,288,233,521
4102208,174,130,304
4102209,201,228,429
4102210,265,274,539
4102211,261,286,547
4102212,149,150,299
4102213,227,221,448
4102214,166,167,333
4102215,156,185,341
4102216,154,173,327
4102217,148,148,296
4102301,184,195,379
4102302,285,304,589
4102303,210,226,436
4102304,259,291,550
4102305,255,327,582
4102306,169,186,355
4102307,207,237,444
4102308,254,272,526
4102309,243,242,485
4102310,270,318,588
4102311,141,174,315
4102312,251,241,492
4102313,145,140,285
4102314,159,173,332
4102315,228,195,423
4102316,166,150,316
4102317,100,105,205
4102318,216,237,453
4102319,258,268,526
4102320,140,196,336
4102321,115,127,242
4102322,158,240,398
4102323,203,209,412
4102324,245,248,493
4102325,303,324,627
4102326,168,183,351
4102327,215,195,410
4102328,246,264,510
4102329,189,187,376
4102330,301,288,589
4102331,249,270,519
4102332,200,227,427
4102333,227,224,451
4102334,215,281,496
4102335,191,216,407
4102336,130,170,300
4102337,166,152,318
4102338,157,160,317
4102339,146,217,363
4102340,108,166,274
4102341,137,160,297
4102401,209,222,431
4102402,207,227,434
4102403,159,183,342
4102404,273,230,503
4102405,280,300,580
4102406,214,243,457
4102407,180,211,391
4102408,178,195,373
4102409,153,176,329
4102410,312,366,678
4102411,301,309,610
4102412,317,322,639
4102413,260,316,576
4102414,252,272,524
4102415,244,292,536
4102416,274,298,572
4102417,242,273,515
4102418,252,316,568
4102419,203,230,433
4102420,247,398,645
4102421,206,274,480
4102422,161,196,357
4102423,291,309,600
4102424,241,293,534
4102425,248,304,552
4102426,208,215,423
4102427,160,384,544
4102428,194,224,418
4102429,294,288,582
4102430,225,259,484
4102431,166,221,387
4102432,205,203,408
4102433,159,181,340
4102434,205,217,422
4102435,182,199,381
4102436,207,250,457
4102437,255,315,570
4102438,268,276,544
4102439,333,380,713
4102440,153,142,295
4102501,241,232,473
4102502,100,85,185
4102503,302,254,556
4102504,103,90,193
4102505,179,180,359
4102506,227,235,462
4102507,308,318,626
4102508,230,271,501
4102509,191,200,391
4102510,293,301,594
4102511,185,194,379
4102512,240,229,469
4102513,261,240,501
4102514,230,224,454
4102515,205,218,423
4102516,96,95,191
4102517,169,186,355
4102518,199,211,410
4102519,140,138,278
4102520,95,117,212
4102521,206,212,418
4102522,166,178,344
4102523,0,0,0
4102601,268,287,555
4102602,180,198,378
4102603,147,161,308
4102604,219,220,439
4102605,100,126,226
4102606,122,150,272
4102607,156,159,315
4102608,276,265,541
4102609,328,332,660
4102610,184,181,365
4102611,177,208,385
4102612,159,191,350
4102613,140,134,274
4102614,222,176,398
4102615,176,200,376
4102616,123,131,254
4102617,76,64,140
4102618,98,96,194
4102619,375,319,694
4102620,0,0,0
4102621,181,194,375
4102622,210,226,436
4102623,432,489,921
4102624,146,184,330
4102625,279,295,574
4102626,221,289,510
4102627,154,151,305
4102628,237,256,493
4102629,260,254,514
4102630,264,291,555
4102631,122,134,256
4102632,289,306,595
4102633,226,260,486
4102634,155,168,323
4102635,165,187,352
4102636,158,191,349
4102637,205,246,451
4102638,116,130,246
4102639,288,340,628
4102640,115,133,248
4102641,132,134,266
4102642,85,97,182
4102643,124,187,311
4102644,117,138,255
4102645,159,172,331
4102646,91,118,209
4102647,0,0,0
4102701,155,137,292
4102702,241,240,481
4102703,131,151,282
4102704,164,172,336
4102705,125,130,255
4102706,140,131,271
4102707,147,136,283
4102708,189,204,393
4102709,125,127,252
4102710,160,166,326
4102711,200,175,375
4102712,243,222,465
4102713,224,218,442
4102714,154,144,298
4102715,119,109,228
4102716,142,116,258
4102801,194,198,392
4102802,196,191,387
4102803,232,200,432
4102804,244,232,476
4102805,303,314,617
4102806,287,341,628
4102807,228,218,446
4102808,121,109,230
4102809,304,299,603
4102810,316,336,652
4102811,144,148,292
4102812,261,256,517
4102813,192,232,424
4102814,206,234,440
4102815,388,372,760
4102816,488,476,964
4102817,267,302,569
4102818,370,371,741
4102819,195,220,415
4102820,233,272,505
4102821,189,165,354
4102822,215,242,457
4102823,211,196,407
4102824,254,271,525
4102825,255,275,530
4102826,183,193,376
4102827,276,264,540
4102828,162,169,331
4102829,296,277,573
4102830,307,286,593
4102831,386,365,751
4102832,133,132,265
4102901,147,146,293
4102902,181,190,371
4102903,225,242,467
4102904,213,218,431
4102905,185,191,376
4102906,259,255,514
4102907,285,264,549
4102908,571,570,1141
4102909,253,240,493
4102910,202,207,409
4102911,263,290,553
4102912,150,164,314
4102913,251,276,527
4102914,188,143,331
4102915,130,127,257
4102916,131,129,260
4102917,371,335,706
4102918,209,233,442
4102919,1554,1686,3240
4102920,313,326,639
4102921,223,245,468
4102922,3,0,3
4102923,233,234,467
4102924,222,230,452
4102925,278,251,529
4102926,186,177,363
4102927,250,272,522
4102928,70,73,143
4102929,139,141,280
4103001,194,184,378
4103002,0,0,0
4103003,373,288,661
4103004,243,253,496
4103005,224,230,454
4103006,272,267,539
4103007,253,290,543
4103008,172,177,349
4103009,221,249,470
4103010,238,255,493
4103011,183,194,377
4103012,229,249,478
4103013,155,180,335
4103014,184,173,357
4103015,158,203,361
4103016,0,0,0
4103017,71,81,152
4103018,162,178,340
4103019,228,271,499
4103020,132,219,351
4103021,149,139,288
4103022,249,226,475
4103023,286,293,579
4103024,192,167,359
4103025,0,0,0
4103026,166,206,372
4103027,89,96,185
4103101,265,242,507
4103102,217,203,420
4103103,167,170,337
4103104,128,107,235
4103105,247,269,516
4103106,270,250,520
4103107,188,187,375
4103108,157,158,315
4103109,195,207,402
4103110,273,294,567
4103111,212,198,410
4103112,146,144,290
4103113,292,252,544
4103114,223,239,462
4103115,186,182,368
4103116,132,144,276
4103117,202,218,420
4103118,139,181,320
4103119,170,165,335
4103120,241,260,501
4103121,275,256,531
4103122,144,144,288
4103123,243,271,514
4103124,218,186,404
4103125,183,194,377
4103126,155,157,312
4103127,256,272,528
4103128,174,145,319
4103129,119,114,233
4103130,161,156,317
4103131,112,113,225
4103201,109,89,198
4103202,599,634,1233
4103203,541,577,1118
4103204,458,489,947
4103205,140,134,274
4103206,170,170,340
4103207,191,169,360
4103208,229,195,424
4103209,337,307,644
4103210,307,295,602
4103211,85,81,166
4103212,493,522,1015
4103213,238,217,455
4103301,176,171,347
4103302,109,116,225
4103303,104,104,208
4103304,231,196,427
4103305,158,139,297
4103306,153,153,306
4103307,4,8,12
4103308,194,171,365
4103309,105,105,210
4103401,223,222,445
4103402,224,215,439
4103403,188,200,388
4103404,143,149,292
4103405,219,240,459
4103406,169,167,336
4103407,284,295,579
4103408,146,176,322
4103409,204,207,411
4103410,177,178,355
4103411,162,220,382
4103412,209,219,428
4103413,202,211,413
4103414,215,216,431
4103415,222,237,459
4103416,164,195,359
4103417,200,230,430
4103418,172,186,358
4103419,191,220,411
4103420,185,191,376
4103421,266,256,522
4103422,146,177,323
4103423,180,151,331
4103424,266,249,515
4103425,283,255,538
4103426,236,230,466
4103427,304,302,606
4103428,147,117,264
4103429,241,281,522
4103501,264,298,562
4103502,191,166,357
4103503,145,132,277
4103504,93,96,189
4103505,132,132,264
4103506,81,84,165
4103507,316,245,561
4103508,366,384,750
4103509,313,299,612
4103601,110,87,197
4103602,0,0,0
4103603,289,304,593
4103604,218,174,392
4103605,280,271,551
4103606,182,181,363
4103607,259,256,515
4103608,202,225,427
4103609,219,224,443
4103610,312,292,604
4103611,262,232,494
4103612,256,257,513
4103613,234,198,432
4103614,195,195,390
4103615,240,218,458
4103616,298,307,605
4103617,280,287,567
4103618,292,244,536
4103619,251,236,487
4103620,281,235,516
4103621,372,341,713
4103622,317,266,583
4103623,277,274,551
4103624,226,242,468
4103625,223,215,438
4103626,202,214,416
4103627,177,167,344
4103628,265,274,539
4103629,185,174,359
4103630,220,207,427
4103631,337,303,640
4103632,215,208,423
4103633,234,193,427
4103634,209,224,433
4103635,182,263,445
4103636,256,307,563
4103637,247,240,487
4103638,158,138,296
4103639,136,148,284
4103640,226,213,439
4103641,223,239,462
4103642,256,336,592
4103643,281,235,516
4103644,231,271,502
4103645,0,0,0
4103646,293,257,550
4103647,9,0,9
4103648,0,0,0
4103649,155,151,306
4103650,141,119,260
4103651,0,0,0
4103701,194,198,392
4103702,175,191,366
4103703,199,193,392
4103704,155,182,337
4103705,232,196,428
4103706,255,247,502
4103707,133,124,257
4103708,156,130,286
4103709,264,247,511
4103710,129,137,266
4103711,164,157,321
4103712,354,359,713
4103713,112,74,186
4103714,234,294,528
4103715,229,262,491
4103716,515,116,631
4103717,192,210,402
4103718,170,174,344
4103719,183,176,359
4103720,162,141,303
4103721,247,233,480
4103722,136,171,307
4103723,192,193,385
4103724,248,252,500
4103725,198,193,391
4103726,151,137,288
4103727,272,258,530
4103728,243,265,508
4103729,199,194,393
4103730,291,287,578
4103731,305,301,606
4103732,224,210,434
4103733,200,185,385
4103734,149,176,325
4103735,257,311,568
4103736,332,347,679
4103737,228,220,448
4103738,227,230,457
4103739,260,264,524
4103740,164,162,326
4103741,250,249,499
4103742,218,281,499
4103743,175,168,343
4103744,127,142,269
4103745,98,101,199
4103746,270,272,542
4103747,233,258,491
4103748,90,99,189
4103749,155,163,318
4103750,144,184,328
4103801,225,220,445
4103802,190,215,405
4103803,266,261,527
4103804,219,229,448
4103805,235,268,503
4103806,237,241,478
4103807,311,310,621
4103808,200,215,415
4103809,213,214,427
4103810,210,213,423
4103811,268,297,565
4103812,203,180,383
4103813,323,280,603
4103814,329,334,663
4103815,235,223,458
4103816,206,196,402
4103817,269,269,538
4103818,169,182,351
4103819,228,200,428
4103820,274,310,584
4103821,220,240,460
4103822,209,231,440
4103823,216,311,527
4103824,252,231,483
4103825,332,336,668
4103826,197,187,384
4103827,197,184,381
4103828,220,218,438
4103829,295,290,585
4103830,282,295,577
4103831,222,251,473
4103832,211,232,443
4103833,258,322,580
4103834,200,212,412
4103835,322,310,632
4103836,117,150,267
4103837,161,204,365
4103838,245,227,472
4103839,166,169,335
4103901,3,0,3
4104001,217,190,407
4104002,247,264,511
4104003,195,202,397
4104004,155,163,318
4104005,276,279,555
4104006,225,250,475
4104007,122,139,261
4104008,161,188,349
4104009,130,129,259
4104010,162,211,373
4104011,330,322,652
4104012,169,192,361
4104013,222,225,447
4104014,139,257,396
4104015,163,196,359
4104016,170,153,323
4104017,295,296,591
4104018,245,226,471
4104019,222,224,446
4104020,164,118,282
4104021,207,220,427
4104022,264,224,488
4104023,227,223,450
4104024,212,209,421
4104025,268,256,524
4104026,194,204,398
4104027,244,227,471
4104028,171,182,353
4104029,0,0,0
4104030,202,230,432
4104031,158,207,365
4104032,141,147,288
4104033,178,176,354
4104034,175,197,372
4104035,206,205,411
4104036,164,146,310
4104037,191,177,368
4104101,158,172,330
4104102,299,255,554
4104103,226,232,458
4104104,300,315,615
4104105,206,196,402
4104106,307,312,619
4104107,183,167,350
4104108,198,153,351
4104109,161,147,308
4104110,233,214,447
4104111,240,219,459
4104112,216,206,422
4104113,146,168,314
4104114,214,222,436
4104115,126,123,249
4104116,170,177,347
4104117,246,279,525
4104118,223,278,501
4104119,180,220,400
4104120,228,215,443
4104121,206,258,464
4104122,182,182,364
4104123,202,217,419
4104124,270,247,517
4104125,236,210,446
4104126,196,193,389
4104127,193,211,404
4104128,133,130,263
4104129,179,195,374
4104130,251,247,498
4104131,188,163,351
4104132,99,111,210
4104133,151,144,295
4104134,114,113,227
4104135,0,0,0
4104136,146,141,287
4104137,7,0,7
4104138,214,207,421
4104201,73,4,77
4104301,284,276,560
4104302,332,314,646
4104303,102,168,270
4104304,215,259,474
4104305,128,152,280
4104306,189,209,398
4104307,123,152,275
4104308,173,160,333
4104309,215,206,421
4104310,252,261,513
4104311,194,211,405
4104312,197,214,411
4104313,235,233,468
4104314,186,195,381
4104315,195,214,409
4104316,258,280,538
4104317,152,163,315
4104318,192,193,385
4104319,183,172,355
4104320,194,204,398
4104321,264,281,545
4104322,441,432,873
4104323,314,338,652
4104324,172,219,391
4104325,128,121,249
4104326,168,181,349
4104327,158,159,317
4104328,117,141,258
4104329,290,276,566
4104330,155,151,306
4104331,296,268,564
4104332,223,236,459
4104333,200,195,395
4104334,112,98,210
4104335,171,174,345
4104336,118,128,246
4104337,195,176,371
4104401,312,325,637
4104402,249,215,464
4104403,189,180,369
4104404,279,269,548
4104405,230,229,459
4104406,196,212,408
4104407,264,234,498
4104408,120,126,246
4104409,212,187,399
4104410,194,217,411
4104411,240,201,441
4104412,182,163,345
4104413,169,188,357
4104414,210,194,404
4104415,104,74,178
4104416,210,210,420
4104417,259,254,513
4104418,362,354,716
4104419,305,318,623
4104420,147,153,300
4104421,254,237,491
4104422,224,252,476
4104423,275,271,546
4104424,278,285,563
4104425,186,180,366
4104426,178,175,353
4104427,213,204,417
4104428,251,232,483
4104429,240,240,480
4104430,178,166,344
4104431,202,191,393
4104432,175,181,356
4104433,156,126,282
4104434,194,198,392
4104435,130,138,268
4104436,190,193,383
4104437,180,181,361
4104438,171,183,354
4104501,332,379,711
4104502,191,194,385
4104503,295,286,581
4104504,204,186,390
4104505,202,223,425
4104506,200,186,386
4104507,172,172,344
4104508,210,228,438
4104509,154,141,295
4104510,261,270,531
4104511,197,206,403
4104512,242,234,476
4104513,167,151,318
4104514,153,184,337
4104515,184,213,397
4104516,3,0,3
4104517,254,257,511
4104518,185,174,359
4104519,6,0,6
4104520,592,576,1168
4104521,544,369,913
4104522,250,250,500
4104523,175,182,357
4104524,265,264,529
4104525,286,266,552
4104526,264,264,528
4104527,125,127,252
4104528,0,0,0
4104529,577,592,1169
4104530,352,301,653
4104531,161,172,333
4104532,257,256,513
4104533,802,756,1558
4104534,397,397,794
4104535,149,154,303
4104536,135,213,348
4104537,275,251,526
4104601,210,209,419
4104602,272,309,581
4104603,307,289,596
4104604,242,257,499
4104605,288,266,554
4104606,224,202,426
4104607,250,259,509
4104608,114,120,234
4104609,300,288,588
4104610,289,291,580
4104611,272,275,547
4104612,218,231,449
4104613,181,210,391
4104614,235,233,468
4104615,193,208,401
4104616,126,112,238
4104617,311,286,597
4104618,207,250,457
4104619,288,308,596
4104620,175,198,373
4104621,212,204,416
4104622,297,266,563
4104623,339,339,678
4104624,307,294,601
4104625,126,153,279
4104626,216,214,430
4104627,256,275,531
4104628,280,280,560
4104629,167,166,333
4104630,0,0,0
4104631,309,334,643
4104632,243,261,504
4104633,177,149,326
4104634,307,328,635
4104701,123,149,272
4104702,109,132,241
4104703,173,189,362
4104704,222,226,448
4104705,196,212,408
4104706,191,185,376
4104707,250,244,494
4104708,258,242,500
4104709,191,184,375
4104710,129,141,270
4104711,215,201,416
4104712,226,227,453
4104713,175,169,344
4104714,254,259,513
4104715,131,134,265
4104716,0,0,0
4104717,205,176,381
4104718,205,245,450
4104719,162,179,341
4104720,212,216,428
4104721,174,168,342
4104722,246,275,521
4104723,221,193,414
4104724,272,301,573
4104725,152,173,325
4104726,148,141,289
4104727,135,154,289
4104728,255,257,512
4104729,186,179,365
4104730,138,151,289
4104731,141,150,291
4104732,276,265,541
4104733,264,290,554
4104734,168,153,321
4104735,153,154,307
4104736,184,162,346
4104737,216,340,556
4104738,237,243,480
4104739,273,305,578
4104740,152,163,315
4104741,245,253,498
4104742,145,134,279
4104743,192,209,401
4104744,205,207,412
4104801,196,214,410
4104802,186,7,193
4104803,153,173,326
4104804,257,260,517
4104805,122,121,243
4104806,261,270,531
4104807,266,282,548
4104808,236,234,470
4104809,305,271,576
4104810,342,311,653
4104811,275,285,560
4104812,297,270,567
4104813,260,252,512
4104814,198,208,406
4104815,218,235,453
4104816,164,152,316
4104817,128,135,263
4104818,327,319,646
4104819,342,407,749
4104820,256,296,552
4104821,282,302,584
4104822,188,202,390
4104823,115,108,223
4104824,255,258,513
4104825,165,212,377
4104826,236,249,485
4104827,110,100,210
4104828,558,559,1117
4104829,160,143,303
4104830,127,100,227
4104831,317,350,667
4104832,192,232,424
4104833,146,158,304
4104834,153,152,305
4104901,137,157,294
4104902,93,107,200
4104903,165,139,304
4104904,248,257,505
4104905,197,259,456
4104906,154,150,304
4104907,195,190,385
4104908,151,184,335
4104909,159,162,321
4104910,159,172,331
4104911,186,188,374
4104912,165,188,353
4104913,153,146,299
4104914,0,0,0
4104915,218,217,435
4104916,273,277,550
4104917,253,269,522
4104918,192,195,387
4104919,148,158,306
4104920,182,187,369
4104921,184,254,438
4104922,108,151,259
4104923,513,579,1092
4104924,124,137,261
4104925,155,182,337
4105001,113,152,265
4105002,253,256,509
4105003,152,164,316
4105004,216,218,434
4105005,185,207,392
4105006,162,152,314
4105007,138,142,280
4105008,266,274,540
4105009,248,246,494
4105010,177,219,396
4105011,235,238,473
4105012,224,259,483
4105013,160,155,315
4105014,146,160,306
4105015,223,248,471
4105016,298,317,615
4105017,238,230,468
4105018,185,187,372
4105019,197,188,385
4105020,215,235,450
4105021,145,167,312
4105022,106,117,223
4105023,135,133,268
4105101,193,191,384
4105102,110,106,216
4105103,143,141,284
4105104,313,316,629
4105105,188,186,374
4105106,248,255,503
4105107,17,17,34
4105108,210,239,449
4105109,199,198,397
4105110,150,149,299
4105111,223,192,415
4105112,146,177,323
4105113,119,101,220
4105114,115,111,226
4105115,222,199,421
4105116,206,199,405
4105117,150,151,301
4105118,199,202,401
4105119,150,144,294
4105120,159,156,315
4105121,243,248,491
4105122,180,171,351
4105123,151,186,337
4105124,111,124,235
4105125,160,162,322
4105126,208,198,406
4105127,238,232,470
4105128,188,178,366
4105129,258,225,483
4105201,194,230,424
4105202,188,238,426
4105203,193,397,590
4105204,161,168,329
4105205,259,313,572
4105206,195,213,408
4105207,159,142,301
4105208,315,374,689
4105209,298,286,584
4105210,188,219,407
4105211,0,0,0
4105212,295,280,575
4105213,251,292,543
4105214,216,248,464
4105215,319,309,628
4105216,294,314,608
4105217,223,240,463
4105218,268,289,557
4105219,200,194,394
4105220,219,223,442
4105221,157,163,320
4105222,0,0,0
4105223,156,198,354
4105224,0,0,0
4105225,284,293,577
4105226,174,157,331
4105227,233,204,437
4105228,170,184,354
4105229,134,191,325
4105230,137,313,450
4105231,243,219,462
4105232,178,186,364
4105233,225,211,436
4105234,162,149,311
4105235,174,202,376
4105236,250,251,501
4105237,262,226,488
4105238,136,115,251
4105301,256,237,493
4105302,151,161,312
4105303,164,176,340
4105304,263,266,529
4105305,165,175,340
4105306,207,241,448
4105307,233,253,486
4105308,160,168,328
4105309,196,176,372
4105310,215,211,426
4105311,188,187,375
4105312,231,213,444
4105313,162,186,348
4105314,210,216,426
4105315,164,175,339
4105316,126,113,239
4105317,343,282,625
4105318,265,242,507
4105319,223,215,438
4105320,198,217,415
4105321,167,167,334
4105322,199,217,416
4105323,171,193,364
4105324,335,343,678
4105325,161,169,330
4105326,140,132,272
4105327,186,197,383
4105328,184,239,423
4105329,103,121,224
4105330,171,173,344
4105331,175,194,369
4105332,212,224,436
4105333,247,240,487
4105334,206,229,435
4105335,119,131,250
4105336,201,204,405
4105337,213,251,464
4105338,207,189,396
4105339,137,163,300
4105340,236,223,459
4105341,196,197,393
4105342,137,161,298
4105343,134,122,256
4105344,249,240,489
4105345,107,109,216
4105346,149,184,333
4105347,170,206,376
4105348,142,182,324
4105349,127,143,270
4105401,283,261,544
4105402,228,203,431
4105403,165,171,336
4105404,215,225,440
4105405,165,161,326
4105406,304,308,612
4105407,196,212,408
4105408,248,234,482
4105409,153,144,297
4105410,283,283,566
4105411,238,255,493
4105412,182,170,352
4105413,297,286,583
4105414,298,293,591
4105415,180,198,378
4105416,179,188,367
4105417,0,0,0
4105418,263,256,519
4105419,269,275,544
4105420,261,239,500
4105421,99,106,205
4105422,275,273,548
4105423,344,321,665
4105424,333,321,654
4105425,100,122,222
4105426,215,202,417
4105427,238,251,489
4105428,135,131,266
4105429,139,132,271
4105430,295,293,588
4105431,143,147,290
4105432,228,246,474
4105433,269,297,566
4105434,206,162,368
4105435,197,204,401
4105436,313,313,626
4105501,165,125,290
4105502,248,271,519
4105503,206,227,433
4105504,212,225,437
4105505,163,168,331
4105506,190,184,374
4105507,156,169,325
4105508,11,16,27
4105509,266,274,540
4105510,230,218,448
4105511,300,272,572
4105512,208,262,470
4105513,268,348,616
4105514,314,308,622
4105515,277,266,543
4105516,179,199,378
4105517,163,160,323
4105518,191,197,388
4105519,255,270,525
4105520,256,226,482
4105521,199,191,390
4105522,195,185,380
4105523,170,171,341
4105524,32,43,75
4105525,173,173,346
4105526,186,196,382
4105527,180,239,419
4105528,143,151,294
4105529,177,177,354
4105530,261,279,540
4105601,158,167,325
4105602,167,180,347
4105603,194,230,424
4105604,115,121,236
4105605,250,236,486
4105606,171,173,344
4105607,195,310,505
4105608,201,269,470
4105609,177,174,351
4105610,124,148,272
4105611,189,196,385
4105612,208,214,422
4105613,260,278,538
4105614,188,244,432
4105615,199,194,393
4105616,118,163,281
4105617,271,310,581
4105618,210,246,456
4105619,216,233,449
4105620,214,241,455
4105621,153,171,324
4105622,142,183,325
4105623,290,296,586
4105624,218,229,447
4105625,145,149,294
4105626,187,229,416
4105627,216,274,490
4105628,249,287,536
4105629,229,277,506
4105630,186,230,416
4105631,214,269,483
4105632,212,233,445
4105701,263,252,515
4105702,123,123,246
4105703,165,158,323
4105704,162,167,329
4105705,134,131,265
4105706,110,142,252
4105707,244,256,500
4105708,323,407,730
4105709,267,309,576
4105710,215,232,447
4105711,235,230,465
4105712,244,267,511
4105713,157,176,333
4105714,161,234,395
4105715,164,166,330
4105716,114,102,216
4105717,160,153,313
4105718,172,186,358
4105719,169,180,349
4105720,142,160,302
4105721,141,166,307
4105722,240,211,451
4105723,189,195,384
4105724,253,221,474
4105725,129,154,283
4105726,179,163,342
4105727,260,289,549
4105728,255,292,547
4105729,262,293,555
4105730,221,190,411
4105731,183,183,366
4105732,266,231,497
4105733,236,293,529
4105734,250,333,583
4105735,168,178,346
4105736,182,197,379
4105737,146,171,317
4105738,164,273,437
4105739,270,301,571
4105740,275,264,539
4105741,158,138,296
4105742,188,194,382
4105743,186,192,378
4105744,132,146,278
4105745,186,190,376
4105746,108,128,236
4105747,254,278,532
4105748,157,169,326
4105749,113,143,256
4105801,326,302,628
4105802,228,260,488
4105803,293,305,598
4105804,200,191,391
4105805,184,176,360
4105806,169,191,360
4105807,166,182,348
4105808,217,255,472
4105809,153,174,327
4105810,142,177,319
4105811,124,155,279
4105812,174,190,364
4105813,240,254,494
4105814,305,302,607
4105815,249,290,539
4105816,191,191,382
4105817,206,228,434
4105818,239,301,540
4105819,292,320,612
4105820,5,7,12
4105821,178,160,338
4105822,167,180,347
4105823,139,160,299
4105824,261,248,509
4105825,233,270,503
4105826,0,0,0
4105827,136,138,274
4105828,192,242,434
4105829,181,216,397
4105830,145,151,296
4105831,172,155,327
4105832,137,150,287
4105833,3,3,6
4105901,228,229,457
4105902,125,112,237
4105903,220,224,444
4105904,232,235,467
4105905,211,222,433
4105906,212,211,423
4105907,173,162,335
4105908,182,198,380
4105909,309,323,632
4105910,258,233,491
4105911,0,0,0
4105912,138,140,278
4105913,202,190,392
4105914,243,262,505
4105915,205,201,406
4105916,223,208,431
4105917,87,100,187
4105918,186,188,374
4105919,275,250,525
4105920,180,195,375
4105921,208,219,427
4105922,111,102,213
4105923,181,174,355
4105924,113,113,226
4105925,121,105,226
4105926,159,159,318
4105927,146,157,303
4105928,239,230,469
4105929,263,276,539
4105930,245,243,488
4105931,206,199,405
4105932,0,0,0
4105933,111,117,228
4105934,120,157,277
4106001,160,197,357
4106002,221,206,427
4106003,292,294,586
4106004,230,246,476
4106005,151,151,302
4106006,182,182,364
4106007,242,240,482
4106008,227,223,450
4106009,178,203,381
4106010,109,113,222
4106011,272,267,539
4106012,288,301,589
4106013,4,4,8
4106014,250,223,473
4106015,198,187,385
4106016,193,190,383
4106017,0,0,0
4106018,252,271,523
4106019,203,202,405
4106020,329,350,679
4106021,42,43,85
4106022,104,131,235
4106023,167,191,358
4106024,3,3,6
4106025,178,176,354
4106101,145,158,303
4106102,0,0,0
4106103,151,172,323
4106104,180,170,350
4106105,352,361,713
4106106,235,227,462
4106107,180,169,349
4106108,223,261,484
4106109,222,250,472
4106110,172,194,366
4106111,222,229,451
4106112,115,124,239
4106113,241,257,498
4106114,207,269,476
4106115,151,157,308
4106116,126,111,237
4106117,228,249,477
4106118,226,249,475
4106119,248,277,525
4106120,185,186,371
4106121,187,194,381
4106122,233,235,468
4106123,184,216,400
4106124,207,239,446
4106125,167,226,393
4106126,220,257,477
4106127,162,206,368
4106128,289,340,629
4106129,250,280,530
4106130,145,116,261
4106131,174,166,340
4106132,156,151,307
4106133,196,320,516
4106134,184,220,404
4106135,209,224,433
4106136,3,0,3
4106137,0,0,0
4106201,251,277,528
4106202,125,175,300
4106203,153,154,307
4106204,139,153,292
4106205,149,180,329
4106206,104,86,190
4106207,163,179,342
4106208,165,180,345
4106209,227,201,428
4106210,163,129,292
4106211,142,157,299
4106212,120,192,312
4106213,147,157,304
4106214,221,288,509
4106215,184,265,449
4106216,95,197,292
4106217,130,157,287
4106218,140,141,281
4106219,186,206,392
4106220,116,122,238
4106221,213,229,442
4106222,222,275,497
4106223,207,226,433
4106224,103,110,213
4106225,207,250,457
4106226,351,336,687
4106227,253,237,490
4106228,233,265,498
4106229,288,312,600
4106230,162,168,330
4106231,0,0,0
4106232,131,155,286
4106233,179,209,388
4106234,151,189,340
4106235,154,177,331
4106236,243,245,488
4106237,160,169,329
4106301,146,162,308
4106302,243,255,498
4106303,223,223,446
4106304,197,201,398
4106305,151,154,305
4106306,166,163,329
4106307,337,311,648
4106308,397,421,818
4106309,232,209,441
4106310,205,192,397
4106311,138,163,301
4106312,144,145,289
4106313,174,160,334
4106314,0,0,0
4106315,225,273,498
4106316,160,167,327
4106317,167,169,336
4106318,121,123,244
4106319,223,201,424
4106320,250,241,491
4106321,108,140,248
4106322,142,152,294
4106323,210,242,452
4106324,142,142,284
4106325,222,222,444
4106401,140,142,282
4106402,299,356,655
4106403,193,251,444
4106404,163,224,387
4106405,155,140,295
4106406,246,206,452
4106407,178,200,378
4106408,200,228,428
4106409,169,158,327
4106410,212,255,467
4106411,182,213,395
4106412,183,229,412
4106413,132,152,284
4106414,155,157,312
4106415,0,0,0
4106416,269,297,566
4106417,217,215,432
4106418,207,230,437
4106419,300,318,618
4106420,99,141,240
4106421,156,162,318
4106422,165,214,379
4106423,172,235,407
4106424,184,236,420
4106425,285,294,579
4106426,298,400,698
4106427,266,321,587
4106428,297,317,614
4106429,113,112,225
4106430,340,372,712
4106431,0,0,0
4106432,0,0,0
4106433,197,196,393
4106501,82,73,155
4106502,217,205,422
4106503,245,221,466
4106504,192,183,375
4106505,190,209,399
4106506,187,189,376
4106507,200,286,486
4106508,132,148,280
4106509,179,191,370
4106510,165,155,320
4106511,278,287,565
4106512,159,151,310
4106513,18,7,25
4106601,214,265,479
4106602,280,278,558
4106603,160,148,308
4106604,165,319,484
4106605,205,224,429
4106606,196,205,401
4106607,151,126,277
4106608,188,191,379
4106609,155,168,323
4106610,197,222,419
4106611,146,151,297
4106612,224,216,440
4106613,176,195,371
4106614,189,201,390
4106615,212,203,415
4106616,121,137,258
4106617,156,171,327
4106618,122,129,251
4106619,0,0,0
4106620,179,277,456
4106701,233,232,465
4106702,275,289,564
4106703,128,114,242
4106704,157,186,343
4106705,198,201,399
4106706,219,232,451
4106707,175,181,356
4106708,210,231,441
4106709,226,214,440
4106710,282,286,568
4106711,255,269,524
4106712,198,233,431
4106713,241,251,492
4106714,334,354,688
4106715,321,308,629
4106716,342,324,666
4106717,241,234,475
4106718,163,273,436
4106719,241,237,478
4106720,164,175,339
4106721,244,244,488
4106722,331,323,654
4106723,116,127,243
4106724,220,196,416
4106725,0,0,0
4106801,197,197,394
4106802,107,121,228
4106803,299,327,626
4106804,224,299,523
4106805,121,130,251
4106806,13,6,19
4106807,157,154,311
4106808,133,119,252
4106809,187,194,381
4106810,279,333,612
4106811,270,279,549
4106812,172,180,352
4106813,307,328,635
4106814,169,212,381
4106815,216,212,428
4106816,148,151,299
4106817,216,230,446
4106818,291,306,597
4106819,166,182,348
4106820,189,184,373
4106821,232,250,482
4106822,218,237,455
4106823,185,163,348
4106824,265,296,561
4106825,231,253,484
4106826,167,233,400
4106827,277,307,584
4106828,244,247,491
4106829,267,255,522
4106830,373,350,723
4106831,267,279,546
4106832,156,174,330
4106833,153,190,343
4106834,218,217,435
4106835,136,226,362
4106901,98,99,197
4106902,190,208,398
4106903,178,177,355
4106904,239,249,488
4106905,116,183,299
4106906,242,250,492
4106907,210,206,416
4106908,163,170,333
4106909,154,196,350
4106910,209,263,472
4106911,164,186,350
4106912,223,252,475
4106913,136,151,287
4106914,244,315,559
4106915,164,163,327
4106916,165,157,322
4106917,229,294,523
4106918,261,264,525
4106919,261,276,537
4106920,148,147,295
4106921,176,192,368
4106922,228,285,513
4106923,301,325,626
4106924,154,141,295
4106925,273,270,543
4106926,189,210,399
4106927,217,239,456
4106928,148,165,313
4106929,321,300,621
4106930,183,198,381
4106931,301,320,621
4106932,3,3,6
4106933,122,144,266
4106934,217,221,438
4106935,127,134,261
4106936,196,214,410
4106937,241,248,489
4106938,150,162,312
4106939,194,192,386
4107001,202,231,433
4107002,199,180,379
4107003,178,179,357
4107004,180,189,369
4107005,173,174,347
4107006,243,279,522
4107007,242,251,493
4107008,136,185,321
4107009,255,270,525
4107010,308,310,618
4107011,195,210,405
4107012,253,228,481
4107013,171,156,327
4107014,218,209,427
4107015,187,227,414
4107016,117,117,234
4107017,230,201,431
4107018,172,175,347
4107019,187,230,417
4107101,171,177,348
4107102,241,253,494
4107103,151,160,311
4107104,164,159,323
4107105,246,280,526
4107106,186,211,397
4107107,230,202,432
4107108,191,180,371
4107109,238,231,469
4107110,295,266,561
4107111,137,130,267
4107112,215,237,452
4107113,225,228,453
4107114,245,229,474
4107115,206,264,470
4107116,228,211,439
4107117,120,158,278
4107118,183,188,371
4107119,201,224,425
4107120,206,207,413
4107121,191,216,407
4107122,265,292,557
4107123,279,299,578
4107124,208,199,407
4107125,92,138,230
4107126,187,210,397
4107127,82,87,169
4107128,174,182,356
4107129,78,79,157
4107130,0,0,0
4107131,175,176,351
4107201,311,326,637
4107202,280,250,530
4107203,392,471,863
4107204,344,328,672
4107205,140,131,271
4107206,656,668,1324
4107207,600,619,1219
4107208,448,455,903
4107209,226,235,461
4107210,226,222,448
4107211,164,186,350
4107212,132,161,293
4107213,229,233,462
4107214,363,348,711
4107215,261,260,521
4107216,92,110,202
4107217,233,254,487
4107218,188,176,364
4107219,235,278,513
4107220,305,303,608
4107221,281,281,562
4107222,239,260,499
4107223,153,179,332
4107224,215,202,417
4107225,132,142,274
4107226,116,105,221
4107301,231,256,487
4107302,180,179,359
4107303,175,165,340
4107304,186,277,463
4107305,229,228,457
4107306,181,210,391
4107307,140,159,299
4107308,165,189,354
4107309,190,184,374
4107310,332,336,668
4107311,138,133,271
4107312,4,0,4
4107313,201,210,411
4107314,148,160,308
4107315,355,354,709
4107316,198,198,396
4107317,310,306,616
4107318,177,186,363
4107319,253,253,506
4107320,216,247,463
4107321,59,47,106
4107322,0,0,0
4107323,128,156,284
4107401,0,0,0
4107402,179,190,369
4107403,203,224,427
4107404,176,180,356
4107405,219,251,470
4107406,188,183,371
4107407,135,133,268
4107408,230,201,431
4107409,191,208,399
4107410,253,246,499
4107411,195,177,372
4107412,0,0,0
4107413,214,210,424
4107414,173,165,338
4107415,184,184,368
4107416,146,139,285
4107417,173,135,308
4107418,191,173,364
4107419,152,156,308
4107420,186,185,371
4107421,177,158,335
4107422,193,188,381
4107423,197,191,388
4107424,228,251,479
4107425,191,213,404
4107426,287,366,653
4107427,224,246,470
4107501,162,153,315
4107502,204,219,423
4107503,94,95,189
4107504,190,187,377
4107505,116,112,228
4107506,178,202,380
4107507,103,101,204
4107508,243,258,501
4107601,283,300,583
4107602,215,213,428
4107603,170,160,330
4107604,286,296,582
4107605,272,297,569
4107606,197,214,411
4107607,164,178,342
4107608,167,161,328
4107609,183,193,376
4107610,173,163,336
4107701,149,174,323
4107702,329,318,647
4107703,269,272,541
4107704,174,161,335
4107705,226,231,457
4107706,189,185,374
4107707,194,192,386
4107708,178,174,352
4107709,189,207,396
4107710,297,295,592
4107711,254,262,516
4107712,0,0,0
4107713,342,305,647
4107714,114,127,241
4107715,155,165,320
4107716,201,247,448
4107717,165,105,270
4107718,242,252,494
4107719,301,278,579
4107720,317,306,623
4107721,240,221,461
4107722,128,140,268
4107723,151,152,303
4107724,0,0,0
4107725,4,0,4
4107726,249,259,508
4107727,164,177,341
4107801,120,129,249
4107802,116,109,225
4107803,295,284,579
4107804,211,258,469
4107805,245,250,495
4107806,206,242,448
4107807,129,113,242
4107808,177,185,362
4107809,215,295,510
4107810,222,263,485
4107811,146,142,288
4107812,208,199,407
4107813,201,184,385
4107814,251,232,483
4107815,124,112,236
4107816,0,0,0
4107817,164,129,293
4107818,115,149,264
4107901,124,101,225
4107902,228,230,458
4107903,186,194,380
4107904,214,207,421
4107905,209,212,421
4107906,248,229,477
4107907,106,111,217
4107908,115,139,254
4107909,214,228,442
4107910,151,192,343
4107911,262,250,512
4107912,229,248,477
4107913,149,169,318
4107914,131,174,305
4107915,278,250,528
4107916,259,248,507
4107917,238,265,503
4107918,193,221,414
4107919,153,158,311
4108001,230,225,455
4108002,46,45,91
4108003,166,168,334
4108004,288,271,559
4108005,193,222,415
4108006,246,228,474
4108007,190,235,425
4108008,111,143,254
4108009,286,273,559
4108010,168,174,342
4108011,175,174,349
4108012,176,177,353
4108013,233,229,462
4108014,199,178,377
4108015,188,164,352
4108016,197,189,386
4108017,160,167,327
4108018,145,156,301
4108019,231,214,445
4108020,295,315,610
4108021,299,293,592
4108022,312,328,640
4108023,199,198,397
4108024,252,240,492
4108025,252,345,597
4108026,209,182,391
4108027,120,123,243
4108028,229,227,456
4108029,243,329,572
4108030,169,185,354
4108031,117,113,230
4108032,160,169,329
4108033,222,243,465
4108101,0,0,0
4108201,17,11,28
4108301,127,116,243
4108302,252,284,536
4108303,133,131,264
4108304,296,308,604
4108305,293,337,630
4108306,40,50,90
4108307,238,220,458
4108308,277,298,575
4108309,212,213,425
4108310,103,99,202
4108311,158,141,299
4108312,239,267,506
4108313,145,128,273
4108314,139,122,261
4108315,177,174,351
4108401,160,160,320
4108402,110,116,226
4108403,221,237,458
4108404,214,213,427
4108405,111,114,225
4108406,210,224,434
4108407,173,166,339
4108408,197,186,383
4108409,267,257,524
4108410,260,285,545
4108411,171,165,336
4108412,169,176,345
4108413,286,281,567
4108414,234,247,481
4108415,170,185,355
4108416,107,189,296
4108417,261,302,563
4108418,218,250,468
4108419,316,321,637
4108420,243,283,526
4108421,284,298,582
4108422,197,213,410
4108423,224,219,443
4108424,328,282,610
4108425,132,126,258
4108426,157,158,315
4108427,169,192,361
4108428,234,259,493
4108429,155,157,312
4108430,171,169,340
4108431,140,145,285
4108432,0,0,0
4108433,171,170,341
4108434,111,115,226
4108501,130,128,258
4108502,131,151,282
4108503,142,154,296
4108504,247,265,512
4108505,170,179,349
4108506,269,275,544
4108507,98,114,212
4108508,183,183,366
4108509,255,233,488
4108510,225,248,473
4108511,239,281,520
4108512,282,264,546
4108513,209,229,438
4108514,162,167,329
4108515,197,199,396
4108516,163,200,363
4108517,178,175,353
4108518,181,197,378
4108519,274,270,544
4108520,166,153,319
4108521,183,198,381
4108522,268,244,512
4108523,142,143,285
4108601,187,212,399
4108602,306,361,667
4108603,293,255,548
4108604,204,197,401
4108605,193,215,408
4108606,121,103,224
4108607,281,277,558
4108608,247,238,485
4108609,304,275,579
4108610,197,196,393
4108611,283,282,565
4108612,196,203,399
4108613,239,220,459
4108614,230,238,468
4108615,308,392,700
4108616,152,156,308
4108617,269,259,528
4108618,213,242,455
4108619,235,225,460
4108620,163,167,330
4108621,0,0,0
4108622,197,252,449
4108701,194,207,401
4108702,242,265,507
4108703,281,286,567
4108704,261,259,520
4108705,245,249,494
4108706,217,225,442
4108707,216,253,469
4108708,214,218,432
4108709,256,280,536
4108710,277,386,663
4108711,245,285,530
4108712,195,204,399
4108713,210,236,446
4108714,196,246,442
4108715,274,289,563
4108716,237,236,473
4108717,411,412,823
4108718,243,250,493
4108719,183,211,394
4108720,97,121,218
4108721,315,298,613
4108722,174,160,334
4108723,334,312,646
4108724,303,299,602
4108725,180,211,391
4108726,161,185,346
4108727,181,164,345
4108728,165,170,335
4108729,194,202,396
4108730,264,253,517
4108731,158,153,311
4108732,212,211,423
4108733,216,218,434
4108734,252,236,488
4108735,235,241,476
4108736,284,289,573
4108737,795,857,1652
4108738,117,101,218
4108801,182,227,409
4108802,189,179,368
4108803,193,208,401
4108804,242,266,508
4108805,122,128,250
4108806,82,74,156
4108807,164,161,325
4108808,194,176,370
4108809,109,116,225
4108810,150,123,273
4108901,0,0,0
4108902,284,285,569
4108903,269,332,601
4108904,228,286,514
4108905,207,210,417
4108906,197,202,399
4108907,167,204,371
4108908,235,238,473
4108909,198,161,359
4108910,111,106,217
4108911,213,219,432
4108912,200,181,381
4108913,204,216,420
4108914,166,195,361
4108915,220,218,438
4108916,268,242,510
4108917,258,244,502
4108918,110,111,221
4108919,217,217,434
4108920,376,403,779
4108921,153,166,319
4108922,214,278,492
4108923,275,281,556
4108924,144,146,290
4108925,175,190,365
4108926,183,186,369
4108927,135,162,297
4108928,0,0,0
4109001,140,129,269
4109002,172,163,335
4109003,257,274,531
4109004,230,229,459
4109005,201,196,397
4109006,121,135,256
4109007,192,177,369
4109008,235,225,460
4109009,206,209,415
4109010,224,238,462
4109011,132,142,274
4109012,176,203,379
4109013,262,282,544
4109014,248,242,490
4109015,198,203,401
4109016,216,198,414
4109017,123,123,246
4109018,84,126,210
4109019,152,155,307
4109101,182,240,422
4109102,204,234,438
4109103,239,260,499
4109104,219,218,437
4109105,176,174,350
4109106,234,253,487
4109107,181,187,368
4109108,176,150,326
4109109,147,160,307
4109110,146,161,307
4109111,216,214,430
4109112,213,223,436
4109113,321,365,686
4109114,197,204,401
4109115,258,269,527
4109116,162,158,320
4109117,312,314,626
4109118,296,295,591
4109119,335,348,683
4109120,168,136,304
4109121,198,209,407
4109122,300,322,622
4109123,350,282,632
4109124,142,151,293
4109125,178,215,393
4109126,292,308,600
4109127,180,253,433
4109128,212,246,458
4109129,211,228,439
4109130,211,236,447
4109201,307,299,606
4109202,212,217,429
4109203,104,110,214
4109204,191,205,396
4109205,172,182,354
4109206,209,241,450
4109207,188,200,388
4109208,159,168,327
4109209,227,250,477
4109210,323,323,646
4109211,170,169,339
4109212,142,138,280
4109213,213,201,414
4109214,228,231,459
4109215,194,227,421
4109216,203,183,386
4109217,137,145,282
4109218,299,292,591
4109219,235,227,462
4109220,309,307,616
4109221,250,259,509
4109222,305,292,597
4109223,127,124,251
4109224,190,194,384
4109225,209,245,454
4109226,166,156,322
4109227,161,130,291
4109228,110,106,216
4109229,174,197,371
4109230,149,169,318
4109231,177,181,358
4109232,184,178,362
4109233,262,206,468
4109234,247,236,483
4109301,232,254,486
4109302,294,291,585
4109303,81,77,158
4109304,187,198,385
4109305,331,354,685
4109306,210,199,409
4109307,242,256,498
4109308,166,164,330
4109309,206,198,404
4109310,169,184,353
4109311,247,252,499
4109312,158,170,328
4109313,156,154,310
4109314,189,168,357
4109315,162,179,341
4109316,253,261,514
4109317,188,195,383
4109318,127,108,235
4109319,197,167,364
4109320,174,193,367
4109321,229,237,466
4109322,163,162,325
4109323,266,232,498
4109324,199,182,381
4109325,158,155,313
4109326,123,119,242
4109327,272,265,537
4109328,195,207,402
4109329,177,160,337
4109330,124,110,234
4109331,143,128,271
4109332,152,157,309
4109333,170,172,342
4109334,189,175,364
4109335,264,262,526
4109336,139,135,274
4109337,185,214,399
4109338,163,163,326
4109339,166,199,365
4109340,188,181,369
4109341,145,161,306
4109342,183,160,343
4109343,166,164,330
4109344,174,227,401
4109401,254,264,518
4109402,191,189,380
4109403,197,207,404
4109404,284,320,604
4109405,239,236,475
4109406,217,261,478
4109407,322,318,640
4109408,319,406,725
4109409,0,0,0
4109410,3,0,3
4109411,231,252,483
4109412,162,171,333
4109413,146,168,314
4109414,165,179,344
4109501,0,0,0
4109502,183,189,372
4109503,246,295,541
4109504,186,219,405
4109505,276,278,554
4109506,191,262,453
4109507,138,128,266
4109508,165,196,361
4109509,293,306,599
4109510,182,202,384
4109511,271,346,617
4109512,243,260,503
4109513,186,170,356
4109514,142,144,286
4109515,174,193,367
4109516,252,235,487
4109517,0,0,0
4109518,99,146,245
4109519,203,249,452
4109520,169,168,337
4109521,228,279,507
4109522,199,223,422
4109523,242,264,506
4109524,216,249,465
4109525,263,257,520
4109526,138,150,288
4109527,150,160,310
4109528,160,182,342
4109529,206,219,425
4109530,236,311,547
4109531,203,246,449
4109532,253,226,479
4109533,193,204,397
4109534,104,100,204
4109535,220,225,445
4109536,137,145,282
4109537,188,189,377
4109538,106,174,280
4109539,170,165,335
4109540,118,164,282
4109541,122,135,257
4109601,184,251,435
4109602,190,205,395
4109603,164,210,374
4109604,186,204,390
4109605,327,321,648
4109606,264,281,545
4109607,141,127,268
4109608,149,185,334
4109609,223,293,516
4109610,258,279,537
4109611,127,135,262
4109612,153,216,369
4109613,147,188,335
4109614,195,206,401
4109615,162,143,305
4109616,132,126,258
4109617,210,238,448
4109618,189,161,350
4109619,256,276,532
4109620,236,246,482
4109621,255,284,539
4109622,269,271,540
4109623,196,210,406
4109624,267,274,541
4109625,284,292,576
4109626,246,263,509
4109627,139,125,264
4109628,139,156,295
4109629,177,182,359
4109630,159,146,305
4109631,192,201,393
4109632,172,160,332
4109633,145,187,332
4109634,219,240,459
4109701,142,173,315
4109702,224,233,457
4109703,216,180,396
4109704,220,277,497
4109705,240,232,472
4109706,175,205,380
4109707,236,231,467
4109708,125,131,256
4109709,238,246,484
4109710,171,164,335
4109711,49,55,104
4109712,266,264,530
4109713,216,190,406
4109714,139,154,293
4109715,259,260,519
4109716,178,177,355
4109717,206,201,407
4109718,372,364,736
4109719,218,205,423
4109720,234,277,511
4109721,321,345,666
4109722,150,144,294
4109723,327,354,681
4109724,168,191,359
4109725,179,177,356
4109726,227,244,471
4109727,154,177,331
4109728,177,192,369
4109729,254,236,490
4109730,231,234,465
4109731,286,278,564
4109732,196,178,374
4109733,155,160,315
4109734,154,148,302
4109735,140,117,257
4109736,172,190,362
4109737,157,150,307
4109801,0,0,0
4109901,185,163,348
4109902,131,196,327
4109903,180,165,345
4109904,198,201,399
4109905,267,252,519
4109906,140,138,278
4109907,196,220,416
4109908,202,221,423
4109909,197,192,389
4109910,183,211,394
4109911,274,266,540
4109912,252,287,539
4109913,266,295,561
4109914,299,282,581
4109915,250,270,520
4109916,143,139,282
4109917,181,194,375
4109918,190,195,385
4109919,305,292,597
4109920,181,179,360
4109921,213,206,419
4109922,0,0,0
4109923,140,124,264
4109924,159,152,311
4109925,295,255,550
4109926,261,247,508
4109927,136,149,285
4109928,249,272,521
4109929,134,160,294
4109930,153,190,343
4109931,180,173,353
4109932,221,215,436
4109933,236,260,496
4109934,245,298,543
4109935,184,183,367
4109936,0,0,0
4109937,109,117,226
4110001,138,158,296
4110002,163,190,353
4110003,173,172,345
4110004,143,140,283
4110005,144,142,286
4110006,126,133,259
4110007,198,234,432
4110008,216,221,437
4110009,207,200,407
4110010,219,243,462
4110011,236,225,461
4110012,171,162,333
4110013,209,223,432
4110014,135,155,290
4110015,249,220,469
4110016,180,157,337
4110017,141,152,293
4110018,164,193,357
4110019,216,212,428
4110020,205,211,416
4110021,244,219,463
4110022,16,8,24
4110023,259,262,521
4110024,224,243,467
4110025,269,271,540
4110026,230,267,497
4110027,350,436,786
4110028,0,0,0
4110029,161,192,353
4110030,196,250,446
4110031,147,150,297
4110032,129,132,261
4110033,237,237,474
4110034,158,215,373
4110035,133,137,270
4110036,185,195,380
4110037,130,117,247
4110038,146,142,288
4110101,193,152,345
4110102,228,191,419
4110103,116,97,213
4110104,210,223,433
4110105,282,288,570
4110106,145,121,266
4110107,272,285,557
4110108,274,260,534
4110109,156,165,321
4110110,183,180,363
4110111,233,228,461
4110112,131,191,322
4110113,201,181,382
4110114,214,222,436
4110115,193,203,396
4110116,79,92,171
4110117,305,253,558
4110118,302,293,595
4110119,132,149,281
4110120,263,264,527
4110121,303,324,627
4110122,7,3,10
4110123,203,200,403
4110124,138,130,268
4110125,242,239,481
4110126,259,283,542
4110127,162,126,288
4110201,136,150,286
4110202,5,0,5
4110203,63,72,135
4110204,169,173,342
4110205,185,188,373
4110206,191,223,414
4110207,224,259,483
4110208,179,213,392
4110209,210,224,434
4110210,210,239,449
4110211,719,746,1465
4110212,175,176,351
4110213,268,188,456
4110214,157,168,325
4110215,264,248,512
4110216,234,216,450
4110217,279,282,561
4110218,79,97,176
4110219,0,0,0
4110220,558,550,1108
4110221,12,0,12
4110222,258,279,537
4110223,205,187,392
4110224,3,0,3
4110225,283,271,554
4110226,182,168,350
4110227,291,261,552
4110228,254,228,482
4110229,209,210,419
4110230,0,0,0
4110231,202,218,420
4110232,182,217,399
4110233,199,209,408
4110234,247,256,503
4110235,234,205,439
4110236,197,185,382
4110237,216,200,416
4110238,336,360,696
4110239,181,191,372
4110240,256,253,509
4110241,174,192,366
4110242,169,165,334
4110301,7,3,10
4110401,0,0,0
4110501,85,92,177
4110502,204,185,389
4110503,284,277,561
4110504,182,216,398
4110505,205,222,427
4110506,194,200,394
4110507,120,122,242
4110601,255,302,557
4110602,242,253,495
4110603,204,218,422
4110604,208,206,414
4110605,227,191,418
4110606,225,226,451
4110607,232,228,460
4110608,350,293,643
4110609,190,197,387
4110610,237,228,465
4110611,176,184,360
4110612,181,208,389
4110613,222,219,441
4110614,138,125,263
4110615,155,145,300
4110616,214,206,420
4110617,237,248,485
4110618,215,250,465
4110619,188,194,382
4110620,244,262,506
4110621,139,157,296
4110622,224,228,452
4110623,230,299,529
4110624,135,140,275
4110625,169,212,381
4110626,229,264,493
4110627,228,276,504
4110628,116,129,245
4110629,151,176,327
4110701,0,0,0
4110702,255,204,459
4110703,192,197,389
4110704,213,308,521
4110705,73,91,164
4110706,99,103,202
4110707,165,148,313
4110708,306,326,632
4110709,192,208,400
4110710,210,220,430
4110711,212,216,428
4110712,0,0,0
4110713,200,201,401
4110714,144,162,306
4110715,266,290,556
4110716,193,173,366
4110717,291,358,649
4110718,314,302,616
4110719,276,292,568
4110720,128,141,269
4110721,241,274,515
4110722,332,345,677
4110723,259,286,545
4110724,272,293,565
4110725,169,180,349
4110726,104,147,251
4110727,208,239,447
4110728,280,228,508
4110729,255,296,551
4110730,305,330,635
4110731,247,266,513
4110732,152,146,298
4110733,288,267,555
4110734,167,176,343
4110735,241,251,492
4110736,359,321,680
4110737,291,272,563
4110738,261,253,514
4110739,5,3,8
4110740,176,213,389
4110741,214,230,444
4110742,194,225,419
4110743,216,204,420
4110744,182,195,377
4110745,136,266,402
4110746,182,181,363
4110747,200,210,410
4110748,142,177,319
4110749,223,206,429
4110750,160,179,339
4110751,216,237,453
4110752,236,284,520
4110753,170,176,346
4110754,100,128,228
4110755,115,103,218
4110801,236,209,445
4110802,227,202,429
4110803,195,204,399
4110804,255,238,493
4110805,198,240,438
4110806,195,189,384
4110807,161,159,320
4110808,245,267,512
4110809,0,0,0
4110810,211,201,412
4110811,273,236,509
4110812,252,249,501
4110813,253,262,515
4110814,202,218,420
4110815,274,262,536
4110816,183,226,409
4110817,195,195,390
4110818,296,327,623
4110819,319,350,669
4110820,309,321,630
4110821,247,237,484
4110822,330,337,667
4110823,154,170,324
4110824,195,185,380
4110825,289,284,573
4110826,193,193,386
4110827,172,174,346
4110828,225,197,422
4110829,271,312,583
4110830,189,227,416
4110831,189,162,351
4110832,129,146,275
4110833,132,115,247
4110834,151,158,309
4110835,139,144,283
4110836,184,181,365
4110837,164,178,342
4110901,175,178,353
4110902,227,241,468
4110903,104,102,206
4110904,156,162,318
4110905,0,0,0
4110906,210,224,434
4110907,222,242,464
4110908,163,217,380
4110909,207,195,402
4110910,224,234,458
4110911,188,181,369
4110912,8,4,12
4110913,201,178,379
4110914,123,118,241
4111001,191,193,384
4111002,224,248,472
4111003,166,198,364
4111004,207,204,411
4111005,102,93,195
4111006,148,152,300
4111007,120,109,229
4111008,169,168,337
4111009,202,208,410
4111010,134,139,273
4111011,153,159,312
4111012,177,195,372
4111013,182,188,370
4111014,166,177,343
4111015,184,192,376
4111016,165,145,310
4111017,235,229,464
4111101,154,152,306
4111102,155,146,301
4111103,204,208,412
4111104,136,151,287
4111105,119,127,246
4111106,132,117,249
4111107,100,75,175
4111108,264,259,523
4111109,188,184,372
4111110,142,137,279
4111111,195,169,364
4111112,188,172,360
4111113,138,112,250
4111114,217,213,430
4111115,108,119,227
4111116,226,174,400
4111117,138,120,258
4111118,245,233,478
4111119,106,112,218
4111120,139,149,288
4111121,165,162,327
4111122,172,181,353
4111123,219,197,416
4111124,138,122,260
4111125,182,158,340
4111201,128,115,243
4111202,152,150,302
4111203,86,78,164
4111204,231,210,441
4111205,120,137,257
4111206,243,263,506
4111207,213,201,414
4111208,157,132,289
4111209,91,76,167
4111210,143,133,276
4111211,139,133,272
4111212,253,215,468
4111213,154,140,294
4111214,312,320,632
4111215,171,182,353
4111216,212,207,419
4111217,94,93,187
4111301,173,191,364
4111302,183,204,387
4111303,153,138,291
4111304,116,118,234
4111305,201,176,377
4111306,174,173,347
4111307,199,135,334
4111308,184,191,375
4111309,99,96,195
4111310,107,92,199
4111401,141,119,260
4111402,158,170,328
4111403,88,75,163
4111404,168,194,362
4111405,161,172,333
4111406,196,196,392
4111407,204,213,417
4111408,112,124,236
4111409,480,468,948
4111410,217,279,496
4111411,175,201,376
4111412,272,287,559
4111413,174,179,353
4111414,127,158,285
4111415,226,229,455
4111501,207,201,408
4111502,231,345,576
4111503,376,369,745
4111504,324,341,665
4111505,99,97,196
4111506,218,214,432
4111507,227,233,460
4111508,200,189,389
4111509,153,160,313
4111510,125,105,230
4111601,117,113,230
4111602,176,201,377
4111603,99,112,211
4111604,138,160,298
4111605,200,170,370
4111606,261,336,597
4111607,139,161,300
4111608,136,110,246
4111609,173,178,351
4111610,163,161,324
4111611,326,306,632
4111701,197,186,383
4111702,97,110,207
4111703,241,210,451
4111704,117,93,210
4111705,77,71,148
4111706,105,94,199
4111707,131,122,253
4111708,191,179,370
4111709,145,181,326
4111710,108,152,260
4111711,99,122,221
4111712,202,189,391
4111713,193,196,389
4111714,115,109,224
4111715,163,148,311
4111716,204,198,402
4111801,147,153,300
4111802,113,125,238
4111803,208,192,400
4111804,241,209,450
4111805,174,162,336
4111806,76,79,155
4111807,274,234,508
4111808,178,177,355
4111809,124,105,229
4111810,119,116,235
4111811,138,178,316
4111812,148,171,319
4111813,0,0,0
4111814,166,187,353
4111901,191,209,400
4111902,93,95,188
4111903,126,99,225
4111904,191,186,377
4111905,231,230,461
4111906,196,166,362
4111907,185,216,401
4111908,209,217,426
4111909,321,343,664
4111910,308,248,556
4111911,191,198,389
4111912,168,144,312
4111913,150,125,275
4111914,182,177,359
4111915,140,132,272
4111916,162,174,336
4111917,134,131,265
4111918,172,142,314
4111919,111,93,204
4111920,79,70,149
4111921,232,209,441
4111922,75,55,130
4111923,278,310,588
4111924,186,210,396
4111925,124,94,218
4111926,125,116,241
4111927,129,114,243
4112001,157,136,293
4112002,97,84,181
4112003,91,88,179
4112004,165,143,308
4112005,108,97,205
4112006,108,99,207
4112007,151,146,297
4112008,109,112,221
4112009,194,212,406
4112010,139,168,307
4112011,91,89,180
4112012,317,293,610
4112013,259,240,499
4112014,120,106,226
4112015,132,131,263
4112016,91,81,172
4112101,166,162,328
4112102,118,118,236
4112103,134,127,261
4112104,237,227,464
4112105,126,116,242
4112106,241,252,493
4112107,156,149,305
4112108,109,109,218
4112109,154,141,295
4112110,124,101,225
4112111,163,139,302
4112112,167,158,325
4112113,204,203,407
4112114,147,181,328
4112115,138,120,258
4112116,101,107,208
4112117,160,159,319
4112118,97,108,205
4112201,158,135,293
4112202,0,0,0
4112203,110,131,241
4112204,169,188,357
4112205,272,256,528
4112206,3,3,6
4112207,234,205,439
4112208,258,267,525
4112209,212,228,440
4112210,160,167,327
4112211,168,179,347
4112212,129,143,272
4112213,115,105,220
4112214,172,163,335
4112215,235,249,484
4112216,220,239,459
4112217,143,149,292
4112218,0,0,0
4112219,256,253,509
4112220,94,83,177
4112221,111,116,227
4112222,166,145,311
4112223,169,173,342
4112224,231,260,491
4112225,188,204,392
4112226,224,295,519
4112227,363,353,716
4112228,139,132,271
4112229,264,316,580
4112230,143,143,286
4112231,110,123,233
4112232,142,131,273
4112233,199,241,440
4112234,205,224,429
4112235,115,144,259
4112236,170,155,325
4112237,111,105,216
4112238,140,142,282
4112239,117,116,233
4112240,0,0,0
4112241,114,138,252
4112242,84,97,181
4112243,139,138,277
4112244,129,149,278
4112301,156,186,342
4112302,136,162,298
4112303,311,331,642
4112304,212,167,379
4112305,110,105,215
4112306,98,91,189
4112307,184,154,338
4112308,157,143,300
4112309,181,183,364
4112310,88,83,171
4112401,0,0,0
4112402,50,36,86
4112403,272,272,544
4112404,148,141,289
4112405,166,175,341
4112406,262,267,529
4112407,218,223,441
4112408,143,152,295
4112409,159,213,372
4112410,216,225,441
4112411,164,178,342
4112412,232,229,461
4112413,212,196,408
4112414,270,247,517
4112501,87,133,220
4112502,255,293,548
4112503,179,169,348
4112504,217,239,456
4112505,135,149,284
4112506,328,331,659
4112507,154,169,323
4112508,179,181,360
4112509,177,172,349
4112510,109,119,228
4112511,123,154,277
4112512,92,94,186
4112601,110,134,244
4112602,162,158,320
4112603,208,195,403
4112604,155,173,328
4112605,137,127,264
4112606,281,266,547
4112607,182,182,364
4112608,176,216,392
4112609,240,231,471
4112610,25,14,39
4112611,151,144,295
4112701,103,110,213
4112702,135,131,266
4112703,186,207,393
4112704,179,174,353
4112705,247,243,490
4112706,178,214,392
4112707,175,167,342
4112708,304,355,659
4112709,154,147,301
4112710,136,141,277
4112711,103,90,193
4112712,264,206,470
4112713,188,178,366
4112714,205,185,390
4112715,160,152,312
4112716,161,155,316
4112717,218,219,437
4112718,266,250,516
4112719,102,92,194
4112720,33,30,63
4112721,55,63,118
4112801,140,101,241
4112802,267,224,491
4112803,100,98,198
4112804,131,115,246
4112805,107,113,220
4112806,151,154,305
4112807,199,179,378
4112808,271,272,543
4112809,0,0,0
4112810,68,59,127
4112811,246,220,466
4112812,308,300,608
4112813,93,66,159
4112901,178,176,354
4112902,252,272,524
4112903,203,219,422
4112904,298,283,581
4112905,243,217,460
4112906,145,157,302
4112907,0,0,0
4113001,142,121,263
4113002,98,101,199
4113003,135,138,273
4113004,119,111,230
4113005,179,149,328
4113006,111,109,220
4113007,99,97,196
4113008,277,226,503
4113009,65,71,136
4113010,175,139,314
4113011,187,205,392
4113012,222,229,451
4113013,175,177,352
4113014,0,0,0
4113015,0,0,0
4113016,251,206,457
4113017,87,84,171
4113018,149,175,324
4113019,141,160,301
4113020,191,162,353
4113021,158,147,305
4113022,180,170,350
4113023,121,125,246
4113101,247,230,477
4113102,125,102,227
4113103,155,116,271
4113104,270,275,545
4113105,200,199,399
4113106,119,97,216
4113107,256,272,528
4113108,107,119,226
4113109,132,142,274
4113110,208,182,390
4113111,144,117,261
4113112,168,131,299
4113113,73,51,124
4113201,269,288,557
4113202,184,172,356
4113203,173,149,322
4113204,223,209,432
4113205,162,138,300
4113206,155,136,291
4113301,200,204,404
4113302,226,274,500
4113303,201,179,380
4113304,223,210,433
4113305,243,235,478
4113306,124,185,309
4113307,208,213,421
4113308,152,142,294
4113309,136,133,269
4113310,263,262,525
4113311,257,282,539
4113312,301,318,619
4113313,157,145,302
4113314,137,174,311
4113315,281,294,575
4113316,235,264,499
4113317,220,201,421
4113318,126,128,254
4113319,163,136,299
4113320,169,175,344
4113321,153,187,340
4113322,198,226,424
4113323,105,131,236
4113324,168,187,355
4113325,242,234,476
4113326,87,93,180
4113327,143,123,266
4113328,114,147,261
4113329,125,134,259
4113330,153,155,308
4113331,205,67,272
4113332,164,173,337
4113333,210,227,437
4113334,152,124,276
4113335,0,0,0
4113336,71,68,139
4113337,263,255,518
4113338,182,174,356
4113339,148,150,298
4113340,226,290,516
4113341,167,199,366
4113342,201,208,409
4113401,182,168,350
4113402,173,163,336
4113403,154,164,318
4113404,333,291,624
4113405,249,215,464
4113406,97,98,195
4113407,267,234,501
4113408,66,76,142
4113409,200,143,343
4113410,131,162,293
4113501,38,35,73
4113502,28,10,38
4113601,219,178,397
4113602,137,131,268
4113603,322,313,635
4113604,283,279,562
4113605,169,171,340
4113606,222,182,404
4113607,229,215,444
4113608,241,253,494
4113609,189,174,363
4113610,0,0,0
4113611,179,177,356
4113612,217,215,432
4113613,196,227,423
4113614,283,324,607
4113615,261,253,514
4113616,440,436,876
4113617,0,0,0
4113618,148,133,281
4113619,230,275,505
4113620,209,172,381
4113621,157,137,294
4113622,138,114,252
4113623,212,212,424
4113624,169,157,326
4113625,171,163,334
4113626,190,185,375
4113627,202,204,406
4113628,179,183,362
4113629,188,222,410
4113630,291,282,573
4113631,177,173,350
4113632,189,191,380
4113633,171,154,325
4113634,161,184,345
4113635,143,111,254
4113636,140,135,275
4113637,245,240,485
4113638,258,261,519
4113639,217,201,418
4113640,194,164,358
4113641,193,154,347
4113642,175,192,367
4113643,298,302,600
4113644,236,228,464
4113645,193,174,367
4113646,175,167,342
4113647,25,27,52
4113648,241,232,473
4113649,11,10,21
4113650,0,0,0
4113651,174,177,351
4113652,132,126,258
4113653,209,178,387
4113654,7,0,7
4113655,187,191,378
4113656,94,87,181
4113657,181,177,358
4113658,187,232,419
4113659,224,205,429
4113660,222,204,426
4113701,0,0,0
4113801,35,39,74
4113802,0,0,0
4113803,58,57,115
4113804,3,6,9
4113805,0,0,0
4113806,53,37,90
4113807,78,66,144
4113808,0,0,0
4113809,43,23,66
4113810,9,5,14
4113811,52,65,117
4113812,237,230,467
4113813,233,271,504
4113814,90,105,195
4113815,140,141,281
4113816,141,169,310
4113817,26,22,48
4113901,124,98,222
4113902,14,13,27
4113903,172,151,323
4113904,203,131,334
4113905,105,88,193
4113906,76,41,117
4113907,125,113,238
4113908,131,112,243
4114001,22,25,47
4114002,45,36,81
4114003,161,164,325
4114004,203,199,402
4114005,152,129,281
4114006,239,240,479
4114007,125,122,247
4114008,134,115,249
4114009,85,81,166
4114101,327,265,592
4114102,80,86,166
4114103,38,30,68
4114104,52,51,103
4114105,296,209,505
4114106,465,196,661
4114107,451,183,634
4114108,287,205,492
4114109,119,97,216
4114201,206,223,429
4114202,191,198,389
4114203,202,174,376
4114204,262,271,533
4114205,93,101,194
4114206,186,169,355
4114207,406,55,461
4114208,153,178,331
4114209,297,278,575
4114210,50,47,97
4114211,143,157,300
4114212,231,243,474
4114213,161,181,342
4114214,264,298,562
4114215,174,162,336
4114216,170,162,332
4114217,28,28,56
4114218,196,196,392
4114219,232,239,471
4114220,241,256,497
4114221,172,220,392
4114222,288,318,606
4114223,177,143,320
4114224,150,142,292
4114225,274,294,568
4114226,166,173,339
4114227,241,219,460
4114228,226,229,455
4114229,89,84,173
4114230,182,212,394
4114231,207,202,409
4114232,238,213,451
4114233,107,119,226
4114234,293,312,605
4114235,4,0,4
4114236,224,229,453
4114301,299,232,531
4114302,244,219,463
4114303,260,91,351
4114304,176,144,320
4114305,115,102,217
4114306,453,420,873
4114307,287,255,542
4114308,420,27,447
4114309,19,0,19
4114310,508,441,949
4114401,134,136,270
4114402,153,157,310
4114403,176,166,342
4114404,68,70,138
4114405,210,239,449
4114406,145,139,284
4114407,75,94,169
4114408,188,212,400
4114409,190,218,408
4114410,118,132,250
4114411,151,162,313
4114412,157,221,378
4114413,163,164,327
4114414,252,239,491
4114415,225,236,461
4114416,219,242,461
4114417,130,127,257
4114418,234,265,499
4114419,148,131,279
4114420,142,159,301
4114421,154,155,309
4114422,230,223,453
4114423,329,364,693
4114424,263,257,520
4114425,94,114,208
4114426,138,153,291
4114427,155,211,366
4114428,215,268,483
4114429,147,170,317
4114430,0,5,5
4114501,100,101,201
4114502,134,142,276
4114503,222,185,407
4114504,118,118,236
4114505,235,225,460
4114506,127,156,283
4114507,142,154,296
4114508,158,131,289
4114509,240,232,472
4114510,137,122,259
4114511,78,64,142
4114512,293,267,560
4114513,166,154,320
4114514,107,108,215
4114601,158,164,322
4114602,171,191,362
4114603,151,138,289
4114604,306,334,640
4114605,229,237,466
4114606,160,194,354
4114607,347,377,724
4114608,117,168,285
4114609,258,278,536
4114610,179,215,394
4114611,235,241,476
4114612,239,300,539
4114613,131,127,258
4114614,296,328,624
4114615,94,92,186
4114701,148,144,292
4114702,162,178,340
4114703,200,215,415
4114704,253,239,492
4114705,208,212,420
4114706,98,78,176
4114707,68,63,131
4114708,364,362,726
4114709,211,187,398
4114710,118,122,240
4114711,134,114,248
4114712,190,180,370
4114713,233,219,452
4114714,207,197,404
4114715,290,277,567
4114716,149,131,280
4114717,188,188,376
4114718,162,149,311
4114801,97,111,208
4114802,222,222,444
4114803,152,169,321
4114804,223,351,574
4114805,238,257,495
4114806,215,237,452
4114807,190,228,418
4114808,206,230,436
4114809,146,160,306
4114810,231,285,516
4114811,156,173,329
4114812,154,156,310
4114813,314,341,655
4114814,276,295,571
4114815,204,227,431
4114816,281,295,576
4114817,170,184,354
4114818,209,230,439
4114819,336,357,693
4114820,111,112,223
4114821,329,355,684
4114822,289,334,623
4114823,218,286,504
4114824,261,285,546
4114825,181,145,326
4114826,196,186,382
4114827,183,238,421
4114828,210,229,439
4114829,204,272,476
4114830,130,125,255
4114901,153,154,307
4114902,111,91,202
4114903,166,136,302
4114904,186,193,379
4114905,132,149,281
4114906,198,236,434
4114907,185,180,365
4114908,275,291,566
4114909,119,147,266
4114910,221,249,470
4114911,218,210,428
4114912,255,242,497
4114913,113,106,219
4114914,152,127,279
4115001,139,135,274
4115002,199,179,378
4115003,132,128,260
4115004,205,181,386
4115005,157,147,304
4115006,169,148,317
4115007,185,169,354
4115008,118,118,236
4115009,403,230,633
4115010,193,161,354
4115011,186,149,335
4115012,117,122,239
4115013,20,22,42
4115014,229,221,450
4115015,98,79,177
4115016,112,71,183
4115017,102,105,207
4115018,136,132,268
4115101,185,204,389
4115102,202,178,380
4115103,95,92,187
4115104,173,169,342
4115105,111,97,208
4115106,132,161,293
4115107,88,106,194
4115108,164,121,285
4115109,216,175,391
4115110,32,41,73
4115111,56,56,112
4115112,225,209,434
4115113,133,120,253
4115114,70,77,147
4115201,118,107,225
4115202,182,188,370
4115203,133,144,277
4115204,132,132,264
4115205,141,175,316
4115206,129,140,269
4115207,71,92,163
4115208,244,293,537
4115209,148,183,331
4115210,251,240,491
4115211,131,120,251
4115212,127,127,254
4115213,229,225,454
4115214,168,163,331
4115215,176,206,382
4115216,185,179,364
4115301,137,125,262
4115302,167,191,358
4115303,23,11,34
4115304,317,429,746
4115305,128,137,265
4115306,224,238,462
4115307,132,145,277
4115308,180,201,381
4115309,178,151,329
4115310,256,259,515
4115311,187,194,381
4115312,262,259,521
4115313,216,221,437
4115314,206,226,432
4115315,253,254,507
4115316,268,294,562
4115317,273,266,539
4115318,346,376,722
4115319,285,304,589
4115320,207,247,454
4115321,159,170,329
4115322,154,173,327
4115323,269,289,558
4115324,284,248,532
4115325,254,256,510
4115326,211,236,447
4115327,212,244,456
4115328,259,286,545
4115329,211,232,443
4115330,272,252,524
4115331,259,283,542
4115332,127,161,288
4115333,268,284,552
4115334,204,213,417
4115335,331,349,680
4115336,220,199,419
4115337,156,156,312
4115338,146,150,296
4115339,311,300,611
4115340,230,257,487
4115341,233,264,497
4115342,146,198,344
4115343,200,217,417
4115344,213,211,424
4115345,227,250,477
4115346,130,136,266
4115347,131,200,331
4115348,246,254,500
4115349,161,157,318
4115350,106,106,212
4115351,133,130,263
4115352,279,297,576
4115353,257,261,518
4115354,127,119,246
4115355,264,290,554
4115356,191,218,409
4115357,119,141,260
4115358,264,282,546
4115359,125,127,252
4115360,208,183,391
4115361,156,155,311
4115362,229,210,439
4115363,145,151,296
4115364,158,151,309
4115365,146,141,287
4115366,134,135,269
4115401,165,167,332
4115402,206,220,426
4115403,128,128,256
4115404,225,207,432
4115405,0,0,0
4115406,0,0,0
4115407,192,207,399
4115408,171,163,334
4115409,178,175,353
4115410,150,104,254
4115411,143,153,296
4115412,257,237,494
4115413,195,188,383
4115414,187,173,360
4115415,161,170,331
4115416,147,147,294
4115417,162,155,317
4115418,228,203,431
4115501,340,315,655
4115502,209,177,386
4115503,181,168,349
4115504,136,124,260
4115505,120,127,247
4115506,284,249,533
4115601,149,122,271
4115602,268,246,514
4115603,128,163,291
4115604,200,173,373
4115605,130,148,278
4115606,196,195,391
4115607,183,152,335
4115608,193,179,372
4115609,135,114,249
4115701,74,45,119
4115702,200,220,420
4115703,152,121,273
4115704,307,249,556
4115705,111,100,211
4115706,183,156,339
4115707,126,123,249
4115708,115,126,241
4115709,124,120,244
4115710,143,134,277
4115711,131,125,256
4115712,140,136,276
4115713,175,180,355
4115714,152,163,315
4115715,140,157,297
4115716,225,231,456
4115717,90,76,166
4115718,191,178,369
4115719,249,215,464
4115720,183,181,364
4115721,171,146,317
4115801,349,316,665
4115802,107,86,193
4115803,189,188,377
4115804,193,189,382
4115805,121,127,248
4115806,127,137,264
4115807,150,112,262
4115808,184,153,337
4115809,261,235,496
4115901,71,77,148
4115902,36,32,68
4115903,0,0,0
4115904,91,96,187
4115905,84,64,148
4115906,80,72,152
4115907,155,183,338
4115908,124,155,279
4115909,195,266,461
4115910,199,222,421
4115911,223,196,419
4115912,124,107,231
4115913,168,143,311
4115914,126,109,235
4115915,112,97,209
4115916,173,141,314
4115917,229,203,432
4115918,107,87,194
4115919,4,4,8
4115920,162,164,326
4115921,131,122,253
4115922,210,215,425
4115923,133,133,266
4115924,242,197,439
4115925,144,125,269
4116001,217,223,440
4116002,233,242,475
4116003,205,211,416
4116004,138,185,323
4116005,212,236,448
4116006,230,238,468
4116007,247,268,515
4116008,168,210,378
4116009,140,108,248
4116010,190,199,389
4116101,109,104,213
4116102,250,287,537
4116103,131,118,249
4116104,141,129,270
4116105,170,175,345
4116106,168,162,330
4116107,126,103,229
4116108,83,78,161
4116109,163,146,309
4116110,239,173,412
4116111,0,0,0
4116201,69,55,124
4116202,131,169,300
4116203,92,90,182
4116204,459,412,871
4116205,271,268,539
4116206,167,180,347
4116207,261,332,593
4116208,179,201,380
4116209,225,224,449
4116210,251,246,497
4116211,214,175,389
4116212,173,189,362
4116213,83,115,198
4116301,60,54,114
4116302,102,97,199
4116303,335,310,645
4116304,64,55,119
4116305,54,60,114
4116306,138,131,269
4116307,31,25,56
4116308,88,83,171
4116309,26,22,48
4116401,156,123,279
4116402,159,142,301
4116403,238,240,478
4116404,324,290,614
4116405,170,170,340
4116406,105,104,209
4116407,285,249,534
4116408,252,228,480
4116409,208,241,449
4116410,216,201,417
4116411,129,139,268
4116412,128,100,228
4116413,316,283,599
4116414,117,105,222
4116415,44,30,74
4116416,176,166,342
4116501,327,352,679
4116502,144,133,277
4116503,193,220,413
4116504,140,129,269
4116505,233,261,494
4116506,311,277,588
4116507,162,167,329
4116508,120,122,242
4116509,227,263,490
4116510,243,240,483
4116511,149,124,273
4116512,153,151,304
4116513,239,286,525
4116514,229,300,529
4116515,219,251,470
4116516,193,204,397
4116517,164,163,327
4116518,167,161,328
4116519,273,321,594
4116520,182,198,380
4116521,219,222,441
4116522,214,213,427
4116523,209,221,430
4116524,189,192,381
4116525,0,0,0
4116526,210,205,415
4116527,200,192,392
4116528,150,113,263
4116529,246,226,472
4116530,260,269,529
4116531,273,332,605
4116532,225,253,478
4116533,244,239,483
4116534,131,100,231
4116535,120,129,249
4116536,196,207,403
4116537,324,0,324
4116538,250,303,553
4116539,306,308,614
4116540,126,152,278
4116541,170,185,355
4116601,91,78,169
4116602,308,257,565
4116603,29,35,64
4116604,139,134,273
4116605,294,251,545
4116606,385,323,708
4116607,183,165,348
4116608,243,226,469
4116609,99,96,195
4116610,33,31,64
4116701,168,176,344
4116702,199,248,447
4116703,183,154,337
4116704,101,105,206
4116705,113,141,254
4116706,75,65,140
4116707,175,189,364
4116708,115,153,268
4116709,275,307,582
4116710,278,320,598
4116711,0,0,0
4116712,169,169,338
4116713,225,284,509
4116801,223,196,419
4116802,171,179,350
4116803,145,128,273
4116804,100,88,188
4116805,163,146,309
4116806,296,309,605
4116807,3,3,6
4116808,175,142,317
4116809,163,161,324
4116810,333,303,636
4116811,329,313,642
4116812,192,172,364
4116813,229,190,419
4116901,67,62,129
4116902,198,242,440
4116903,135,118,253
4116904,117,103,220
4116905,156,169,325
4116906,139,155,294
4116907,130,130,260
4116908,115,127,242
4116909,117,96,213
4116910,327,272,599
4116911,47,54,101
4116912,171,139,310
4116913,176,153,329
4116914,232,242,474
4116915,152,124,276
4116916,151,130,281
4116917,224,172,396
4116918,204,188,392
4117001,119,91,210
4117002,312,129,441
4117003,213,212,425
4117004,210,201,411
4117005,305,272,577
4117006,160,125,285
4117007,144,131,275
4117008,200,179,379
4117009,188,147,335
4117010,205,178,383
4117011,208,187,395
4117012,128,115,243
4117013,169,154,323
4117014,222,219,441
4117015,157,180,337
4117016,131,123,254
4117017,122,127,249
4117018,138,212,350
4949999,1779,1288,3067
4979991,0,0,0
4979992,0,0,0
4979993,5,0,5
5100101,170,164,334
5100102,165,167,332
5100103,214,236,450
5100104,173,160,333
5100105,109,131,240
5100106,0,0,0
5100107,184,170,354
5100108,8,0,8
5100109,203,202,405
5100110,122,115,237
5100111,178,160,338
5100112,178,168,346
5100113,138,131,269
5100114,224,238,462
5100115,176,154,330
5100116,0,0,0
5100201,76,81,157
5100202,132,180,312
5100203,165,173,338
5100204,220,244,464
5100205,179,183,362
5100206,184,242,426
5100207,144,146,290
5100208,363,390,753
5100209,198,241,439
5100210,311,350,661
5100211,287,330,617
5100212,593,620,1213
5100213,164,183,347
5100214,250,260,510
5100215,334,381,715
5100216,205,249,454
5100217,141,147,288
5100218,128,130,258
5100219,191,247,438
5100220,202,238,440
5100221,335,344,679
5100222,193,196,389
5100223,164,178,342
5100224,176,166,342
5100225,436,456,892
5100226,184,189,373
5100227,7,6,13
5100228,319,323,642
5100229,185,193,378
5100230,126,213,339
5100231,196,232,428
5100232,113,112,225
5100233,192,200,392
5100234,147,129,276
5100235,259,264,523
5100236,242,275,517
5100237,187,197,384
5100238,179,181,360
5100239,103,91,194
5100240,149,179,328
5100241,186,197,383
5100242,258,295,553
5100243,235,247,482
5100244,231,251,482
5100245,339,379,718
5100246,113,108,221
5100247,177,190,367
5100248,218,206,424
5100249,102,122,224
5100250,146,144,290
5100251,126,136,262
5100301,85,99,184
5100302,124,125,249
5100303,144,137,281
5100304,135,123,258
5100305,153,126,279
5100306,186,175,361
5100307,136,144,280
5100308,158,132,290
5100309,358,357,715
5100310,157,145,302
5100311,122,105,227
5100312,181,168,349
5100313,106,127,233
5100314,137,114,251
5100315,223,205,428
5100316,152,147,299
5100317,177,163,340
5100318,172,160,332
5100319,163,176,339
5100320,268,288,556
5100321,179,196,375
5100322,67,57,124
5100323,123,129,252
5100324,160,156,316
5100325,226,229,455
5100326,150,143,293
5100401,226,254,480
5100402,315,322,637
5100403,301,316,617
5100404,305,323,628
5100405,184,166,350
5100406,234,245,479
5100407,158,215,373
5100408,123,150,273
5100409,211,212,423
5100410,174,177,351
5100411,105,108,213
5100412,180,176,356
5100413,251,240,491
5100414,202,202,404
5100415,108,104,212
5100416,270,204,474
5100417,218,176,394
5100418,98,80,178
5100501,315,320,635
5100502,156,135,291
5100503,405,415,820
5100504,126,125,251
5100505,0,0,0
5100506,50,33,83
5100507,0,0,0
5100508,179,174,353
5100509,302,322,624
5100510,226,238,464
5100511,158,150,308
5100512,105,123,228
5100513,184,200,384
5100514,231,227,458
5100515,0,0,0
5100516,149,139,288
5100517,125,145,270
5100518,279,293,572
5100519,287,287,574
5100520,163,143,306
5100521,190,220,410
5100522,172,165,337
5100523,170,202,372
5100524,184,205,389
5100525,149,151,300
5100526,122,125,247
5100527,177,180,357
5100528,116,124,240
5100529,155,154,309
5100530,284,285,569
5100531,214,216,430
5100532,204,200,404
5100533,213,207,420
5100534,272,278,550
5100535,336,341,677
5100536,166,165,331
5100537,163,153,316
5100538,192,178,370
5100539,157,130,287
5100540,222,214,436
5100541,39,33,72
5100542,51,63,114
5100601,177,167,344
5100602,174,203,377
5100603,173,190,363
5100604,126,131,257
5100605,196,213,409
5100606,129,129,258
5100607,287,312,599
5100608,162,163,325
5100609,212,172,384
5100610,325,278,603
5100611,175,188,363
5100612,138,238,376
5100613,146,117,263
5100614,218,218,436
5100615,294,336,630
5100616,216,254,470
5100617,259,266,525
5100618,155,134,289
5100619,252,270,522
5100620,354,293,647
5100621,216,180,396
5100622,169,195,364
5100623,273,270,543
5100624,169,154,323
5100625,175,206,381
5100626,140,149,289
5100627,198,151,349
5100628,186,183,369
5100629,281,249,530
5100630,185,171,356
5100631,234,259,493
5100632,172,177,349
5100633,278,260,538
5100634,282,293,575
5100635,206,243,449
5100636,157,182,339
5100637,187,175,362
5100638,179,175,354
5100639,196,215,411
5100640,196,244,440
5100641,222,258,480
5100701,159,140,299
5100702,124,141,265
5100703,175,158,333
5100704,223,249,472
5100705,121,121,242
5100706,131,124,255
5100707,196,189,385
5100708,234,251,485
5100709,158,159,317
5100710,249,236,485
5100711,145,155,300
5100712,419,430,849
5100801,202,238,440
5100802,330,299,629
5100803,127,151,278
5100804,202,235,437
5100805,206,226,432
5100806,334,0,334
5100807,247,228,475
5100808,0,0,0
5100809,317,355,672
5100810,233,259,492
5100811,122,167,289
5100812,174,192,366
5100813,251,244,495
5100814,173,171,344
5100815,245,257,502
5100816,165,166,331
5100901,127,121,248
5100902,241,225,466
5100903,204,209,413
5100904,161,151,312
5100905,296,291,587
5100906,136,134,270
5100907,127,110,237
5100908,174,155,329
5100909,123,132,255
5100910,0,0,0
5100911,135,131,266
5100912,210,192,402
5100913,142,123,265
5100914,175,148,323
5100915,7,3,10
5100916,249,254,503
5100917,0,5,5
5100918,93,100,193
5100919,722,231,953
5100920,260,233,493
5100921,3,0,3
5100922,98,90,188
5100923,196,202,398
5100924,104,102,206
5100925,146,147,293
5100926,130,130,260
5100927,188,199,387
5100928,271,259,530
5100929,186,149,335
5101001,146,152,298
5101002,264,269,533
5101003,186,176,362
5101004,161,164,325
5101005,262,258,520
5101006,285,228,513
5101007,224,206,430
5101101,6,4,10
5101201,249,268,517
5101202,238,227,465
5101203,180,169,349
5101204,191,171,362
5101205,122,145,267
5101206,160,158,318
5101207,215,207,422
5101208,128,117,245
5101209,283,293,576
5101210,115,119,234
5101211,603,662,1265
5101212,534,620,1154
5101213,0,0,0
5101214,224,218,442
5101215,207,216,423
5101216,286,307,593
5101217,160,160,320
5101218,242,253,495
5101219,230,197,427
5101220,245,225,470
5101221,185,188,373
5101222,249,268,517
5101301,95,93,188
5101302,357,352,709
5101303,136,119,255
5101304,153,161,314
5101305,167,152,319
5101306,104,118,222
5101307,270,287,557
5101308,165,158,323
5101309,264,256,520
5101310,218,192,410
5101311,271,285,556
5101312,264,292,556
5101313,184,213,397
5101314,327,342,669
5101315,299,331,630
5101316,247,248,495
5101317,239,231,470
5101318,209,193,402
5101319,125,156,281
5101320,204,210,414
5101321,647,658,1305
5101322,0,0,0
5101401,175,179,354
5101402,197,188,385
5101403,281,272,553
5101404,151,149,300
5101405,186,208,394
5101406,175,216,391
5101407,201,219,420
5101408,139,115,254
5101409,112,109,221
5101410,198,150,348
5101411,171,172,343
5101412,169,155,324
5101413,85,87,172
5101414,154,152,306
5101415,238,213,451
5101416,129,114,243
5101417,234,205,439
5101418,141,114,255
5101419,182,176,358
5101420,230,213,443
5101421,288,278,566
5101422,207,193,400
5101423,243,231,474
5101501,144,158,302
5101502,194,180,374
5101503,282,253,535
5101504,142,145,287
5101505,278,289,567
5101506,0,0,0
5101507,284,315,599
5101508,222,229,451
5101509,140,135,275
5101510,285,340,625
5101511,335,359,694
5101512,362,352,714
5101513,275,285,560
5101514,324,319,643
5101515,141,127,268
5101516,0,0,0
5101601,105,110,215
5101602,197,202,399
5101603,114,103,217
5101604,125,109,234
5101605,186,241,427
5101606,90,123,213
5101607,229,224,453
5101608,298,278,576
5101609,107,117,224
5101610,0,3,3
5101611,215,191,406
5101612,104,114,218
5101701,182,160,342
5101702,242,312,554
5101703,252,248,500
5101704,197,162,359
5101705,168,164,332
5101706,182,193,375
5101707,137,122,259
5101708,131,114,245
5101709,144,182,326
5101710,231,248,479
5101711,170,178,348
5101712,104,106,210
5101713,117,119,236
5101714,148,163,311
5101715,122,145,267
5101716,101,112,213
5101717,76,82,158
5101718,98,96,194
5101719,109,99,208
5101801,121,121,242
5101802,198,193,391
5101803,138,171,309
5101804,127,135,262
5101805,176,151,327
5101806,263,263,526
5101807,139,130,269
5101808,180,159,339
5101809,146,120,266
5101810,124,128,252
5101811,149,157,306
5101812,226,209,435
5101813,218,233,451
5101814,128,146,274
5101815,158,138,296
5101816,186,190,376
5101901,249,272,521
5101902,143,111,254
5101903,195,197,392
5101904,142,139,281
5101905,176,168,344
5101906,59,75,134
5101907,223,260,483
5101908,183,194,377
5101909,221,204,425
5101910,160,161,321
5101911,157,156,313
5101912,116,126,242
5101913,201,189,390
5101914,222,230,452
5101915,122,151,273
5101916,120,103,223
5102001,185,186,371
5102002,93,102,195
5102003,139,140,279
5102004,265,227,492
5102005,269,244,513
5102006,191,188,379
5102007,148,134,282
5102008,154,118,272
5102009,255,247,502
5102010,273,223,496
5102011,152,101,253
5102012,114,118,232
5102013,122,127,249
5102014,261,262,523
5102101,212,217,429
5102102,243,214,457
5102103,179,185,364
5102104,282,283,565
5102105,229,220,449
5102106,140,113,253
5102107,119,102,221
5102108,108,126,234
5102109,144,160,304
5102110,0,4,4
5102111,28,37,65
5102112,104,100,204
5102113,278,292,570
5102114,121,143,264
5102115,254,251,505
5102116,246,239,485
5102117,90,96,186
5102201,158,180,338
5102202,126,134,260
5102203,135,135,270
5102204,358,396,754
5102205,281,291,572
5102206,111,119,230
5102207,196,193,389
5102208,110,117,227
5102209,173,162,335
5102210,248,227,475
5102211,182,179,361
5102212,189,193,382
5102213,217,214,431
5102214,218,209,427
5102215,160,164,324
5102216,139,156,295
5102217,141,125,266
5102218,173,162,335
5102219,232,211,443
5102220,165,159,324
5102301,293,271,564
5102302,74,70,144
5102303,134,135,269
5102304,273,323,596
5102305,339,313,652
5102306,206,199,405
5102307,198,174,372
5102308,281,307,588
5102309,261,249,510
5102310,220,200,420
5102311,275,291,566
5102312,140,157,297
5102313,392,412,804
5102314,191,195,386
5102315,161,146,307
5102316,244,332,576
5102317,161,171,332
5102318,246,278,524
5102319,286,312,598
5102320,270,283,553
5102321,0,3,3
5102322,175,295,470
5102401,263,272,535
5102402,198,213,411
5102403,163,136,299
5102404,149,142,291
5102405,147,162,309
5102406,270,288,558
5102407,251,251,502
5102408,366,418,784
5102409,168,198,366
5102410,259,237,496
5102411,220,234,454
5102412,154,148,302
5102413,186,198,384
5102414,193,219,412
5102415,217,212,429
5102416,382,404,786
5102417,278,297,575
5102418,0,0,0
5102419,187,190,377
5102420,178,234,412
5102421,238,252,490
5102422,206,236,442
5102423,253,240,493
5102424,192,156,348
5102425,207,236,443
5102426,198,200,398
5102427,269,278,547
5102428,222,251,473
5102429,233,227,460
5102430,224,221,445
5102431,132,152,284
5102432,288,280,568
5102433,249,241,490
5102434,154,189,343
5102435,0,0,0
5102436,167,199,366
5102437,183,187,370
5102438,184,244,428
5102439,219,217,436
5102440,295,336,631
5102501,173,178,351
5102502,406,395,801
5102503,143,133,276
5102504,245,321,566
5102505,242,230,472
5102506,157,157,314
5102507,229,227,456
5102508,161,218,379
5102509,115,124,239
5102510,220,285,505
5102511,235,278,513
5102512,204,220,424
5102513,188,211,399
5102514,203,215,418
5102515,172,157,329
5102516,243,230,473
5102517,167,157,324
5102518,189,205,394
5102519,194,184,378
5102520,269,290,559
5102521,0,0,0
5102601,116,109,225
5102602,193,177,370
5102603,250,256,506
5102604,228,197,425
5102605,266,239,505
5102606,163,181,344
5102607,163,163,326
5102608,102,103,205
5102609,104,118,222
5102610,4,3,7
5102611,120,86,206
5102612,147,113,260
5102613,294,275,569
5102614,176,169,345
5102615,99,100,199
5102616,109,112,221
5102701,394,380,774
5102702,298,326,624
5102703,343,342,685
5102704,0,0,0
5102705,191,211,402
5102706,138,155,293
5102707,199,237,436
5102708,281,258,539
5102709,235,218,453
5102710,153,158,311
5102711,340,344,684
5102712,131,141,272
5102713,206,337,543
5102714,401,439,840
5102715,362,356,718
5102716,277,275,552
5102717,180,178,358
5102718,302,329,631
5102719,309,284,593
5102720,115,126,241
5102721,258,265,523
5102722,210,208,418
5102723,264,278,542
5102724,283,273,556
5102725,256,239,495
5102801,179,208,387
5102802,159,151,310
5102803,310,334,644
5102804,269,280,549
5102805,188,218,406
5102806,390,477,867
5102807,101,115,216
5102808,186,183,369
5102809,222,267,489
5102810,98,92,190
5102811,216,227,443
5102812,285,275,560
5102813,255,249,504
5102814,155,183,338
5102815,100,137,237
5102816,217,255,472
5102817,193,219,412
5102818,159,167,326
5102819,224,247,471
5102820,159,196,355
5102821,241,246,487
5102822,124,140,264
5102901,166,195,361
5102902,299,305,604
5102903,223,199,422
5102904,92,97,189
5102905,96,73,169
5102906,114,110,224
5102907,177,169,346
5102908,477,509,986
5102909,254,249,503
5102910,276,263,539
5102911,232,249,481
5102912,117,106,223
5102913,196,201,397
5102914,243,265,508
5102915,221,238,459
5102916,230,239,469
5102917,164,141,305
5102918,287,225,512
5102919,141,135,276
5103001,76,165,241
5103002,169,174,343
5103003,0,0,0
5103004,32,46,78
5103005,0,0,0
5103006,0,0,0
5103007,239,224,463
5103008,246,222,468
5103009,232,228,460
5103010,282,267,549
5103011,328,343,671
5103012,200,193,393
5103013,236,240,476
5103014,134,132,266
5103015,310,311,621
5103016,247,271,518
5103017,141,152,293
5103018,255,264,519
5103101,115,90,205
5103102,0,0,0
5103103,210,218,428
5103104,189,186,375
5103105,174,198,372
5103106,295,317,612
5103107,134,197,331
5103108,236,291,527
5103109,116,153,269
5103110,166,132,298
5103111,202,214,416
5103112,136,145,281
5103113,201,205,406
5103114,270,314,584
5103115,194,204,398
5103116,0,0,0
5103117,180,215,395
5103118,190,167,357
5103119,173,250,423
5103120,205,229,434
5103121,221,263,484
5103201,155,188,343
5103202,152,191,343
5103203,189,193,382
5103204,158,175,333
5103205,189,254,443
5103206,172,177,349
5103207,213,199,412
5103208,138,147,285
5103209,298,349,647
5103210,168,192,360
5103211,236,248,484
5103212,148,162,310
5103213,266,279,545
5103214,202,198,400
5103215,277,252,529
5103216,163,154,317
5103217,206,189,395
5103218,272,244,516
5103301,155,170,325
5103302,163,166,329
5103303,271,266,537
5103304,158,144,302
5103305,241,254,495
5103306,221,203,424
5103307,213,229,442
5103308,0,0,0
5103309,143,156,299
5103310,159,159,318
5103311,111,127,238
5103312,238,217,455
5103313,118,116,234
5103314,0,0,0
5103315,229,237,466
5103316,169,162,331
5103317,123,144,267
5103318,120,150,270
5103319,151,159,310
5103320,265,261,526
5103321,173,173,346
5103322,156,165,321
5103401,92,184,276
5103402,91,113,204
5103403,291,330,621
5103404,168,182,350
5103405,213,275,488
5103406,234,277,511
5103407,234,252,486
5103408,173,204,377
5103409,189,277,466
5103410,173,206,379
5103411,131,169,300
5103412,101,245,346
5103413,298,270,568
5103414,186,189,375
5103415,280,206,486
5103416,186,213,399
5103417,172,329,501
5103418,132,143,275
5103419,130,145,275
5103420,222,245,467
5103421,380,355,735
5103422,180,192,372
5103423,143,201,344
5103424,217,300,517
5103501,137,128,265
5103502,0,0,0
5103503,198,220,418
5103504,266,263,529
5103505,221,235,456
5103506,195,148,343
5103507,125,138,263
5103508,0,0,0
5103509,85,110,195
5103510,289,272,561
5103511,228,264,492
5103512,313,353,666
5103513,314,307,621
5103514,267,259,526
5103515,169,156,325
5103516,194,202,396
5103517,242,247,489
5103518,168,201,369
5103519,160,144,304
5103520,187,198,385
5103521,319,378,697
5103522,239,201,440
5103523,246,292,538
5103524,242,299,541
5103525,224,251,475
5103526,132,134,266
5103527,218,193,411
5103528,245,256,501
5103529,168,169,337
5103530,158,168,326
5103531,189,223,412
5103532,308,327,635
5103533,352,364,716
5103534,137,206,343
5103535,245,266,511
5103536,239,248,487
5103537,194,203,397
5103538,246,246,492
5103539,234,236,470
5103540,233,242,475
5103541,228,228,456
5103601,0,0,0
5103602,197,251,448
5103603,198,216,414
5103604,126,138,264
5103605,165,185,350
5103606,209,255,464
5103607,9,0,9
5103608,127,105,232
5103609,236,256,492
5103610,123,98,221
5103611,204,204,408
5103612,270,295,565
5103613,121,118,239
5103614,200,193,393
5103615,94,103,197
5103616,159,141,300
5103617,321,240,561
5103618,141,172,313
5103619,254,282,536
5103620,179,187,366
5103621,174,174,348
5103622,0,0,0
5103623,210,218,428
5103624,165,168,333
5103625,0,0,0
5103701,21,13,34
5103801,141,149,290
5103802,189,214,403
5103803,236,253,489
5103804,147,149,296
5103805,162,142,304
5103806,275,276,551
5103807,120,130,250
5103808,142,112,254
5103809,266,200,466
5103810,214,230,444
5103811,214,247,461
5103812,0,0,0
5103813,246,261,507
5103814,155,150,305
5103815,184,168,352
5103816,147,140,287
5103817,286,281,567
5103818,152,152,304
5103819,134,144,278
5103820,150,157,307
5103821,126,136,262
5103822,303,316,619
5103823,130,146,276
5103824,203,211,414
5103825,142,145,287
5103826,292,323,615
5103827,151,171,322
5103828,201,198,399
5103901,122,125,247
5103902,215,241,456
5103903,195,196,391
5103904,0,0,0
5103905,206,211,417
5103906,162,166,328
5103907,201,210,411
5103908,275,265,540
5103909,170,153,323
5103910,263,272,535
5103911,167,206,373
5103912,177,221,398
5103913,180,161,341
5103914,221,230,451
5103915,133,147,280
5103916,209,221,430
5103917,242,222,464
5103918,241,262,503
5103919,250,238,488
5103920,236,221,457
5103921,234,233,467
5103922,268,271,539
5103923,210,358,568
5103924,254,277,531
5103925,241,242,483
5103926,117,156,273
5103927,185,185,370
5103928,226,236,462
5103929,300,284,584
5103930,271,297,568
5103931,153,178,331
5103932,232,245,477
5103933,231,266,497
5103934,167,192,359
5103935,235,272,507
5103936,171,174,345
5103937,178,178,356
5103938,176,164,340
5103939,155,172,327
5104001,187,212,399
5104002,226,233,459
5104003,241,240,481
5104004,150,157,307
5104005,247,218,465
5104006,295,278,573
5104007,220,261,481
5104008,166,144,310
5104009,182,237,419
5104010,225,243,468
5104011,245,236,481
5104012,107,130,237
5104013,203,198,401
5104014,191,178,369
5104015,192,166,358
5104016,131,166,297
5104017,238,230,468
5104018,163,161,324
5104019,202,198,400
5104020,182,168,350
5104021,226,270,496
5104101,357,310,667
5104102,264,231,495
5104103,268,202,470
5104104,244,216,460
5104105,274,211,485
5104106,277,163,440
5104107,244,207,451
5104108,591,510,1101
5104109,367,313,680
5104110,459,336,795
5104111,731,471,1202
5104112,898,740,1638
5104113,226,222,448
5104114,200,172,372
5104115,148,155,303
5104116,169,133,302
5104117,136,127,263
5104118,128,51,179
5104119,164,127,291
5104120,300,293,593
5104121,470,336,806
5104122,278,227,505
5104123,293,234,527
5104124,209,220,429
5104125,185,189,374
5104126,431,349,780
5104127,239,214,453
5104128,279,253,532
5104129,334,276,610
5104130,311,278,589
5104131,361,328,689
5104132,227,199,426
5104133,232,195,427
5104134,311,252,563
5104135,318,197,515
5104136,400,310,710
5104137,368,255,623
5104138,111,112,223
5104139,210,175,385
5104140,169,142,311
5104141,398,295,693
5104142,366,281,647
5104143,226,209,435
5104144,406,316,722
5104145,285,199,484
5104146,207,214,421
5104201,211,224,435
5104202,192,206,398
5104203,307,318,625
5104204,306,420,726
5104205,230,245,475
5104206,234,259,493
5104207,175,192,367
5104208,316,316,632
5104209,164,228,392
5104210,195,208,403
5104211,168,157,325
5104212,165,211,376
5104213,203,191,394
5104214,157,161,318
5104215,211,223,434
5104216,190,179,369
5104217,195,240,435
5104218,99,113,212
5104219,223,217,440
5104220,181,198,379
5104221,234,223,457
5104222,196,220,416
5104223,267,289,556
5104224,206,194,400
5104225,204,211,415
5104226,191,237,428
5104227,86,43,129
5104228,138,124,262
5104229,168,158,326
5104230,183,214,397
5104231,263,265,528
5104232,127,151,278
5104233,279,307,586
5104234,212,212,424
5104235,140,160,300
5104236,276,243,519
5104301,134,133,267
5104302,381,329,710
5104303,204,181,385
5104304,216,251,467
5104305,201,172,373
5104306,244,248,492
5104307,114,136,250
5104308,191,198,389
5104309,0,0,0
5104310,205,274,479
5104311,0,0,0
5104312,335,290,625
5104313,309,275,584
5104314,224,193,417
5104315,153,132,285
5104316,294,282,576
5104317,271,271,542
5104318,161,167,328
5104319,232,268,500
5104320,226,230,456
5104321,194,216,410
5104322,189,193,382
5104323,266,252,518
5104324,206,338,544
5104325,231,222,453
5104326,157,193,350
5104327,176,181,357
5104328,209,219,428
5104329,283,283,566
5104330,289,283,572
5104331,262,267,529
5104332,175,226,401
5104333,179,216,395
5104334,221,228,449
5104335,226,237,463
5104336,172,153,325
5104337,274,275,549
5104338,170,169,339
5104339,203,202,405
5104401,134,157,291
5104402,192,214,406
5104403,119,134,253
5104404,246,214,460
5104405,218,233,451
5104406,184,173,357
5104407,252,233,485
5104408,227,261,488
5104409,170,159,329
5104410,140,146,286
5104411,241,227,468
5104412,154,161,315
5104413,189,165,354
5104414,196,219,415
5104415,339,329,668
5104416,208,223,431
5104417,168,183,351
5104418,190,201,391
5104419,250,278,528
5104420,170,171,341
5104421,285,274,559
5104422,275,256,531
5104423,294,268,562
5104424,150,175,325
5104425,150,162,312
5104426,277,245,522
5104427,176,153,329
5104428,214,197,411
5104429,289,301,590
5104430,166,187,353
5104431,199,161,360
5104432,3,0,3
5104433,323,314,637
5104434,0,0,0
5104435,153,235,388
5104436,130,116,246
5104437,110,104,214
5104501,160,179,339
5104502,138,141,279
5104503,236,253,489
5104504,210,198,408
5104505,247,273,520
5104506,169,174,343
5104507,181,168,349
5104508,132,147,279
5104509,202,208,410
5104510,137,166,303
5104511,282,314,596
5104512,19,16,35
5104513,226,223,449
5104514,188,218,406
5104515,226,195,421
5104516,193,225,418
5104517,268,264,532
5104518,147,120,267
5104519,3,0,3
5104520,293,381,674
5104521,154,163,317
5104522,141,134,275
5104523,149,117,266
5104524,267,293,560
5104525,233,214,447
5104526,324,319,643
5104527,145,217,362
5104528,227,248,475
5104529,157,166,323
5104530,282,264,546
5104531,180,159,339
5104532,226,228,454
5104533,219,227,446
5104534,244,246,490
5104535,166,158,324
5104536,153,157,310
5104537,250,293,543
5104538,149,198,347
5104539,183,183,366
5104540,205,200,405
5104541,255,239,494
5104542,217,203,420
5104543,219,234,453
5104544,197,227,424
5104545,145,174,319
5104546,241,241,482
5104547,205,214,419
5104548,184,180,364
5104549,369,339,708
5104550,226,217,443
5104551,182,166,348
5104552,129,127,256
5104553,157,146,303
5104601,146,129,275
5104602,288,304,592
5104603,141,140,281
5104604,186,179,365
5104605,258,259,517
5104606,215,217,432
5104607,174,161,335
5104608,3,0,3
5104609,275,264,539
5104610,286,234,520
5104611,202,158,360
5104612,184,178,362
5104613,197,209,406
5104614,318,231,549
5104615,226,202,428
5104616,283,265,548
5104617,196,212,408
5104618,231,180,411
5104619,189,154,343
5104620,190,171,361
5104621,322,293,615
5104622,350,263,613
5104623,346,310,656
5104624,206,168,374
5104625,279,198,477
5104626,285,281,566
5104627,255,238,493
5104628,268,251,519
5104701,243,219,462
5104702,208,212,420
5104703,222,180,402
5104704,203,207,410
5104705,269,228,497
5104706,232,213,445
5104707,243,223,466
5104708,208,219,427
5104709,309,311,620
5104710,156,164,320
5104711,230,246,476
5104712,237,238,475
5104713,267,273,540
5104714,169,175,344
5104715,0,0,0
5104716,206,201,407
5104717,255,258,513
5104718,205,214,419
5104719,115,125,240
5104720,181,176,357
5104721,220,193,413
5104722,212,215,427
5104723,227,238,465
5104724,173,190,363
5104725,193,194,387
5104726,274,289,563
5104727,280,325,605
5104728,215,231,446
5104729,281,271,552
5104730,184,173,357
5104731,129,164,293
5104732,287,257,544
5104733,333,292,625
5104734,208,199,407
5104735,322,313,635
5104736,225,214,439
5104737,261,242,503
5104738,308,297,605
5104739,250,279,529
5104740,214,202,416
5104741,288,293,581
5104742,220,225,445
5104743,302,287,589
5104744,191,277,468
5104745,218,186,404
5104801,0,0,0
5104802,302,292,594
5104803,208,240,448
5104804,172,186,358
5104805,189,181,370
5104806,244,244,488
5104807,275,276,551
5104808,231,262,493
5104809,259,242,501
5104810,163,160,323
5104811,233,251,484
5104812,210,228,438
5104813,118,117,235
5104814,147,144,291
5104815,249,236,485
5104816,169,180,349
5104817,218,246,464
5104818,134,140,274
5104819,173,198,371
5104820,132,150,282
5104821,139,137,276
5104901,169,171,340
5104902,162,152,314
5104903,83,85,168
5104904,179,173,352
5104905,1405,46,1451
5104906,160,160,320
5104907,198,213,411
5104908,164,178,342
5104909,28,34,62
5104910,105,109,214
5104911,24,21,45
5105001,163,154,317
5105002,157,171,328
5105003,0,0,0
5105004,164,198,362
5105005,178,182,360
5105006,221,205,426
5105007,160,159,319
5105008,175,160,335
5105009,156,144,300
5105010,221,221,442
5105011,147,164,311
5105012,156,171,327
5105013,264,266,530
5105014,161,150,311
5105015,265,300,565
5105016,109,123,232
5105017,92,78,170
5105018,248,249,497
5105019,178,149,327
5105020,272,309,581
5105101,157,134,291
5105102,393,411,804
5105103,144,153,297
5105104,244,238,482
5105105,279,244,523
5105106,191,197,388
5105107,167,179,346
5105108,214,227,441
5105109,178,168,346
5105110,344,401,745
5105201,4,13,17
5105301,190,198,388
5105302,132,150,282
5105303,277,296,573
5105304,239,244,483
5105305,300,298,598
5105306,83,70,153
5105307,123,110,233
5105308,244,207,451
5105309,144,111,255
5105310,140,148,288
5105311,160,145,305
5105312,206,216,422
5105313,96,117,213
5105314,271,264,535
5105315,20,22,42
5105316,198,201,399
5105317,256,227,483
5105318,149,146,295
5105319,159,154,313
5105320,160,162,322
5105321,197,179,376
5105322,202,204,406
5105323,207,193,400
5105324,239,270,509
5105325,172,173,345
5105326,125,135,260
5105327,103,106,209
5105328,145,130,275
5105329,194,201,395
5105330,111,94,205
5105331,169,175,344
5105332,5,3,8
5105333,94,91,185
5105334,171,175,346
5105335,256,245,501
5105336,107,119,226
5105337,147,238,385
5105338,136,122,258
5105401,167,160,327
5105402,101,132,233
5105403,242,245,487
5105404,227,234,461
5105405,147,134,281
5105406,96,101,197
5105407,294,279,573
5105408,249,229,478
5105409,202,227,429
5105410,79,147,226
5105411,196,201,397
5105412,122,131,253
5105413,201,202,403
5105414,119,107,226
5105415,264,276,540
5105416,207,224,431
5105417,152,171,323
5105418,133,118,251
5105419,230,212,442
5105420,200,199,399
5105421,213,261,474
5105422,191,198,389
5105423,231,246,477
5105424,150,136,286
5105425,217,202,419
5105426,223,217,440
5105427,245,263,508
5105428,248,252,500
5105429,143,159,302
5105430,176,145,321
5105431,113,101,214
5105432,163,160,323
5105501,0,0,0
5105601,108,97,205
5105602,167,173,340
5105603,139,171,310
5105604,123,118,241
5105605,189,219,408
5105606,129,142,271
5105607,242,263,505
5105608,293,282,575
5105609,113,124,237
5105610,175,193,368
5105611,153,144,297
5105612,136,146,282
5105613,280,256,536
5105614,217,204,421
5105615,157,146,303
5105616,199,217,416
5105617,185,189,374
5105618,204,202,406
5105619,295,281,576
5105620,195,192,387
5105621,166,169,335
5105622,200,214,414
5105623,201,225,426
5105624,144,131,275
5105625,220,258,478
5105626,221,222,443
5105627,203,192,395
5105628,248,269,517
5105629,220,214,434
5105630,170,174,344
5105631,201,205,406
5105632,64,68,132
5105633,200,208,408
5105634,168,180,348
5105635,180,191,371
5105636,177,164,341
5105637,267,295,562
5105638,165,154,319
5105639,179,178,357
5105640,166,176,342
5105641,285,271,556
5105642,181,192,373
5105643,159,157,316
5105644,118,107,225
5105645,214,198,412
5105646,316,334,650
5105647,180,178,358
5105648,237,240,477
5105649,111,145,256
5105650,0,0,0
5105651,173,165,338
5105701,118,125,243
5105702,237,258,495
5105703,218,233,451
5105704,222,209,431
5105705,349,353,702
5105706,424,395,819
5105707,193,182,375
5105708,291,290,581
5105709,3,0,3
5105710,251,245,496
5105711,134,126,260
5105712,149,139,288
5105713,176,178,354
5105714,339,288,627
5105715,235,217,452
5105716,229,226,455
5105717,226,243,469
5105718,246,218,464
5105719,237,256,493
5105720,256,260,516
5105721,164,145,309
5105722,197,199,396
5105723,268,251,519
5105724,293,273,566
5105725,290,244,534
5105726,446,429,875
5105727,290,267,557
5105728,125,136,261
5105729,296,292,588
5105730,199,224,423
5105731,88,286,374
5105732,201,179,380
5105733,240,218,458
5105801,6,0,6
5105802,185,194,379
5105803,303,359,662
5105804,111,104,215
5105805,108,104,212
5105806,85,82,167
5105807,97,103,200
5105808,198,195,393
5105809,274,274,548
5105810,213,199,412
5105811,215,239,454
5105812,125,144,269
5105813,204,209,413
5105901,473,467,940
5105902,250,243,493
5105903,328,323,651
5105904,408,425,833
5105905,158,159,317
5105906,136,144,280
5105907,0,0,0
5105908,42,42,84
5105909,188,258,446
5105910,196,295,491
5105911,50,55,105
5105912,127,151,278
5105913,157,167,324
5105914,142,121,263
5105915,221,221,442
5105916,130,143,273
5105917,165,189,354
5105918,190,189,379
5105919,167,176,343
5105920,268,284,552
5105921,148,150,298
5105922,207,222,429
5105923,244,299,543
5105924,264,289,553
5105925,114,116,230
5105926,257,247,504
5105927,146,146,292
5105928,88,100,188
5105929,110,129,239
5105930,131,143,274
5105931,370,410,780
5105932,236,225,461
5105933,237,254,491
5105934,222,232,454
5105935,61,87,148
5105936,127,136,263
5105937,355,353,708
5105938,183,203,386
5105939,136,109,245
5105940,211,240,451
5105941,238,224,462
5105942,192,186,378
5105943,193,218,411
5105944,174,187,361
5105945,204,216,420
5105946,234,222,456
5105947,97,93,190
5105948,165,158,323
5105949,266,250,516
5105950,320,318,638
5105951,0,0,0
5105952,176,155,331
5105953,253,284,537
5105954,187,190,377
5105955,125,115,240
5105956,254,287,541
5105957,165,185,350
5105958,348,371,719
5105959,185,171,356
5106001,112,123,235
5106002,146,152,298
5106003,112,115,227
5106004,167,154,321
5106005,263,240,503
5106006,170,162,332
5106007,131,131,262
5106008,180,179,359
5106101,187,185,372
5106102,390,404,794
5106103,0,0,0
5106104,130,140,270
5106105,324,329,653
5106106,0,0,0
5106107,260,246,506
5106108,221,193,414
5106109,203,212,415
5106110,107,95,202
5106201,166,163,329
5106202,141,117,258
5106203,168,177,345
5106204,202,221,423
5106205,262,238,500
5106206,149,145,294
5106207,168,158,326
5106208,146,137,283
5106209,257,247,504
5106210,162,152,314
5106211,158,162,320
5106212,208,204,412
5106213,196,180,376
5106214,134,146,280
5106215,303,318,621
5106216,294,287,581
5106217,344,315,659
5106218,239,213,452
5106219,100,110,210
5106220,275,276,551
5106301,13,0,13
5106401,4,0,4
5106501,12,9,21
5106502,179,187,366
5106503,200,156,356
5106504,150,161,311
5106505,276,264,540
5106506,148,178,326
5106507,156,173,329
5106508,282,306,588
5106509,236,190,426
5106510,60,55,115
5106511,226,206,432
5106512,271,257,528
5106513,296,311,607
5106514,126,124,250
5106601,196,203,399
5106602,127,139,266
5106603,227,292,519
5106604,212,214,426
5106605,244,301,545
5106606,210,193,403
5106607,224,227,451
5106608,376,360,736
5106609,319,295,614
5106610,125,111,236
5106611,130,126,256
5106612,323,342,665
5106613,205,211,416
5106614,202,172,374
5106615,355,322,677
5106616,137,124,261
5106617,44,32,76
5106618,124,99,223
5106619,238,226,464
5106620,247,221,468
5106621,327,350,677
5106622,261,188,449
5106701,288,295,583
5106702,179,223,402
5106703,162,149,311
5106704,232,226,458
5106705,211,218,429
5106706,141,145,286
5106707,107,108,215
5106708,197,204,401
5106709,254,241,495
5106710,53,45,98
5106711,187,217,404
5106712,203,202,405
5106713,212,199,411
5106714,134,140,274
5106715,223,226,449
5106716,298,309,607
5106717,134,118,252
5106718,0,0,0
5106719,0,0,0
5106720,128,118,246
5106801,114,104,218
5106802,148,129,277
5106803,169,127,296
5106804,212,204,416
5106805,182,164,346
5106806,364,374,738
5106807,249,257,506
5106808,144,135,279
5106809,326,325,651
5106810,101,97,198
5106811,172,191,363
5106812,136,130,266
5106813,223,232,455
5106814,184,204,388
5106901,0,0,0
5107001,117,112,229
5107002,205,228,433
5107003,122,128,250
5107004,204,185,389
5107005,239,248,487
5107006,207,203,410
5107007,271,294,565
5107008,295,291,586
5107009,178,163,341
5107010,151,146,297
5107011,173,155,328
5107012,202,192,394
5107013,151,171,322
5107014,321,306,627
5107015,341,306,647
5107016,283,264,547
5107017,210,212,422
5107018,285,262,547
5107019,138,147,285
5107020,221,243,464
5107021,189,182,371
5107022,202,187,389
5107023,0,0,0
5107024,126,118,244
5107101,193,231,424
5107102,204,217,421
5107103,182,200,382
5107104,165,178,343
5107105,275,261,536
5107106,103,122,225
5107107,247,225,472
5107108,178,183,361
5107109,123,144,267
5107110,240,229,469
5107111,163,152,315
5107112,200,209,409
5107113,216,204,420
5107114,260,238,498
5107115,179,175,354
5107116,319,304,623
5107117,259,255,514
5107118,314,335,649
5107119,188,190,378
5107120,176,185,361
5107121,161,165,326
5107122,200,243,443
5107123,282,274,556
5107124,283,285,568
5107125,0,0,0
5107126,198,197,395
5107127,216,211,427
5107128,188,166,354
5107129,198,199,397
5107130,162,154,316
5107131,130,121,251
5107132,217,214,431
5107133,17,15,32
5107134,236,250,486
5107135,277,274,551
5107201,125,123,248
5107202,106,106,212
5107203,139,140,279
5107204,297,294,591
5107205,342,358,700
5107206,268,278,546
5107207,242,211,453
5107208,171,173,344
5107209,175,204,379
5107210,212,200,412
5107211,132,115,247
5107212,219,212,431
5107213,262,300,562
5107214,250,350,600
5107215,334,344,678
5107216,294,307,601
5107217,243,261,504
5107218,199,197,396
5107219,242,243,485
5107220,237,226,463
5107221,112,106,218
5107222,133,144,277
5107223,256,264,520
5107224,254,255,509
5107225,220,196,416
5107226,245,256,501
5107227,215,235,450
5107228,292,281,573
5107229,142,125,267
5107230,141,125,266
5107231,290,276,566
5107232,258,255,513
5107233,223,215,438
5107234,177,178,355
5107301,226,235,461
5107302,189,216,405
5107303,210,195,405
5107304,238,241,479
5107305,234,210,444
5107306,115,126,241
5107307,167,171,338
5107308,271,264,535
5107309,148,163,311
5107310,295,280,575
5107311,268,278,546
5107312,121,120,241
5107313,123,111,234
5107314,239,237,476
5107315,190,175,365
5107316,182,178,360
5107317,276,241,517
5107318,159,171,330
5107319,240,317,557
5107320,224,209,433
5107321,290,300,590
5107322,109,119,228
5107323,188,199,387
5107324,175,184,359
5107325,146,136,282
5107326,176,192,368
5107327,181,193,374
5107328,183,165,348
5107329,150,169,319
5107330,144,143,287
5107331,225,225,450
5107332,158,161,319
5107333,0,0,0
5107334,155,169,324
5107335,261,279,540
5107401,214,196,410
5107402,247,279,526
5107403,266,247,513
5107404,312,353,665
5107405,271,267,538
5107406,191,200,391
5107407,147,155,302
5107408,219,217,436
5107409,283,273,556
5107410,167,171,338
5107411,220,200,420
5107412,356,361,717
5107413,201,182,383
5107414,303,285,588
5107415,232,249,481
5107416,345,375,720
5107417,260,244,504
5107418,196,223,419
5107419,272,254,526
5107420,221,218,439
5107421,258,281,539
5107501,296,306,602
5107502,184,198,382
5107503,189,176,365
5107504,271,260,531
5107505,146,168,314
5107506,293,301,594
5107507,147,156,303
5107508,196,181,377
5107509,222,184,406
5107510,336,330,666
5107511,262,257,519
5107512,271,237,508
5107513,279,289,568
5107514,208,241,449
5107515,254,285,539
5107516,201,216,417
5107517,126,116,242
5107518,236,237,473
5107519,111,119,230
5107520,371,368,739
5107521,218,237,455
5107522,267,252,519
5107523,229,239,468
5107601,175,172,347
5107602,193,215,408
5107603,229,250,479
5107604,209,213,422
5107605,576,611,1187
5107606,126,119,245
5107607,146,140,286
5107608,304,299,603
5107609,313,270,583
5107610,790,817,1607
5107701,4,4,8
5107702,140,148,288
5107703,223,188,411
5107704,273,251,524
5107705,175,187,362
5107706,179,207,386
5107707,158,188,346
5107708,259,276,535
5107709,102,119,221
5107710,214,208,422
5107711,170,170,340
5107712,225,219,444
5107713,266,248,514
5107714,302,267,569
5107715,194,199,393
5107716,3,0,3
5107717,138,162,300
5107718,133,146,279
5107719,346,305,651
5107720,216,243,459
5107721,247,285,532
5107722,211,237,448
5107723,286,265,551
5107724,226,237,463
5107725,192,225,417
5107726,150,197,347
5107727,229,279,508
5107728,158,183,341
5107729,166,185,351
5107730,182,175,357
5107731,216,241,457
5107732,247,300,547
5107733,0,0,0
5107734,0,0,0
5107735,179,180,359
5107736,298,296,594
5107801,266,274,540
5107802,166,170,336
5107803,218,243,461
5107804,225,246,471
5107805,209,231,440
5107806,164,162,326
5107807,227,235,462
5107808,273,280,553
5107809,148,157,305
5107810,104,108,212
5107811,296,283,579
5107812,270,271,541
5107813,153,166,319
5107814,131,129,260
5107815,202,203,405
5107816,204,232,436
5107817,215,240,455
5107818,219,233,452
5107819,189,191,380
5107820,123,122,245
5107821,240,276,516
5107822,168,138,306
5107823,289,291,580
5107824,214,231,445
5107825,165,174,339
5107826,3,6,9
5107827,161,159,320
5107828,126,127,253
5107829,211,223,434
5107830,204,192,396
5107831,113,178,291
5107832,0,0,0
5107833,313,359,672
5107834,94,183,277
5107835,104,108,212
5107901,216,230,446
5107902,260,257,517
5107903,112,106,218
5107904,270,310,580
5107905,264,268,532
5107906,303,322,625
5107907,177,191,368
5107908,270,277,547
5107909,234,215,449
5107910,231,212,443
5107911,212,202,414
5107912,237,227,464
5107913,236,258,494
5107914,0,0,0
5107915,233,213,446
5107916,143,146,289
5107917,206,186,392
5107918,144,177,321
5107919,136,142,278
5107920,115,134,249
5107921,252,263,515
5107922,187,189,376
5107923,197,213,410
5107924,0,0,0
5107925,280,259,539
5107926,247,265,512
5107927,285,289,574
5108001,202,193,395
5108002,174,169,343
5108003,211,191,402
5108004,100,87,187
5108005,228,222,450
5108006,160,145,305
5108007,222,228,450
5108008,191,191,382
5108009,119,135,254
5108010,172,179,351
5108011,193,190,383
5108012,158,146,304
5108013,142,130,272
5108014,305,317,622
5108015,138,147,285
5108016,0,0,0
5108017,166,166,332
5108018,136,153,289
5108019,249,254,503
5108020,201,184,385
5108021,193,204,397
5108022,210,233,443
5108023,177,184,361
5108101,192,169,361
5108102,202,189,391
5108103,226,213,439
5108104,0,0,0
5108105,131,146,277
5108106,212,203,415
5108107,274,230,504
5108108,183,201,384
5108109,171,152,323
5108110,166,175,341
5108111,194,186,380
5108112,197,214,411
5108113,147,149,296
5108114,229,258,487
5108115,229,230,459
5108116,0,0,0
5108117,243,231,474
5108118,155,162,317
5108119,180,186,366
5108120,132,139,271
5108121,250,246,496
5108122,116,121,237
5108123,226,230,456
5108124,124,151,275
5108201,153,182,335
5108202,197,181,378
5108203,175,179,354
5108204,157,171,328
5108205,139,146,285
5108206,225,225,450
5108207,213,212,425
5108208,126,126,252
5108209,237,301,538
5108210,136,143,279
5108211,272,273,545
5108212,191,200,391
5108213,138,129,267
5108214,155,162,317
5108215,192,207,399
5108216,150,154,304
5108217,181,198,379
5108218,196,197,393
5108219,228,224,452
5108220,182,200,382
5108221,148,173,321
5108222,181,182,363
5108223,234,245,479
5108224,224,228,452
5108225,239,240,479
5108301,191,195,386
5108302,265,279,544
5108303,211,209,420
5108304,202,194,396
5108305,224,233,457
5108306,136,172,308
5108307,158,133,291
5108308,157,160,317
5108309,0,0,0
5108310,197,216,413
5108311,144,152,296
5108312,163,161,324
5108313,113,121,234
5108314,276,275,551
5108315,116,130,246
5108316,110,112,222
5108317,216,233,449
5108318,184,155,339
5108319,139,146,285
5108320,94,180,274
5108321,193,207,400
5108322,221,252,473
5108323,151,164,315
5108324,103,106,209
5108325,240,252,492
5108326,8,10,18
5108327,144,155,299
5108328,0,0,0
5108329,0,0,0
5108330,0,0,0
5108331,131,129,260
5108401,225,244,469
5108402,211,230,441
5108403,268,247,515
5108404,200,240,440
5108405,267,294,561
5108406,155,144,299
5108407,132,108,240
5108408,120,125,245
5108409,188,182,370
5108410,172,174,346
5108411,175,184,359
5108412,342,380,722
5108413,152,160,312
5108414,246,232,478
5108415,198,196,394
5108416,213,214,427
5108417,177,182,359
5108418,258,269,527
5108419,179,159,338
5108420,216,192,408
5108421,270,267,537
5108422,0,4,4
5108423,147,155,302
5108424,140,142,282
5108425,163,173,336
5108426,158,160,318
5108427,188,171,359
5108428,229,215,444
5108429,220,324,544
5108430,198,197,395
5108431,218,206,424
5108432,180,204,384
5108433,238,214,452
5108434,271,297,568
5108435,202,227,429
5108436,197,207,404
5108437,260,288,548
5108501,240,268,508
5108502,200,218,418
5108503,237,248,485
5108504,213,181,394
5108505,187,151,338
5108506,299,279,578
5108507,251,282,533
5108508,278,264,542
5108509,263,254,517
5108510,214,207,421
5108511,184,204,388
5108512,181,190,371
5108513,290,293,583
5108514,185,182,367
5108515,191,179,370
5108516,257,278,535
5108517,209,210,419
5108518,168,161,329
5108519,219,199,418
5108520,279,248,527
5108521,269,273,542
5108522,156,145,301
5108523,271,295,566
5108524,301,275,576
5108525,149,153,302
5108526,271,260,531
5108527,175,190,365
5108528,161,161,322
5108529,215,232,447
5108530,184,152,336
5108531,283,282,565
5108532,149,148,297
5108533,0,0,0
5108534,0,0,0
5108535,274,274,548
5108536,135,136,271
5108537,262,273,535
5108538,0,0,0
5108539,287,255,542
5108540,169,158,327
5108541,215,245,460
5108542,215,233,448
5108543,192,217,409
5108544,150,164,314
5108601,57,55,112
5108602,244,238,482
5108603,129,160,289
5108604,119,133,252
5108605,261,290,551
5108606,177,187,364
5108607,203,222,425
5108608,205,191,396
5108609,203,275,478
5108610,150,146,296
5108611,115,129,244
5108612,213,216,429
5108613,191,191,382
5108614,275,276,551
5108615,197,261,458
5108616,322,319,641
5108617,279,275,554
5108618,220,250,470
5108619,131,140,271
5108620,0,0,0
5108621,210,232,442
5108622,243,217,460
5108623,252,243,495
5108624,202,213,415
5108625,175,195,370
5108626,213,233,446
5108627,128,126,254
5108628,127,146,273
5108629,205,245,450
5108630,230,213,443
5108631,214,214,428
5108632,252,299,551
5108633,160,185,345
5108634,224,240,464
5108635,200,256,456
5108636,168,210,378
5108637,177,188,365
5108638,133,165,298
5108639,130,161,291
5108640,223,253,476
5108641,223,257,480
5108642,318,332,650
5108643,181,187,368
5108644,121,127,248
5108645,237,223,460
5108646,244,282,526
5108647,155,141,296
5108648,265,265,530
5108649,139,130,269
5108650,277,302,579
5108651,215,236,451
5108652,153,173,326
5108653,231,219,450
5108654,154,187,341
5108655,179,173,352
5108656,168,180,348
5108657,192,214,406
5108658,0,0,0
5108659,141,151,292
5108701,3,0,3
5108801,215,222,437
5108802,11,14,25
5108803,199,210,409
5108804,177,201,378
5108805,166,164,330
5108806,185,185,370
5108807,125,139,264
5108808,174,176,350
5108809,203,230,433
5108810,191,193,384
5108811,223,247,470
5108812,185,196,381
5108813,227,234,461
5108814,309,281,590
5108815,215,268,483
5108816,234,237,471
5108817,145,173,318
5108818,374,394,768
5108819,360,404,764
5108820,246,254,500
5108821,177,213,390
5108822,260,293,553
5108823,172,204,376
5108824,247,341,588
5108825,215,214,429
5108826,184,147,331
5108827,155,145,300
5108828,252,281,533
5108829,178,222,400
5108830,213,226,439
5108831,230,256,486
5108832,148,211,359
5108833,210,216,426
5108834,238,271,509
5108835,267,251,518
5108901,242,257,499
5108902,202,179,381
5108903,87,86,173
5108904,0,0,0
5108905,140,159,299
5108906,162,176,338
5108907,168,158,326
5108908,292,320,612
5108909,257,282,539
5108910,38,284,322
5108911,160,148,308
5108912,203,198,401
5108913,244,316,560
5108914,301,301,602
5108915,32,38,70
5108916,209,202,411
5108917,190,205,395
5108918,237,234,471
5108919,99,76,175
5108920,184,177,361
5108921,254,249,503
5108922,287,399,686
5108923,243,216,459
5108924,166,180,346
5108925,191,211,402
5108926,242,283,525
5108927,132,202,334
5108928,0,0,0
5108929,242,278,520
5108930,277,276,553
5108931,175,173,348
5108932,226,249,475
5108933,275,276,551
5108934,85,92,177
5108935,260,238,498
5108936,192,184,376
5108937,0,0,0
5108938,196,219,415
5108939,141,140,281
5108940,113,138,251
5108941,272,279,551
5108942,218,223,441
5108943,239,258,497
5108944,200,195,395
5108945,92,77,169
5108946,192,186,378
5108947,150,148,298
5108948,281,256,537
5108949,162,174,336
5108950,174,192,366
5109001,369,410,779
5109002,160,157,317
5109003,192,201,393
5109004,313,340,653
5109005,260,279,539
5109006,148,170,318
5109007,239,286,525
5109008,199,191,390
5109009,214,212,426
5109010,209,203,412
5109011,166,164,330
5109012,255,248,503
5109013,278,304,582
5109014,246,241,487
5109015,361,333,694
5109016,333,321,654
5109017,281,264,545
5109018,438,434,872
5109019,215,212,427
5109020,306,296,602
5109021,236,206,442
5109022,315,326,641
5109023,320,309,629
5109024,195,199,394
5109025,280,341,621
5109026,364,343,707
5109027,300,288,588
5109028,296,312,608
5109101,5,3,8
5109201,210,199,409
5109202,201,208,409
5109203,188,195,383
5109204,238,264,502
5109205,230,205,435
5109206,178,176,354
5109207,313,270,583
5109208,214,170,384
5109209,264,212,476
5109210,215,147,362
5109211,203,157,360
5109212,232,193,425
5109213,171,143,314
5109214,159,167,326
5109215,210,127,337
5109216,365,307,672
5109217,296,294,590
5109218,252,251,503
5109219,284,288,572
5109220,208,150,358
5109221,276,240,516
5109222,269,269,538
5109223,187,219,406
5109224,277,329,606
5109225,198,216,414
5109226,202,234,436
5109227,163,187,350
5109228,216,248,464
5109229,132,110,242
5109230,222,216,438
5109231,224,264,488
5109232,287,325,612
5109301,296,271,567
5109302,287,278,565
5109303,185,192,377
5109304,156,176,332
5109305,237,252,489
5109306,247,275,522
5109307,270,260,530
5109308,310,323,633
5109309,186,137,323
5109310,288,260,548
5109311,200,177,377
5109312,261,253,514
5109313,190,175,365
5109314,188,183,371
5109315,197,212,409
5109316,216,222,438
5109317,291,297,588
5109318,263,256,519
5109319,144,126,270
5109320,200,202,402
5109321,296,267,563
5109322,211,206,417
5109323,209,224,433
5109324,136,158,294
5109325,149,156,305
5109326,189,197,386
5109327,279,300,579
5109328,168,169,337
5109329,370,379,749
5109330,3,0,3
5109401,125,133,258
5109402,144,151,295
5109403,248,254,502
5109404,145,172,317
5109405,261,256,517
5109406,318,329,647
5109407,195,230,425
5109408,173,184,357
5109409,213,221,434
5109410,219,245,464
5109411,190,186,376
5109412,235,258,493
5109413,110,108,218
5109414,192,195,387
5109415,157,168,325
5109416,0,0,0
5109417,197,193,390
5109418,132,118,250
5109419,142,138,280
5109501,151,174,325
5109502,226,199,425
5109503,235,227,462
5109504,135,170,305
5109505,192,220,412
5109506,211,230,441
5109507,205,229,434
5109508,247,271,518
5109509,135,137,272
5109510,158,192,350
5109511,316,328,644
5109512,222,219,441
5109513,242,237,479
5109514,259,299,558
5109515,183,198,381
5109516,213,240,453
5109517,182,223,405
5109518,117,132,249
5109519,152,159,311
5109520,221,238,459
5109521,140,143,283
5109522,152,199,351
5109523,196,237,433
5109524,187,201,388
5109525,186,183,369
5109526,185,210,395
5109527,151,151,302
5109528,182,226,408
5109601,197,192,389
5109602,122,230,352
5109603,182,180,362
5109604,210,185,395
5109605,305,293,598
5109606,130,134,264
5109607,164,173,337
5109608,239,323,562
5109609,116,119,235
5109610,192,187,379
5109611,221,229,450
5109612,261,248,509
5109613,212,214,426
5109614,145,175,320
5109615,160,169,329
5109616,245,250,495
5109617,211,241,452
5109618,254,237,491
5109619,194,188,382
5109620,207,218,425
5109621,206,220,426
5109622,265,68,333
5109623,240,238,478
5109624,285,286,571
5109625,210,212,422
5109626,213,207,420
5109627,0,0,0
5109628,263,238,501
5109629,181,188,369
5109630,184,222,406
5109631,269,249,518
5109701,112,116,228
5109702,139,160,299
5109703,128,147,275
5109704,236,273,509
5109705,199,193,392
5109706,257,252,509
5109707,156,136,292
5109708,166,172,338
5109709,171,203,374
5109710,314,328,642
5109711,172,181,353
5109712,275,296,571
5109713,264,300,564
5109714,146,143,289
5109715,268,282,550
5109716,326,361,687
5109717,229,237,466
5109718,196,198,394
5109719,266,261,527
5109720,238,265,503
5109721,244,248,492
5109722,306,278,584
5109723,330,295,625
5109724,179,186,365
5109725,143,136,279
5109726,132,252,384
5109727,237,234,471
5109728,167,263,430
5109729,150,142,292
5109730,273,275,548
5109731,248,269,517
5109732,249,255,504
5109733,275,290,565
5109734,0,0,0
5109801,257,247,504
5109802,248,222,470
5109803,214,208,422
5109804,136,136,272
5109805,201,183,384
5109806,205,223,428
5109807,220,222,442
5109808,201,181,382
5109809,138,135,273
5109810,288,290,578
5109811,212,167,379
5109812,109,116,225
5109813,135,140,275
5109814,248,226,474
5109815,231,202,433
5109816,166,157,323
5109817,208,184,392
5109818,0,0,0
5109819,224,257,481
5109820,265,279,544
5109821,260,264,524
5109822,194,209,403
5109823,258,272,530
5109824,202,220,422
5109825,235,209,444
5109826,91,100,191
5109827,214,232,446
5109828,262,256,518
5109829,205,230,435
5109901,217,257,474
5109902,327,309,636
5109903,159,278,437
5109904,169,175,344
5109905,230,248,478
5109906,245,230,475
5109907,257,291,548
5109908,0,0,0
5109909,380,376,756
5109910,267,285,552
5109911,111,138,249
5109912,352,368,720
5109913,179,210,389
5109914,0,3,3
5109915,314,334,648
5109916,164,155,319
5109917,218,264,482
5109918,218,224,442
5109919,235,231,466
5109920,97,85,182
5109921,257,265,522
5109922,318,304,622
5109923,160,187,347
5109924,360,378,738
5109925,321,339,660
5109926,448,501,949
5109927,301,317,618
5109928,986,1000,1986
5109929,323,330,653
5109930,188,209,397
5109931,218,222,440
5109932,250,245,495
5109933,199,209,408
5109934,201,298,499
5109935,655,637,1292
5110001,270,262,532
5110002,220,213,433
5110003,266,260,526
5110004,568,591,1159
5110005,243,232,475
5110006,246,270,516
5110007,441,435,876
5110008,247,256,503
5110009,263,274,537
5110010,302,349,651
5110011,264,288,552
5110012,6,3,9
5110013,123,130,253
5110014,284,332,616
5110015,176,179,355
5110016,268,301,569
5110017,226,245,471
5110018,240,276,516
5110019,209,213,422
5110020,286,331,617
5110021,374,368,742
5110101,137,135,272
5110102,192,141,333
5110103,0,0,0
5110104,216,246,462
5110105,215,201,416
5110106,136,132,268
5110107,398,386,784
5110108,245,250,495
5110109,271,269,540
5110110,295,305,600
5110111,305,305,610
5110112,330,320,650
5110113,519,553,1072
5110114,380,388,768
5110115,229,243,472
5110116,295,270,565
5110117,212,184,396
5110118,179,179,358
5110119,161,170,331
5110120,195,195,390
5110121,126,122,248
5110122,237,238,475
5110123,239,248,487
5110124,160,204,364
5110125,164,170,334
5110201,204,207,411
5110202,289,261,550
5110203,126,145,271
5110204,240,236,476
5110205,131,124,255
5110206,135,118,253
5110207,169,165,334
5110208,219,242,461
5110209,134,148,282
5110210,149,135,284
5110211,189,167,356
5110212,198,173,371
5110213,151,160,311
5110214,228,209,437
5110215,182,185,367
5110216,212,214,426
5110217,160,165,325
5110218,252,242,494
5110219,271,267,538
5110220,206,188,394
5110221,166,157,323
5110222,215,214,429
5110301,705,762,1467
5110302,452,438,890
5110303,6,9,15
5110304,6,0,6
5110305,0,0,0
5110306,217,196,413
5110307,172,181,353
5110308,290,288,578
5110309,154,163,317
5110310,205,206,411
5110311,154,157,311
5110312,191,202,393
5110313,230,229,459
5110314,314,303,617
5110315,262,306,568
5110316,173,190,363
5110317,0,0,0
5110318,9,10,19
5110319,197,212,409
5110320,149,143,292
5110321,204,215,419
5110322,219,203,422
5110323,220,307,527
5110324,333,307,640
5110325,432,496,928
5110326,271,274,545
5110327,679,658,1337
5110328,169,198,367
5110329,263,249,512
5110330,574,559,1133
5110331,597,564,1161
5110332,744,710,1454
5110333,345,322,667
5110334,249,253,502
5110335,244,239,483
5110336,0,0,0
5110401,3,0,3
5110402,135,155,290
5110403,281,267,548
5110404,199,180,379
5110405,264,334,598
5110406,163,161,324
5110407,227,235,462
5110408,164,170,334
5110409,164,181,345
5110410,195,217,412
5110411,218,222,440
5110412,178,209,387
5110413,250,234,484
5110414,174,197,371
5110415,253,273,526
5110416,242,267,509
5110417,189,220,409
5110418,175,188,363
5110419,98,104,202
5110420,248,271,519
5110421,193,211,404
5110422,236,243,479
5110423,211,232,443
5110424,231,239,470
5110425,142,119,261
5110426,270,291,561
5110501,198,207,405
5110502,132,142,274
5110503,114,117,231
5110504,143,156,299
5110505,238,227,465
5110506,240,238,478
5110507,289,290,579
5110508,189,166,355
5110509,188,190,378
5110510,302,320,622
5110511,339,417,756
5110512,169,168,337
5110513,144,123,267
5110514,298,297,595
5110515,134,111,245
5110516,373,358,731
5110517,267,290,557
5110518,269,281,550
5110519,229,249,478
5110520,221,206,427
5110521,577,603,1180
5110522,340,334,674
5110523,269,274,543
5110524,166,171,337
5110525,340,342,682
5110526,192,216,408
5110527,323,327,650
5110528,172,161,333
5110529,345,340,685
5110530,273,296,569
5110531,227,250,477
5110532,0,0,0
5110533,0,0,0
5110534,247,248,495
5110535,315,367,682
5110536,149,145,294
5110537,219,251,470
5110601,0,0,0
5110701,255,217,472
5110702,274,285,559
5110703,175,166,341
5110704,128,109,237
5110705,179,170,349
5110706,155,120,275
5110707,275,259,534
5110708,277,256,533
5110709,156,264,420
5110710,206,231,437
5110711,205,230,435
5110712,172,169,341
5110713,199,187,386
5110714,200,187,387
5110715,410,373,783
5110716,349,345,694
5110717,422,452,874
5110718,499,463,962
5110719,289,260,549
5110720,128,209,337
5110721,296,294,590
5110722,278,285,563
5110723,238,264,502
5110724,133,143,276
5110725,356,356,712
5110801,164,165,329
5110802,174,164,338
5110803,0,0,0
5110804,358,376,734
5110805,487,514,1001
5110806,186,167,353
5110807,188,200,388
5110808,122,107,229
5110809,741,800,1541
5110810,131,133,264
5110811,300,314,614
5110812,240,262,502
5110813,282,280,562
5110814,163,179,342
5110815,411,406,817
5110816,135,154,289
5110817,265,268,533
5110818,141,117,258
5110819,343,338,681
5110820,206,212,418
5110821,159,295,454
5110822,125,136,261
5110823,252,242,494
5110824,173,167,340
5110825,134,127,261
5110826,133,136,269
5110827,335,402,737
5110828,242,249,491
5110829,268,251,519
5110830,192,172,364
5110831,252,264,516
5110832,232,238,470
5110833,271,269,540
5110834,315,332,647
5110835,226,198,424
5110836,680,688,1368
5110837,226,238,464
5110838,113,119,232
5110839,115,156,271
5110840,182,149,331
5110841,332,296,628
5110842,249,288,537
5110843,180,149,329
5110844,306,309,615
5110845,189,198,387
5110846,193,203,396
5110847,206,212,418
5110901,174,146,320
5110902,123,124,247
5110903,210,182,392
5110904,118,135,253
5110905,167,181,348
5110906,213,216,429
5110907,311,289,600
5110908,204,200,404
5110909,132,147,279
5110910,159,154,313
5110911,136,145,281
5110912,176,193,369
5110913,538,578,1116
5110914,369,362,731
5110915,403,334,737
5110916,127,130,257
5110917,68,78,146
5110918,112,100,212
5111001,295,308,603
5111002,220,218,438
5111003,229,211,440
5111004,265,274,539
5111005,377,396,773
5111006,104,120,224
5111007,100,129,229
5111008,133,115,248
5111009,220,235,455
5111010,153,139,292
5111011,259,294,553
5111012,329,375,704
5111013,182,201,383
5111014,285,381,666
5111015,307,319,626
5111016,164,168,332
5111017,430,415,845
5111018,302,290,592
5111019,244,290,534
5111020,243,237,480
5111021,242,200,442
5111022,232,230,462
5111023,215,231,446
5111024,238,203,441
5111025,173,181,354
5111026,184,184,368
5111027,189,182,371
5111028,91,87,178
5111029,276,231,507
5111030,271,269,540
5111031,164,206,370
5111032,335,357,692
5111033,260,286,546
5111034,130,150,280
5111035,137,161,298
5111101,0,0,0
5111201,181,212,393
5111202,171,172,343
5111203,173,169,342
5111204,198,176,374
5111205,183,175,358
5111206,209,200,409
5111207,214,211,425
5111208,160,166,326
5111209,216,198,414
5111210,202,199,401
5111211,242,240,482
5111212,167,134,301
5111213,158,118,276
5111214,73,79,152
5111215,116,135,251
5111301,223,207,430
5111302,219,184,403
5111303,123,103,226
5111304,465,417,882
5111305,379,424,803
5111306,476,486,962
5111307,591,604,1195
5111308,381,387,768
5111309,445,433,878
5111310,453,451,904
5111401,170,176,346
5111402,234,217,451
5111403,186,179,365
5111404,170,163,333
5111405,249,226,475
5111406,262,256,518
5111407,204,225,429
5111408,107,119,226
5111409,231,218,449
5111410,192,179,371
5111411,227,236,463
5111412,203,265,468
5111413,188,181,369
5111414,272,263,535
5111415,249,241,490
5111416,240,191,431
5111417,268,279,547
5111418,0,0,0
5111419,217,244,461
5111420,158,167,325
5111421,157,186,343
5111422,142,97,239
5111423,156,134,290
5111424,137,153,290
5111425,205,237,442
5111426,184,191,375
5111501,93,82,175
5111502,331,333,664
5111503,189,202,391
5111504,197,215,412
5111505,570,543,1113
5111506,276,248,524
5111507,322,318,640
5111508,216,213,429
5111509,0,0,0
5111510,185,188,373
5111511,255,266,521
5111512,172,186,358
5111513,172,170,342
5111514,273,276,549
5111515,201,187,388
5111516,222,230,452
5111601,107,112,219
5111602,120,119,239
5111603,242,274,516
5111604,143,142,285
5111605,148,153,301
5111606,221,226,447
5111607,96,109,205
5111608,249,200,449
5111609,116,105,221
5111610,232,249,481
5111611,221,217,438
5111612,291,281,572
5111613,201,206,407
5111614,169,153,322
5111615,300,300,600
5111616,237,243,480
5111617,120,123,243
5111618,163,177,340
5111701,228,223,451
5111702,423,379,802
5111703,215,192,407
5111704,180,193,373
5111705,433,458,891
5111706,276,303,579
5111707,416,407,823
5111708,224,239,463
5111709,265,244,509
5111710,260,270,530
5111711,105,130,235
5111712,215,214,429
5111713,330,330,660
5111714,283,301,584
5111715,212,223,435
5111716,174,173,347
5111717,181,162,343
5111718,176,175,351
5111801,199,173,372
5111802,201,172,373
5111803,326,321,647
5111804,297,261,558
5111805,179,164,343
5111806,199,189,388
5111807,330,278,608
5111808,205,220,425
5111809,246,210,456
5111810,308,293,601
5111811,401,387,788
5111812,224,233,457
5111813,260,229,489
5111814,312,278,590
5111815,285,290,575
5111816,236,264,500
5111817,297,389,686
5111818,340,372,712
5111819,210,238,448
5111820,369,326,695
5111821,250,234,484
5111822,196,198,394
5111823,244,236,480
5111824,296,264,560
5111825,330,322,652
5111901,166,148,314
5111902,181,178,359
5111903,138,139,277
5111904,301,248,549
5111905,0,0,0
5111906,3,0,3
5111907,123,115,238
5111908,210,222,432
5111909,338,302,640
5111910,164,170,334
5111911,215,230,445
5111912,168,170,338
5111913,153,160,313
5111914,203,192,395
5111915,159,161,320
5111916,202,187,389
5111917,201,210,411
5111918,227,240,467
5111919,242,204,446
5111920,213,226,439
5111921,134,138,272
5111922,244,236,480
5111923,184,155,339
5111924,229,195,424
5111925,205,178,383
5111926,277,226,503
5111927,174,155,329
5111928,146,175,321
5111929,164,157,321
5111930,244,259,503
5111931,181,186,367
5111932,226,225,451
5111933,203,206,409
5111934,183,173,356
5111935,353,346,699
5111936,189,201,390
5111937,188,182,370
5111938,170,182,352
5111939,157,131,288
5111940,158,160,318
5112001,3,0,3
5112101,51,3,54
5112201,115,161,276
5112202,211,219,430
5112203,188,183,371
5112204,233,215,448
5112205,225,218,443
5112206,314,320,634
5112207,174,189,363
5112208,353,342,695
5112209,197,191,388
5112210,149,175,324
5112211,205,196,401
5112212,195,209,404
5112213,345,310,655
5112214,185,167,352
5112215,273,255,528
5112216,186,149,335
5112217,187,187,374
5112218,191,203,394
5112219,259,232,491
5112220,160,164,324
5112221,467,369,836
5112222,335,261,596
5112223,148,110,258
5112224,177,215,392
5112225,294,268,562
5112226,218,184,402
5112227,243,225,468
5112228,243,273,516
5112229,213,181,394
5112230,247,277,524
5112231,183,225,408
5112232,191,218,409
5112233,315,291,606
5112234,289,250,539
5112235,173,174,347
5112236,223,229,452
5112237,242,266,508
5112238,195,181,376
5112239,371,298,669
5112240,349,318,667
5112241,192,187,379
5112242,219,235,454
5112243,194,227,421
5112244,156,158,314
5112245,187,193,380
5112246,301,272,573
5112247,162,177,339
5112248,221,219,440
5112301,123,127,250
5112302,136,154,290
5112303,260,229,489
5112304,190,195,385
5112305,150,147,297
5112306,180,176,356
5112307,243,240,483
5112308,358,318,676
5112309,258,201,459
5112310,479,415,894
5112311,275,266,541
5112312,206,198,404
5112313,133,144,277
5112314,227,217,444
5112315,212,216,428
5112316,240,216,456
5112317,163,185,348
5112318,335,323,658
5112319,177,142,319
5112320,256,229,485
5112321,145,146,291
5112322,184,201,385
5112323,205,198,403
5112324,130,134,264
5112325,360,336,696
5112326,273,231,504
5112327,227,195,422
5112328,288,214,502
5112329,206,138,344
5112330,198,150,348
5112331,0,0,0
5112332,274,246,520
5112401,184,193,377
5112402,189,198,387
5112403,192,231,423
5112404,256,210,466
5112405,254,208,462
5112406,289,274,563
5112407,142,165,307
5112408,177,182,359
5112409,437,442,879
5112410,242,219,461
5112411,335,264,599
5112412,227,252,479
5112413,193,169,362
5112414,115,190,305
5112415,279,275,554
5112416,312,312,624
5112417,136,398,534
5112418,311,273,584
5112419,271,291,562
5112420,237,625,862
5112421,161,163,324
5112422,208,208,416
5112423,270,279,549
5112424,142,152,294
5112425,396,376,772
5112426,396,275,671
5112427,269,223,492
5112428,331,357,688
5112429,149,135,284
5112430,292,263,555
5112431,209,184,393
5112432,280,294,574
5112433,200,147,347
5112434,298,310,608
5112435,256,220,476
5112436,229,201,430
5112437,324,300,624
5112438,338,320,658
5112439,135,125,260
5112501,174,194,368
5112502,190,187,377
5112503,399,407,806
5112504,233,250,483
5112505,165,164,329
5112506,286,302,588
5112507,244,276,520
5112508,252,234,486
5112509,157,169,326
5112510,103,141,244
5112511,219,210,429
5112512,194,194,388
5112513,182,188,370
5112514,178,186,364
5112515,201,223,424
5112516,101,84,185
5112517,236,278,514
5112518,142,120,262
5112519,295,303,598
5112520,200,220,420
5112521,138,128,266
5112522,262,294,556
5112523,277,277,554
5112524,158,143,301
5112601,0,0,0
5112701,175,161,336
5112702,218,226,444
5112703,484,407,891
5112704,236,225,461
5112705,418,365,783
5112706,290,268,558
5112707,308,252,560
5112708,214,210,424
5112709,395,338,733
5112710,351,355,706
5112711,412,369,781
5112712,401,377,778
5112713,442,389,831
5112714,259,257,516
5112715,271,257,528
5112716,196,218,414
5112717,439,385,824
5112718,343,308,651
5112719,212,194,406
5112720,264,260,524
5112721,268,287,555
5112722,141,149,290
5112723,159,150,309
5112724,311,273,584
5112725,279,249,528
5112726,266,270,536
5112801,98,93,191
5112802,164,161,325
5112803,165,153,318
5112804,156,163,319
5112805,160,167,327
5112806,154,137,291
5112807,137,124,261
5112808,0,0,0
5112809,289,304,593
5112810,175,151,326
5112811,134,144,278
5112812,186,200,386
5112813,262,293,555
5112814,202,213,415
5112815,203,182,385
5112816,166,159,325
5112817,326,395,721
5112818,269,254,523
5112819,307,265,572
5112820,177,182,359
5112821,105,112,217
5112822,179,195,374
5112823,187,181,368
5112824,186,191,377
5112825,276,284,560
5112826,221,229,450
5112827,186,166,352
5112828,126,123,249
5112829,162,169,331
5112830,270,274,544
5112831,285,281,566
5112832,267,250,517
5112833,146,147,293
5112834,201,202,403
5112835,230,249,479
5112901,239,246,485
5112902,146,154,300
5112903,190,190,380
5112904,168,196,364
5112905,142,142,284
5112906,293,305,598
5112907,146,148,294
5112908,141,220,361
5112909,209,244,453
5112910,100,77,177
5112911,217,220,437
5112912,235,264,499
5112913,295,316,611
5112914,182,190,372
5112915,173,185,358
5112916,129,154,283
5112917,248,338,586
5112918,154,151,305
5112919,117,104,221
5112920,243,253,496
5112921,223,223,446
5112922,205,197,402
5112923,283,292,575
5112924,211,241,452
5112925,247,261,508
5112926,322,305,627
5112927,265,333,598
5112928,158,172,330
5112929,144,161,305
5112930,120,119,239
5112931,114,106,220
5112932,220,228,448
5112933,76,66,142
5113001,11,6,17
5113101,199,204,403
5113102,245,237,482
5113103,148,174,322
5113104,165,154,319
5113105,244,236,480
5113106,169,173,342
5113107,165,155,320
5113108,250,240,490
5113109,219,256,475
5113110,255,281,536
5113111,161,165,326
5113112,250,234,484
5113113,210,236,446
5113114,223,238,461
5113115,209,196,405
5113116,181,175,356
5113117,183,198,381
5113118,250,266,516
5113119,213,210,423
5113120,285,282,567
5113121,114,130,244
5113122,145,149,294
5113123,244,242,486
5113124,163,152,315
5113125,270,265,535
5113126,197,234,431
5113127,220,213,433
5113128,194,221,415
5113129,288,295,583
5113130,247,251,498
5113131,312,300,612
5113132,290,317,607
5113133,287,271,558
5113134,263,235,498
5113135,172,162,334
5113136,219,215,434
5113137,313,299,612
5113138,272,270,542
5113139,214,205,419
5113201,232,210,442
5113202,192,195,387
5113203,225,184,409
5113204,244,275,519
5113205,269,250,519
5113206,282,289,571
5113207,96,100,196
5113208,114,117,231
5113209,0,0,0
5113210,132,130,262
5113211,263,271,534
5113212,154,148,302
5113213,239,176,415
5113214,211,180,391
5113215,161,142,303
5113216,174,153,327
5113217,298,299,597
5113218,274,251,525
5113219,230,227,457
5113220,168,146,314
5113221,205,194,399
5113222,234,217,451
5113223,219,153,372
5113224,291,287,578
5113225,223,181,404
5113226,297,289,586
5113227,142,170,312
5113228,156,165,321
5113229,185,194,379
5113230,379,348,727
5113231,172,183,355
5113232,238,250,488
5113233,348,310,658
5113234,270,239,509
5113235,176,158,334
5113236,311,263,574
5113237,144,159,303
5113238,241,235,476
5113239,209,188,397
5113240,268,243,511
5113241,91,100,191
5113242,172,176,348
5113243,138,102,240
5113301,198,185,383
5113302,347,344,691
5113303,188,171,359
5113304,485,543,1028
5113305,320,303,623
5113306,156,166,322
5113307,206,218,424
5113308,610,568,1178
5113309,181,179,360
5113310,282,257,539
5113311,183,189,372
5113312,241,211,452
5113313,263,262,525
5113314,545,599,1144
5113315,443,415,858
5113316,291,295,586
5113317,249,240,489
5113318,329,365,694
5113319,398,417,815
5113320,433,449,882
5113321,468,498,966
5113322,266,267,533
5113323,214,218,432
5113324,246,282,528
5113325,184,178,362
5113326,154,165,319
5113327,178,179,357
5113328,291,267,558
5113329,159,158,317
5113330,363,415,778
5113331,303,321,624
5113332,148,149,297
5113333,478,463,941
5113334,0,0,0
5113335,771,3,774
5113401,115,116,231
5113402,175,168,343
5113403,248,263,511
5113404,149,133,282
5113405,103,238,341
5113406,195,201,396
5113407,134,123,257
5113408,205,275,480
5113409,178,157,335
5113410,183,163,346
5113411,267,254,521
5113412,199,216,415
5113413,220,190,410
5113414,335,351,686
5113415,3,3,6
5113416,307,352,659
5113417,178,169,347
5113418,210,205,415
5113419,104,124,228
5113420,230,243,473
5113421,264,297,561
5113422,212,183,395
5113423,54,66,120
5113424,289,245,534
5113425,240,197,437
5113426,239,202,441
5113427,231,229,460
5113428,180,170,350
5113429,166,172,338
5113430,185,170,355
5113431,139,125,264
5113432,217,189,406
5113433,313,344,657
5113434,210,205,415
5113435,135,145,280
5113436,274,335,609
5113437,166,146,312
5113438,317,294,611
5113439,254,255,509
5113440,235,196,431
5113441,335,340,675
5113442,232,336,568
5113443,245,237,482
5113444,217,211,428
5113445,221,229,450
5113446,209,188,397
5113501,255,244,499
5113502,216,213,429
5113503,120,132,252
5113504,339,366,705
5113505,332,353,685
5113506,450,452,902
5113507,259,261,520
5113508,251,244,495
5113509,250,270,520
5113510,207,216,423
5113511,257,264,521
5113512,336,346,682
5113513,328,305,633
5113514,317,340,657
5113515,359,340,699
5113516,413,417,830
5113517,168,196,364
5113518,214,245,459
5113519,173,161,334
5113520,123,105,228
5113521,195,197,392
5113522,393,400,793
5113523,289,307,596
5113524,182,168,350
5113525,61,68,129
5113526,724,698,1422
5113601,137,112,249
5113602,190,174,364
5113603,154,125,279
5113604,212,181,393
5113605,99,87,186
5113606,302,272,574
5113607,132,133,265
5113608,226,240,466
5113609,209,209,418
5113610,152,138,290
5113611,221,195,416
5113612,199,161,360
5113613,209,312,521
5113614,310,311,621
5113615,307,317,624
5113616,242,241,483
5113617,174,187,361
5113618,268,265,533
5113619,208,156,364
5113620,246,224,470
5113621,272,311,583
5113622,78,63,141
5113623,118,115,233
5113624,173,164,337
5113625,234,305,539
5113626,155,132,287
5113627,156,134,290
5113628,207,201,408
5113629,380,354,734
5113701,143,142,285
5113702,196,216,412
5113703,181,190,371
5113704,249,228,477
5113705,240,209,449
5113706,243,220,463
5113707,135,154,289
5113708,268,303,571
5113709,294,313,607
5113710,139,154,293
5113711,194,198,392
5113712,215,202,417
5113713,190,224,414
5113714,149,156,305
5113715,177,199,376
5113716,193,184,377
5113717,194,217,411
5113718,213,252,465
5113719,290,283,573
5113720,120,137,257
5113721,244,240,484
5113722,132,122,254
5113723,225,234,459
5113724,276,275,551
5113725,171,208,379
5113726,229,250,479
5113727,159,164,323
5113728,217,218,435
5113729,198,182,380
5113730,203,191,394
5113731,245,257,502
5113732,219,196,415
5113733,127,126,253
5113734,192,204,396
5113735,182,186,368
5113736,390,383,773
5113737,201,178,379
5113738,177,173,350
5113739,268,247,515
5113740,181,189,370
5113741,159,157,316
5113742,178,192,370
5113743,170,179,349
5113744,176,176,352
5113745,163,145,308
5113746,101,112,213
5113747,160,197,357
5113748,277,256,533
5113749,211,238,449
5113750,183,147,330
5113751,228,219,447
5113752,119,118,237
5113753,163,128,291
5113754,144,157,301
5113755,254,264,518
5113756,95,101,196
5113757,181,186,367
5113758,178,198,376
5113759,0,0,0
5113801,89,101,190
5113802,470,446,916
5113803,237,260,497
5113804,282,273,555
5113805,455,495,950
5113806,0,0,0
5113807,197,200,397
5113808,163,221,384
5113809,119,124,243
5113810,185,173,358
5113811,165,164,329
5113812,133,116,249
5113813,235,260,495
5113814,249,318,567
5113815,205,216,421
5113816,102,105,207
5113817,0,0,0
5113818,171,176,347
5113819,231,223,454
5113820,196,212,408
5113821,208,211,419
5113822,287,257,544
5113823,207,184,391
5113824,146,150,296
5113825,246,231,477
5113826,264,256,520
5113827,163,144,307
5113828,169,194,363
5113829,374,393,767
5113830,402,420,822
5113831,178,173,351
5113832,228,240,468
5113833,271,272,543
5113834,200,217,417
5113835,179,163,342
5113836,208,205,413
5113837,252,265,517
5113838,0,0,0
5113839,0,0,0
5113901,143,134,277
5113902,256,287,543
5113903,273,257,530
5113904,252,265,517
5113905,364,348,712
5113906,379,440,819
5113907,173,157,330
5113908,213,191,404
5113909,210,207,417
5113910,126,128,254
5113911,292,307,599
5113912,434,458,892
5113913,193,178,371
5113914,186,184,370
5113915,235,211,446
5113916,140,114,254
5113917,150,139,289
5113918,281,299,580
5113919,242,216,458
5113920,238,230,468
5113921,236,243,479
5113922,261,237,498
5113923,286,276,562
5113924,188,191,379
5113925,166,163,329
5114001,255,250,505
5114002,205,207,412
5114003,194,198,392
5114004,185,157,342
5114005,201,217,418
5114006,193,267,460
5114007,173,175,348
5114008,165,195,360
5114009,277,279,556
5114010,167,195,362
5114011,120,126,246
5114012,224,233,457
5114013,247,275,522
5114014,162,171,333
5114015,283,244,527
5114016,313,321,634
5114017,231,213,444
5114018,191,183,374
5114019,244,256,500
5114020,184,169,353
5114021,215,216,431
5114022,177,172,349
5114023,185,243,428
5114024,254,281,535
5114025,151,130,281
5114026,211,236,447
5114027,247,284,531
5114028,202,202,404
5114029,123,129,252
5114030,150,137,287
5114031,144,138,282
5114032,352,340,692
5114033,208,198,406
5114034,322,324,646
5114035,6,3,9
5114101,5,4,9
5114102,76,58,134
5114103,186,230,416
5114104,229,226,455
5114105,199,217,416
5114106,172,192,364
5114107,158,166,324
5114108,273,291,564
5114109,132,133,265
5114110,229,219,448
5114111,166,157,323
5114112,174,158,332
5114113,225,207,432
5114114,226,227,453
5114115,87,83,170
5114116,208,180,388
5114117,133,131,264
5114118,138,145,283
5114119,165,184,349
5114120,245,120,365
5114121,221,209,430
5114122,136,123,259
5114123,93,103,196
5114124,179,171,350
5114125,182,188,370
5114126,227,234,461
5114127,187,360,547
5114128,151,176,327
5114129,148,147,295
5114130,131,135,266
5114131,238,253,491
5114132,131,158,289
5114133,154,133,287
5114201,173,193,366
5114202,816,821,1637
5114203,392,433,825
5114204,396,406,802
5114205,227,200,427
5114206,284,246,530
5114207,140,166,306
5114208,359,386,745
5114209,577,597,1174
5114210,144,139,283
5114211,305,278,583
5114212,90,85,175
5114213,145,157,302
5114301,139,133,272
5114302,175,144,319
5114303,156,147,303
5114304,200,200,400
5114305,286,283,569
5114306,121,129,250
5114307,155,169,324
5114308,241,228,469
5114309,157,167,324
5114310,143,142,285
5114311,204,195,399
5114312,301,301,602
5114313,231,253,484
5114314,198,199,397
5114315,146,135,281
5114401,237,0,237
5114402,128,118,246
5114403,216,201,417
5114404,171,166,337
5114405,140,139,279
5114406,206,217,423
5114407,185,165,350
5114408,133,127,260
5114409,158,139,297
5114410,54,46,100
5114411,164,156,320
5114412,177,192,369
5114413,156,165,321
5114501,132,118,250
5114502,241,325,566
5114503,163,176,339
5114504,227,240,467
5114505,280,330,610
5114506,226,252,478
5114507,152,179,331
5114508,282,302,584
5114509,181,188,369
5114510,236,244,480
5114511,220,247,467
5114512,146,168,314
5114513,203,214,417
5114514,205,243,448
5114515,218,264,482
5114516,60,259,319
5114517,245,264,509
5114518,244,267,511
5114519,189,218,407
5114520,179,263,442
5114521,227,258,485
5114522,198,219,417
5114523,276,288,564
5114524,214,239,453
5114525,247,252,499
5114526,229,239,468
5114527,161,193,354
5114528,197,184,381
5114529,165,160,325
5114530,323,339,662
5114531,0,0,0
5114601,171,156,327
5114602,128,93,221
5114603,163,170,333
5114604,312,273,585
5114605,325,246,571
5114606,304,423,727
5114607,169,131,300
5114608,178,243,421
5114609,146,138,284
5114610,235,223,458
5114611,139,118,257
5114612,260,249,509
5114613,236,340,576
5114614,224,253,477
5114615,185,181,366
5114616,176,169,345
5114617,283,315,598
5114618,153,163,316
5114619,107,118,225
5114620,176,168,344
5114621,289,306,595
5114622,132,155,287
5114623,152,154,306
5114624,135,169,304
5114625,133,135,268
5114626,167,190,357
5114627,208,217,425
5114628,0,0,0
5114629,189,5,194
5114630,0,0,0
5114701,248,253,501
5114702,230,300,530
5114703,281,268,549
5114704,182,210,392
5114705,195,196,391
5114706,277,328,605
5114707,152,160,312
5114708,254,234,488
5114709,119,102,221
5114710,301,286,587
5114711,225,114,339
5114712,243,244,487
5114713,208,232,440
5114714,203,241,444
5114715,169,184,353
5114716,206,191,397
5114717,232,198,430
5114718,232,230,462
5114719,120,111,231
5114720,288,323,611
5114721,0,0,0
5114722,295,207,502
5114723,120,114,234
5114724,162,170,332
5114725,175,181,356
5114726,352,345,697
5114727,233,241,474
5114728,251,236,487
5114729,203,181,384
5114730,196,189,385
5114731,141,109,250
5114732,219,216,435
5114733,126,137,263
5114734,143,158,301
5114735,124,158,282
5114736,261,267,528
5114737,184,207,391
5114738,0,0,0
5114739,116,101,217
5114740,157,162,319
5114741,111,123,234
5114742,182,199,381
5114743,122,112,234
5114801,1119,1115,2234
5114802,977,940,1917
5114803,286,273,559
5114804,505,521,1026
5114805,542,590,1132
5114806,349,380,729
5114807,138,144,282
5114808,280,281,561
5114809,318,345,663
5114810,253,248,501
5114811,319,298,617
5114812,196,185,381
5114813,173,159,332
5114814,147,138,285
5114815,163,162,325
5114816,334,348,682
5114817,236,258,494
5114818,268,277,545
5114819,277,287,564
5114820,170,199,369
5114901,149,128,277
5114902,46,46,92
5114903,200,209,409
5114904,232,233,465
5114905,179,165,344
5114906,245,246,491
5114907,138,149,287
5114908,231,213,444
5114909,218,266,484
5114910,305,320,625
5114911,231,243,474
5114912,186,185,371
5114913,232,216,448
5114914,235,223,458
5114915,134,151,285
5115001,14,6,20
5115101,0,0,0
5115201,349,367,716
5115202,227,234,461
5115203,156,145,301
5115204,231,255,486
5115205,224,218,442
5115206,225,218,443
5115207,318,292,610
5115208,136,139,275
5115209,257,284,541
5115210,92,104,196
5115211,293,312,605
5115212,334,353,687
5115213,157,154,311
5115214,162,190,352
5115215,224,214,438
5115216,342,320,662
5115301,208,235,443
5115302,127,153,280
5115303,230,229,459
5115304,158,153,311
5115305,163,157,320
5115306,251,267,518
5115307,199,168,367
5115308,199,210,409
5115309,171,158,329
5115310,167,170,337
5115311,155,147,302
5115312,200,214,414
5115313,131,134,265
5115314,134,149,283
5115315,208,204,412
5115316,197,177,374
5115317,205,212,417
5115318,249,292,541
5115319,220,225,445
5115320,226,282,508
5115401,191,166,357
5115402,201,197,398
5115403,225,223,448
5115404,275,336,611
5115405,168,167,335
5115406,148,183,331
5115407,271,283,554
5115408,232,266,498
5115409,209,175,384
5115410,320,281,601
5115411,281,265,546
5115412,292,351,643
5115413,309,284,593
5115414,279,232,511
5115415,208,187,395
5115416,240,232,472
5115417,137,151,288
5115418,168,197,365
5115419,142,165,307
5115420,269,323,592
5115421,318,310,628
5115501,10,4,14
5115601,282,280,562
5115602,151,152,303
5115603,0,0,0
5115604,119,121,240
5115605,124,130,254
5115606,143,132,275
5115607,270,306,576
5115608,160,146,306
5115701,222,0,222
5115801,76,81,157
5115802,200,193,393
5115803,12,19,31
5115901,171,171,342
5115902,160,166,326
5115903,117,120,237
5115904,230,239,469
5115905,185,204,389
5115906,180,313,493
5115907,231,202,433
5115908,235,247,482
5115909,232,233,465
5115910,256,262,518
5115911,239,240,479
5115912,364,331,695
5115913,182,151,333
5115914,164,174,338
5115915,177,152,329
5115916,305,322,627
5115917,187,177,364
5115918,243,241,484
5115919,345,328,673
5115920,263,277,540
5115921,212,191,403
5115922,144,158,302
5115923,176,174,350
5115924,258,264,522
5115925,227,225,452
5116001,235,232,467
5116002,263,263,526
5116003,114,118,232
5116004,217,204,421
5116005,163,175,338
5116006,158,167,325
5116007,193,183,376
5116008,125,126,251
5116009,207,230,437
5116010,226,214,440
5116011,304,286,590
5116012,117,148,265
5116013,259,253,512
5116014,171,213,384
5116015,167,158,325
5116016,197,165,362
5116017,193,211,404
5116018,173,156,329
5116019,175,177,352
5116020,256,279,535
5116021,121,111,232
5116022,180,177,357
5116023,273,352,625
5116101,124,97,221
5116102,223,233,456
5116103,192,194,386
5116104,554,543,1097
5116105,189,190,379
5116106,177,162,339
5116107,117,118,235
5116108,276,287,563
5116109,322,354,676
5116110,203,212,415
5116111,617,550,1167
5116112,95,95,190
5116113,409,373,782
5116114,178,180,358
5116115,276,244,520
5116116,219,212,431
5116117,249,248,497
5116118,138,161,299
5116119,179,174,353
5116120,263,354,617
5116121,212,241,453
5116122,259,251,510
5116201,91,82,173
5116202,222,176,398
5116301,122,107,229
5116302,370,374,744
5116303,308,300,608
5116304,0,0,0
5116305,208,182,390
5116306,117,112,229
5116307,258,253,511
5116308,145,151,296
5116309,263,249,512
5116310,148,130,278
5116311,311,295,606
5116312,174,174,348
5116313,175,159,334
5116314,229,259,488
5116315,125,124,249
5116316,234,245,479
5116317,265,248,513
5116318,153,156,309
5116401,179,188,367
5116402,160,168,328
5116403,133,130,263
5116404,147,166,313
5116405,177,166,343
5116406,188,209,397
5116407,208,215,423
5116408,238,248,486
5116409,261,261,522
5116410,288,358,646
5116411,178,170,348
5116412,188,202,390
5116413,171,192,363
5116414,206,256,462
5116415,190,203,393
5116416,270,282,552
5116417,164,170,334
5116501,0,0,0
5116502,311,318,629
5116503,316,320,636
5116504,267,304,571
5116505,204,204,408
5116506,178,165,343
5116507,243,315,558
5116508,205,121,326
5116509,281,297,578
5116510,207,211,418
5116511,205,206,411
5116512,137,160,297
5116513,253,219,472
5116514,190,136,326
5116515,307,315,622
5116516,274,256,530
5116517,306,331,637
5116518,231,241,472
5116519,278,261,539
5116520,151,201,352
5116521,172,169,341
5116522,275,257,532
5116523,117,145,262
5116524,113,106,219
5116525,62,52,114
5116526,247,280,527
5116527,201,185,386
5116528,258,320,578
5116529,118,138,256
5116530,184,178,362
5116531,119,92,211
5116532,165,172,337
5116601,15,10,25
5116602,162,143,305
5116603,103,107,210
5116604,208,219,427
5116605,247,230,477
5116606,0,0,0
5116607,233,251,484
5116608,310,316,626
5116609,255,258,513
5116610,320,289,609
5116611,160,192,352
5116612,166,225,391
5116613,250,296,546
5116614,196,196,392
5116615,132,153,285
5116616,141,155,296
5116617,188,192,380
5116618,180,174,354
5116619,173,254,427
5116620,154,169,323
5116621,95,98,193
5116622,162,194,356
5116623,158,176,334
5116624,186,184,370
5116625,255,293,548
5116626,172,201,373
5116627,52,54,106
5116628,269,272,541
5116629,127,131,258
5116630,140,174,314
5116631,135,151,286
5116632,166,164,330
5116633,225,228,453
5116634,355,370,725
5116635,270,272,542
5116636,134,153,287
5116701,0,0,0
5116702,0,0,0
5116801,170,153,323
5116802,33,30,63
5116803,100,93,193
5116804,148,108,256
5116805,151,146,297
5116901,606,627,1233
5116902,232,276,508
5116903,0,0,0
5116904,160,177,337
5116905,104,127,231
5116906,0,0,0
5116907,249,257,506
5116908,276,283,559
5116909,286,283,569
5116910,255,268,523
5116911,528,481,1009
5116912,265,269,534
5116913,218,206,424
5116914,284,280,564
5116915,407,422,829
5117001,304,313,617
5117002,0,0,0
5117003,281,389,670
5117004,178,180,358
5117005,172,180,352
5117006,266,282,548
5117007,149,134,283
5117008,271,262,533
5117009,289,290,579
5117010,191,185,376
5117011,169,177,346
5117012,208,222,430
5117013,199,220,419
5117014,290,303,593
5117015,298,310,608
5117016,336,319,655
5117017,3,0,3
5117101,297,242,539
5117102,571,0,571
5117103,258,220,478
5117104,183,166,349
5117201,0,0,0
5117202,43,65,108
5117301,9,0,9
5117401,145,152,297
5117402,126,157,283
5117403,9,10,19
5117404,173,165,338
5117405,0,0,0
5117406,266,277,543
5117407,144,124,268
5117408,127,126,253
5117409,114,126,240
5117410,231,227,458
5117411,264,259,523
5117412,217,230,447
5117413,257,271,528
5117414,324,359,683
5117415,182,170,352
5117416,146,135,281
5117417,190,169,359
5117418,281,285,566
5117419,123,129,252
5117420,317,312,629
5117421,154,142,296
5117422,327,328,655
5117423,307,294,601
5117424,198,175,373
5117425,204,168,372
5117426,208,199,407
5117427,172,171,343
5117428,245,241,486
5117501,180,196,376
5117502,222,232,454
5117503,282,253,535
5117504,266,303,569
5117505,192,223,415
5117506,142,182,324
5117507,175,193,368
5117508,255,253,508
5117509,238,236,474
5117510,221,233,454
5117511,251,234,485
5117512,183,188,371
5117513,155,176,331
5117514,204,251,455
5117515,232,225,457
5117516,249,286,535
5117517,257,274,531
5117518,250,288,538
5117519,170,169,339
5117520,236,285,521
5117521,178,205,383
5117522,158,166,324
5117523,268,296,564
5117524,143,178,321
5117601,201,204,405
5117602,186,250,436
5117603,237,247,484
5117604,163,168,331
5117605,125,112,237
5117606,256,231,487
5117607,285,289,574
5117608,137,131,268
5117609,258,256,514
5117701,160,173,333
5117702,221,223,444
5117703,234,269,503
5117704,183,200,383
5117705,179,177,356
5117706,175,201,376
5117707,162,218,380
5117708,217,255,472
5117709,212,216,428
5117710,175,218,393
5117711,155,175,330
5117712,166,186,352
5117713,344,336,680
5117714,141,153,294
5117715,187,245,432
5117716,193,224,417
5117717,235,256,491
5117718,247,260,507
5117719,236,281,517
5117720,192,252,444
5117721,202,255,457
5117722,125,117,242
5117723,158,214,372
5117724,237,242,479
5117725,196,246,442
5117726,186,199,385
5117727,212,228,440
5117728,314,354,668
5117729,167,200,367
5117730,236,324,560
5117801,293,280,573
5117802,223,256,479
5117803,146,139,285
5117804,221,228,449
5117805,229,271,500
5117806,226,240,466
5117807,262,314,576
5117808,192,201,393
5117809,271,290,561
5117810,206,188,394
5117811,233,243,476
5117812,250,255,505
5117813,230,258,488
5117814,124,157,281
5117815,349,398,747
5117816,150,156,306
5117817,172,248,420
5117818,189,189,378
5117819,135,118,253
5117820,244,263,507
5117821,135,152,287
5117822,196,249,445
5117823,199,235,434
5117824,196,207,403
5117825,177,215,392
5117826,325,297,622
5117827,326,389,715
5117828,101,100,201
5117829,231,248,479
5117830,170,212,382
5117831,208,264,472
5117901,131,122,253
5117902,199,202,401
5117903,245,258,503
5117904,94,126,220
5117905,291,279,570
5117906,187,187,374
5117907,126,235,361
5117908,207,239,446
5117909,166,187,353
5117910,219,213,432
5117911,222,267,489
5117912,304,343,647
5117913,272,264,536
5117914,198,215,413
5117915,166,169,335
5117916,292,280,572
5117917,310,321,631
5118001,150,144,294
5118002,157,145,302
5118003,194,236,430
5118004,144,147,291
5118005,129,136,265
5118006,247,235,482
5118007,157,157,314
5118008,261,252,513
5118009,177,179,356
5118010,136,141,277
5118011,195,191,386
5118012,272,270,542
5118013,158,153,311
5118014,158,146,304
5118015,294,277,571
5118016,215,228,443
5118017,233,226,459
5118018,107,113,220
5118019,174,191,365
5118020,300,292,592
5118021,265,241,506
5118022,182,172,354
5118023,113,111,224
5118024,117,129,246
5118025,92,100,192
5118026,0,0,0
5118027,116,117,233
5118028,140,153,293
5118029,256,284,540
5118030,134,118,252
5118031,135,124,259
5118032,133,143,276
5118101,162,200,362
5118102,213,229,442
5118103,210,200,410
5118104,256,243,499
5118105,198,214,412
5118106,211,240,451
5118107,273,284,557
5118108,205,234,439
5118109,213,247,460
5118110,204,218,422
5118111,295,301,596
5118112,279,315,594
5118113,271,292,563
5118114,199,230,429
5118115,198,225,423
5118116,251,250,501
5118117,119,112,231
5118118,293,308,601
5118119,215,346,561
5118120,302,324,626
5118121,256,264,520
5118122,211,249,460
5118123,232,241,473
5118124,296,314,610
5118125,308,324,632
5118126,255,257,512
5118127,102,149,251
5118128,149,169,318
5118129,215,214,429
5118130,299,333,632
5118131,244,354,598
5118132,213,243,456
5118201,270,270,540
5118202,239,249,488
5118203,99,117,216
5118204,199,203,402
5118205,143,168,311
5118206,198,224,422
5118207,202,203,405
5118208,188,213,401
5118209,204,221,425
5118210,280,281,561
5118211,115,112,227
5118212,220,204,424
5118213,410,599,1009
5118214,216,230,446
5118215,137,133,270
5118216,159,174,333
5118217,216,203,419
5118218,202,191,393
5118219,151,164,315
5118220,182,194,376
5118221,278,266,544
5118222,171,185,356
5118223,267,273,540
5118224,344,322,666
5118225,156,160,316
5118226,149,144,293
5118227,290,319,609
5118228,205,194,399
5118301,212,225,437
5118302,284,347,631
5118303,170,215,385
5118304,223,221,444
5118305,197,176,373
5118306,276,334,610
5118307,148,193,341
5118308,278,372,650
5118309,187,202,389
5118310,264,243,507
5118401,155,146,301
5118402,142,127,269
5118403,237,275,512
5118404,210,204,414
5118405,133,125,258
5118406,151,151,302
5118407,0,0,0
5118408,153,164,317
5118409,265,275,540
5118410,266,250,516
5118411,209,186,395
5118412,108,121,229
5118413,163,170,333
5118414,176,201,377
5118415,133,142,275
5118416,132,135,267
5118417,152,149,301
5118418,298,296,594
5118501,0,0,0
5118502,669,676,1345
5118503,339,342,681
5118504,569,593,1162
5118505,679,704,1383
5118506,173,175,348
5118507,125,129,254
5118508,127,120,247
5118509,195,195,390
5118510,192,178,370
5118511,318,320,638
5118512,179,162,341
5118513,173,167,340
5118514,147,136,283
5118515,495,487,982
5118516,144,140,284
5118517,266,312,578
5118518,130,168,298
5118519,201,211,412
5118520,190,190,380
5118521,287,300,587
5118522,583,597,1180
5118523,695,768,1463
5118524,1128,1105,2233
5118525,198,208,406
5118601,176,181,357
5118602,281,287,568
5118603,199,205,404
5118604,270,280,550
5118605,305,281,586
5118606,180,214,394
5118607,137,149,286
5118608,106,153,259
5118609,265,306,571
5118610,205,250,455
5118611,173,177,350
5118612,172,165,337
5118613,169,160,329
5118614,143,115,258
5118615,154,168,322
5118616,246,264,510
5118617,225,206,431
5118618,158,141,299
5118619,166,177,343
5118620,242,263,505
5118621,246,248,494
5118701,149,135,284
5118702,145,135,280
5118703,234,198,432
5118704,275,280,555
5118705,213,265,478
5118706,124,130,254
5118707,284,313,597
5118708,165,159,324
5118709,253,261,514
5118710,217,207,424
5118711,232,227,459
5118712,357,373,730
5118713,267,247,514
5118714,193,228,421
5118715,225,231,456
5118716,166,172,338
5118717,239,238,477
5118718,237,322,559
5118719,262,265,527
5118720,203,213,416
5118721,436,431,867
5118722,0,0,0
5118723,43,34,77
5118724,16,5,21
5118725,167,177,344
5118726,198,209,407
5118727,143,159,302
5118728,165,158,323
5118729,179,179,358
5118730,180,186,366
5118731,153,164,317
5118732,248,240,488
5118733,343,325,668
5118734,270,248,518
5118801,0,0,0
5118802,143,128,271
5118803,184,139,323
5118804,223,263,486
5118805,221,248,469
5118806,100,171,271
5118807,285,257,542
5118808,380,310,690
5118809,157,130,287
5118810,316,304,620
5118811,267,370,637
5118812,155,166,321
5118813,229,185,414
5118814,268,301,569
5118815,235,243,478
5118816,204,319,523
5118817,0,0,0
5118818,256,306,562
5118819,440,73,513
5118820,128,136,264
5118821,316,318,634
5118822,232,213,445
5118823,64,49,113
5118824,177,193,370
5118825,346,376,722
5118826,239,237,476
5118827,202,204,406
5118828,231,212,443
5118829,361,337,698
5118830,206,206,412
5118831,242,240,482
5118832,189,186,375
5118833,24,16,40
5118834,185,176,361
5118835,308,307,615
5118901,7,6,13
5119001,228,216,444
5119002,241,243,484
5119003,220,241,461
5119004,208,209,417
5119005,151,139,290
5119006,169,157,326
5119007,281,256,537
5119008,282,291,573
5119009,201,226,427
5119010,203,198,401
5119011,264,256,520
5119012,207,213,420
5119013,231,199,430
5119014,173,174,347
5119015,237,242,479
5119016,116,95,211
5119017,228,256,484
5119018,175,166,341
5119019,182,195,377
5119020,148,161,309
5119021,190,205,395
5119022,165,164,329
5119023,190,251,441
5119024,141,146,287
5119025,221,242,463
5119026,516,532,1048
5119101,319,322,641
5119102,145,172,317
5119103,269,263,532
5119104,195,193,388
5119105,150,133,283
5119106,186,190,376
5119107,184,155,339
5119108,151,160,311
5119109,271,254,525
5119110,335,313,648
5119111,367,349,716
5119112,353,331,684
5119113,426,343,769
5119114,248,237,485
5119115,164,174,338
5119116,318,331,649
5119117,143,147,290
5119118,293,284,577
5119119,207,205,412
5119120,424,369,793
5119121,599,619,1218
5119122,182,180,362
5119123,147,163,310
5119124,285,306,591
5119125,229,233,462
5119126,251,245,496
5119127,368,354,722
5119128,231,199,430
5119129,336,302,638
5119130,160,142,302
5119201,146,168,314
5119202,212,196,408
5119203,200,209,409
5119204,250,240,490
5119205,148,143,291
5119206,212,229,441
5119207,225,218,443
5119208,151,158,309
5119209,160,177,337
5119210,198,176,374
5119211,175,175,350
5119212,343,349,692
5119213,253,278,531
5119214,152,172,324
5119215,117,140,257
5119216,130,148,278
5119217,325,335,660
5119218,328,329,657
5119219,278,295,573
5119220,283,278,561
5119221,142,155,297
5119222,195,196,391
5119223,227,241,468
5119224,216,213,429
5119225,154,162,316
5119226,187,187,374
5119227,163,173,336
5119228,182,217,399
5119229,133,138,271
5119301,175,179,354
5119302,208,203,411
5119303,151,134,285
5119304,154,140,294
5119305,272,249,521
5119306,119,104,223
5119307,221,223,444
5119308,173,197,370
5119309,250,274,524
5119310,279,283,562
5119311,175,190,365
5119312,150,173,323
5119313,139,114,253
5119314,259,249,508
5119315,149,192,341
5119316,173,187,360
5119317,188,210,398
5119318,159,147,306
5119319,103,115,218
5119320,145,164,309
5119321,170,196,366
5119322,256,251,507
5119323,211,203,414
5119324,228,218,446
5119325,311,311,622
5119326,276,249,525
5119327,207,240,447
5119328,203,201,404
5119401,175,193,368
5119402,102,107,209
5119403,3,0,3
5119404,0,0,0
5119405,165,177,342
5119406,148,174,322
5119407,248,245,493
5119408,302,267,569
5119409,238,228,466
5119410,181,170,351
5119411,148,195,343
5119412,159,186,345
5119413,179,213,392
5119414,158,175,333
5119415,191,201,392
5119416,190,181,371
5119417,244,266,510
5119418,150,152,302
5119419,111,118,229
5119420,203,217,420
5119421,230,205,435
5119422,135,115,250
5119423,121,109,230
5119424,174,184,358
5119425,220,237,457
5119426,147,137,284
5119427,94,103,197
5119428,175,171,346
5119429,97,101,198
5119430,188,200,388
5119431,249,237,486
5119432,146,184,330
5119433,155,122,277
5119434,96,80,176
5119435,131,122,253
5119501,0,0,0
5119502,89,88,177
5119503,119,88,207
5119504,3,3,6
5119505,323,286,609
5119506,290,264,554
5119507,122,112,234
5119508,234,107,341
5119509,141,115,256
5119510,89,72,161
5119511,231,215,446
5119512,264,228,492
5119513,0,4,4
5119514,226,212,438
5119515,145,104,249
5119601,98,94,192
5119602,269,217,486
5119603,202,182,384
5119604,164,163,327
5119605,160,188,348
5119606,157,180,337
5119607,224,213,437
5119608,214,178,392
5119609,184,208,392
5119610,160,182,342
5119611,153,162,315
5119612,193,189,382
5119613,123,99,222
5119614,199,156,355
5119615,113,100,213
5119616,123,98,221
5119701,0,0,0
5119702,62,56,118
5119703,109,120,229
5119704,123,106,229
5119705,235,188,423
5119706,191,143,334
5119707,103,80,183
5119708,251,234,485
5119709,122,134,256
5119710,174,156,330
5119711,165,146,311
5119712,70,56,126
5119713,123,98,221
5119714,106,76,182
5119715,274,236,510
5119801,358,332,690
5119802,223,228,451
5119803,387,267,654
5119804,221,197,418
5119805,214,170,384
5119806,0,0,0
5119807,213,174,387
5119808,136,154,290
5119809,215,196,411
5119810,271,230,501
5119811,249,209,458
5119812,271,252,523
5119813,244,222,466
5119814,244,206,450
5119815,184,189,373
5119816,240,201,441
5119817,196,183,379
5119818,232,214,446
5119901,138,120,258
5119902,51,54,105
5119903,73,58,131
5119904,279,248,527
5119905,172,146,318
5119906,274,155,429
5119907,121,127,248
5119908,219,217,436
5119909,73,55,128
5119910,199,182,381
5119911,211,113,324
5119912,256,244,500
5119913,190,157,347
5119914,304,276,580
5119915,266,237,503
5119916,220,237,457
5119917,401,345,746
5119918,299,279,578
5119919,271,180,451
5119920,322,180,502
5119921,226,220,446
5119922,232,218,450
5119923,294,292,586
5119924,232,211,443
5119925,300,319,619
5119926,407,368,775
5119927,285,257,542
5119928,320,287,607
5119929,196,205,401
5119930,207,203,410
5119931,169,150,319
5119932,208,209,417
5120001,121,121,242
5120002,98,100,198
5120003,133,126,259
5120004,166,185,351
5120005,23,19,42
5120006,190,153,343
5120007,293,306,599
5120008,209,194,403
5120009,0,0,0
5120010,149,139,288
5120011,0,0,0
5120012,173,183,356
5120013,0,0,0
5120014,0,0,0
5120015,118,137,255
5120016,155,160,315
5120017,0,0,0
5120018,185,172,357
5120019,178,180,358
5120020,255,242,497
5120021,204,203,407
5120022,219,202,421
5120023,282,277,559
5120024,203,197,400
5120025,110,103,213
5120026,232,230,462
5120027,227,248,475
5120028,201,191,392
5120029,218,225,443
5120030,274,253,527
5120031,0,0,0
5120101,0,0,0
5120201,203,182,385
5120202,0,0,0
5120203,143,101,244
5120204,162,162,324
5120205,19,12,31
5120206,365,119,484
5120207,16,30,46
5120208,35,47,82
5120209,253,115,368
5120210,235,213,448
5120211,161,169,330
5120212,265,229,494
5120213,211,220,431
5120214,161,151,312
5120215,175,165,340
5120216,148,123,271
5120217,197,184,381
5120218,238,204,442
5120301,0,0,0
5120302,104,101,205
5120303,93,85,178
5120304,80,70,150
5120305,176,126,302
5120306,225,249,474
5120307,265,184,449
5120308,452,60,512
5120309,506,78,584
5120310,48,45,93
5120311,421,357,778
5120312,103,77,180
5120313,342,94,436
5120314,225,192,417
5120315,66,82,148
5120316,91,96,187
5120317,63,65,128
5120318,138,124,262
5120319,37,37,74
5120401,0,0,0
5120501,160,49,209
5120502,3,3,6
5120503,173,160,333
5120504,207,215,422
5120505,227,232,459
5120506,74,38,112
5120507,161,142,303
5120508,86,96,182
5120509,302,338,640
5120510,194,211,405
5120511,171,218,389
5120512,242,236,478
5120513,152,104,256
5120514,111,92,203
5120515,209,219,428
5120516,163,131,294
5120517,129,118,247
5120518,75,53,128
5120519,170,167,337
5120520,168,177,345
5120521,306,282,588
5120522,66,46,112
5120523,251,265,516
5120524,153,164,317
5120525,364,374,738
5120526,166,130,296
5120527,139,127,266
5120528,179,139,318
5120529,177,181,358
5120530,162,147,309
5120531,136,152,288
5120532,202,229,431
5120533,170,187,357
5120534,348,369,717
5120535,341,340,681
5120536,156,149,305
5120601,62,47,109
5120602,66,63,129
5120603,33,39,72
5120604,83,67,150
5120605,92,61,153
5120606,34,36,70
5120607,19,25,44
5120608,17,37,54
5120609,150,170,320
5120610,280,299,579
5120611,91,97,188
5120612,198,181,379
5120613,70,65,135
5120614,53,51,104
5120615,43,40,83
5120616,89,99,188
5120617,126,157,283
5120618,28,28,56
5120619,212,208,420
5120620,122,102,224
5120621,225,223,448
5120622,287,294,581
5120623,302,284,586
5120624,288,299,587
5120625,1556,46,1602
5120626,56,42,98
5120627,59,51,110
5120628,139,168,307
5120629,190,184,374
5120701,166,132,298
5120702,58,63,121
5120703,217,247,464
5120704,170,184,354
5120705,237,269,506
5120706,216,97,313
5120707,119,138,257
5120708,78,72,150
5120709,264,244,508
5120710,84,105,189
5120711,217,191,408
5120801,106,100,206
5120802,123,93,216
5120803,129,134,263
5120804,300,121,421
5120805,388,356,744
5120806,7,17,24
5120807,77,78,155
5120808,146,134,280
5120809,219,248,467
5120810,249,257,506
5120811,443,494,937
5120812,73,66,139
5120813,37,64,101
5120814,323,283,606
5120815,409,384,793
5120816,351,306,657
5120817,385,365,750
5120818,293,255,548
5120901,191,152,343
5120902,291,304,595
5120903,172,162,334
5120904,126,119,245
5120905,142,143,285
5120906,156,119,275
5120907,104,67,171
5121001,240,253,493
5121002,147,155,302
5121003,141,126,267
5121004,220,251,471
5121005,135,144,279
5121006,193,190,383
5121007,223,258,481
5121008,182,197,379
5121009,159,169,328
5121010,132,160,292
5121011,232,233,465
5121012,119,167,286
5121013,253,312,565
5121014,231,259,490
5121015,207,250,457
5121016,104,122,226
5121017,273,264,537
5121018,244,261,505
5121019,204,297,501
5121020,170,196,366
5121021,195,202,397
5121022,232,249,481
5121023,3,0,3
5121024,5,3,8
5121025,189,190,379
5121026,188,170,358
5121027,224,257,481
5121028,154,165,319
5121029,162,161,323
5121030,226,234,460
5121031,75,70,145
5121032,227,208,435
5121033,237,252,489
5121101,343,332,675
5121102,284,266,550
5121103,111,102,213
5121104,266,264,530
5121105,306,343,649
5121106,166,166,332
5121107,133,165,298
5121108,213,209,422
5121109,260,280,540
5121110,135,130,265
5121111,177,213,390
5121112,124,142,266
5121113,251,231,482
5121114,224,215,439
5121115,213,201,414
5121116,179,174,353
5121117,214,212,426
5121118,383,124,507
5121201,209,208,417
5121202,137,121,258
5121203,235,242,477
5121204,223,207,430
5121205,99,96,195
5121206,224,194,418
5121207,179,196,375
5121208,326,300,626
5121209,183,178,361
5121210,152,137,289
5121211,215,212,427
5121212,176,170,346
5121213,179,162,341
5121214,185,186,371
5121215,110,95,205
5121216,175,193,368
5121217,181,172,353
5121218,109,130,239
5121301,221,226,447
5121302,245,268,513
5121303,265,249,514
5121304,184,160,344
5121305,208,225,433
5121306,231,225,456
5121307,197,202,399
5121308,301,324,625
5121309,240,251,491
5121310,215,212,427
5121311,265,263,528
5121312,218,227,445
5121313,279,281,560
5121314,143,148,291
5121315,246,250,496
5121316,332,386,718
5121317,109,121,230
5121318,198,208,406
5121319,247,250,497
5121320,183,160,343
5121401,81,74,155
5121402,279,251,530
5121403,0,0,0
5121404,264,277,541
5121405,238,219,457
5121406,203,220,423
5121407,209,167,376
5121408,217,208,425
5121409,158,162,320
5121410,177,163,340
5121501,60,54,114
5121502,39,38,77
5121503,239,261,500
5121504,114,118,232
5121505,30,46,76
5121506,152,139,291
5121507,279,126,405
5121508,131,97,228
5121509,273,259,532
5121510,633,156,789
5121511,430,137,567
5121512,25,18,43
5121513,54,51,105
5121514,93,20,113
5121601,191,200,391
5121602,211,197,408
5121603,128,116,244
5121604,132,107,239
5121605,89,95,184
5121606,146,142,288
5121607,144,131,275
5121608,77,62,139
5121609,61,57,118
5121610,517,203,720
5121611,116,91,207
5121612,124,103,227
5121613,86,75,161
5121614,162,131,293
5121615,187,169,356
5121616,134,122,256
5121701,69,62,131
5121702,16,15,31
5121703,117,96,213
5121704,94,91,185
5121705,181,189,370
5121706,98,88,186
5121707,155,154,309
5121708,145,131,276
5121709,166,158,324
5121710,119,116,235
5121711,159,148,307
5121712,191,178,369
5121713,139,148,287
5121714,186,151,337
5121715,110,99,209
5121716,236,243,479
5121717,230,210,440
5121718,183,179,362
5121719,0,0,0
5121720,204,154,358
5121721,121,53,174
5121722,104,78,182
5121801,211,182,393
5121802,225,170,395
5121803,318,248,566
5121804,176,160,336
5121805,214,182,396
5121806,388,263,651
5121807,1861,471,2332
5121808,316,276,592
5121809,245,241,486
5121810,228,223,451
5121811,219,154,373
5121812,1401,309,1710
5121813,369,282,651
5121814,351,315,666
5121901,84,94,178
5121902,78,77,155
5121903,5,3,8
5121904,66,63,129
5121905,184,173,357
5121906,13,10,23
5121907,105,103,208
5121908,53,53,106
5121909,102,114,216
5121910,45,37,82
5121911,763,121,884
5121912,91,84,175
5121913,1561,287,1848
5121914,42,29,71
5121915,1130,202,1332
5121916,658,149,807
5121917,894,268,1162
5122001,210,188,398
5122002,265,215,480
5122003,131,128,259
5122004,96,92,188
5122005,123,107,230
5122006,185,158,343
5122007,3,3,6
5122008,6,8,14
5122009,257,212,469
5122010,696,526,1222
5122011,167,136,303
5122012,172,159,331
5122013,364,140,504
5122014,304,26,330
5122015,4,0,4
5122016,804,57,861
5122017,525,466,991
5122018,215,169,384
5122019,122,96,218
5122020,227,180,407
5122021,165,144,309
5122022,171,138,309
5122023,121,124,245
5122024,235,199,434
5122025,145,116,261
5122026,247,216,463
5122027,111,66,177
5122028,264,192,456
5122029,186,156,342
5122030,156,115,271
5122031,140,128,268
5122032,108,75,183
5122033,292,239,531
5122034,182,145,327
5122035,145,121,266
5122036,319,290,609
5122037,178,143,321
5122038,217,216,433
5122039,333,271,604
5122040,159,127,286
5122041,196,160,356
5122042,283,223,506
5122043,319,281,600
5122101,3,0,3
5122102,123,111,234
5122103,410,137,547
5122104,331,200,531
5122105,221,218,439
5122106,220,177,397
5122107,0,0,0
5122108,0,0,0
5122109,190,169,359
5122110,279,223,502
5122111,202,187,389
5122112,234,209,443
5122113,225,158,383
5122114,218,186,404
5122115,242,194,436
5122116,212,200,412
5122117,0,0,0
5122201,0,0,0
5122202,337,232,569
5122203,215,181,396
5122204,239,223,462
5122205,39,48,87
5122206,128,40,168
5122207,481,141,622
5122208,238,222,460
5122209,171,139,310
5122210,179,115,294
5122211,311,285,596
5122212,99,104,203
5122213,116,111,227
5122214,0,0,0
5122215,0,0,0
5122301,103,107,210
5122302,0,0,0
5122303,129,104,233
5122304,196,170,366
5122305,178,132,310
5122306,149,132,281
5122307,171,127,298
5122308,144,122,266
5122309,274,216,490
5122310,223,206,429
5122311,166,151,317
5122312,153,146,299
5122313,1480,237,1717
5122314,197,141,338
5122315,108,79,187
5122316,3,0,3
5122317,72,6,78
5122318,485,118,603
5122401,13,5,18
5122402,176,163,339
5122403,152,71,223
5122404,99,18,117
5122405,184,159,343
5122406,138,120,258
5122407,261,227,488
5122408,182,165,347
5122409,157,151,308
5122410,0,0,0
5122411,333,272,605
5122412,298,284,582
5122413,252,206,458
5122414,365,302,667
5122415,226,177,403
5122416,268,269,537
5122417,242,197,439
5122418,237,180,417
5122419,241,202,443
5122420,154,149,303
5122421,180,194,374
5122422,258,264,522
5122423,284,248,532
5122424,170,128,298
5122425,198,164,362
5122501,260,244,504
5122502,122,128,250
5122503,192,211,403
5122504,151,213,364
5122505,308,346,654
5122506,168,179,347
5122507,147,145,292
5122508,143,167,310
5122509,260,290,550
5122510,164,211,375
5122511,179,228,407
5122512,215,266,481
5122513,135,165,300
5122514,226,202,428
5122515,272,310,582
5122516,162,182,344
5122517,177,187,364
5122518,187,205,392
5122519,260,297,557
5122520,100,100,200
5122521,306,321,627
5122522,188,216,404
5122523,234,289,523
5122524,314,327,641
5122525,114,132,246
5122526,175,216,391
5122527,132,178,310
5122528,81,126,207
5122529,87,89,176
5122530,231,216,447
5122531,4,8,12
5122532,139,140,279
5122533,245,260,505
5122534,148,181,329
5122535,169,176,345
5122536,59,61,120
5122601,171,150,321
5122602,219,249,468
5122603,158,137,295
5122604,132,122,254
5122605,168,168,336
5122606,137,138,275
5122607,185,169,354
5122608,147,128,275
5122609,126,134,260
5122610,82,75,157
5122701,112,128,240
5122702,277,277,554
5122703,181,177,358
5122704,124,125,249
5122705,240,242,482
5122706,209,221,430
5122707,17,17,34
5122708,251,244,495
5122709,152,165,317
5122710,168,155,323
5122711,179,187,366
5122712,191,206,397
5122801,118,147,265
5122802,140,165,305
5122803,0,0,0
5122804,0,0,0
5122805,0,0,0
5122806,134,117,251
5122807,91,105,196
5122808,81,104,185
5122809,175,164,339
5122810,144,143,287
5122811,147,120,267
5122812,173,187,360
5122813,81,88,169
5122814,217,201,418
5122815,126,159,285
5122816,123,138,261
5122817,153,141,294
5122818,135,108,243
5122819,115,156,271
5122820,218,223,441
5122821,182,176,358
5122901,113,73,186
5122902,124,113,237
5122903,151,125,276
5122904,141,128,269
5122905,121,94,215
5122906,198,167,365
5122907,112,97,209
5122908,118,121,239
5122909,186,175,361
5122910,125,115,240
5122911,133,115,248
5123001,248,221,469
5123002,124,116,240
5123003,159,170,329
5123004,146,161,307
5123005,156,188,344
5123006,113,130,243
5123007,133,150,283
5123008,170,176,346
5123009,233,201,434
5123010,219,199,418
5123011,119,124,243
5123012,143,130,273
5123013,201,200,401
5123014,137,134,271
5123101,141,127,268
5123102,242,217,459
5123103,196,158,354
5123104,166,182,348
5123105,151,135,286
5123106,119,115,234
5123107,141,136,277
5123108,262,304,566
5123109,280,290,570
5123110,99,80,179
5123111,130,128,258
5123112,87,72,159
5123113,125,123,248
5123201,157,115,272
5123202,137,139,276
5123203,208,196,404
5123204,151,156,307
5123205,156,131,287
5123206,175,167,342
5123207,116,109,225
5123208,178,176,354
5123209,123,106,229
5123210,335,22,357
5123211,105,117,222
5123301,194,209,403
5123302,218,233,451
5123303,141,135,276
5123304,151,133,284
5123305,305,276,581
5123306,202,207,409
5123307,119,118,237
5123308,281,318,599
5123309,260,279,539
5123310,204,199,403
5123311,182,236,418
5123312,245,254,499
5123313,142,132,274
5123314,641,646,1287
5123315,215,234,449
5123316,140,140,280
5123317,236,227,463
5123318,170,206,376
5123319,211,224,435
5123320,227,238,465
5123321,151,158,309
5123401,127,126,253
5123402,141,121,262
5123403,140,111,251
5123404,163,187,350
5123405,75,59,134
5123406,92,130,222
5123407,181,225,406
5123408,129,117,246
5123409,135,123,258
5123410,125,108,233
5123411,148,158,306
5123412,229,233,462
5123413,204,196,400
5123414,197,190,387
5123415,173,173,346
5123416,238,131,369
5123501,0,0,0
5123601,99,124,223
5123602,119,132,251
5123603,177,157,334
5123604,214,210,424
5123605,134,123,257
5123606,175,161,336
5123607,390,377,767
5123608,143,121,264
5123609,255,270,525
5123610,258,246,504
5123611,142,112,254
5123612,144,140,284
5123701,86,76,162
5123702,140,96,236
5123703,130,143,273
5123704,173,201,374
5123705,270,284,554
5123706,171,146,317
5123707,200,195,395
5123708,341,340,681
5123709,157,155,312
5123710,136,129,265
5123711,215,142,357
5123801,190,202,392
5123802,207,183,390
5123803,268,260,528
5123804,228,233,461
5123805,165,153,318
5123806,95,70,165
5123807,138,130,268
5123808,161,144,305
5123809,178,192,370
5123810,168,138,306
5123811,101,104,205
5123812,184,159,343
5123901,104,103,207
5123902,141,125,266
5123903,96,116,212
5123904,212,176,388
5123905,291,293,584
5123906,135,103,238
5123907,265,236,501
5123908,131,113,244
5123909,43,38,81
5123910,188,166,354
5123911,97,91,188
5123912,354,388,742
5123913,75,66,141
5123914,128,117,245
5123915,286,198,484
5123916,185,148,333
5123917,245,216,461
5123918,214,187,401
5123919,318,288,606
5123920,337,299,636
5123921,146,143,289
5123922,144,122,266
5124001,217,243,460
5124002,270,277,547
5124003,229,225,454
5124004,151,117,268
5124005,318,301,619
5124006,415,316,731
5124007,255,252,507
5124008,126,111,237
5124009,83,66,149
5124010,159,151,310
5124011,130,124,254
5124012,90,82,172
5124013,94,77,171
5124014,101,79,180
5124101,186,146,332
5124102,107,100,207
5124103,136,113,249
5124104,233,269,502
5124105,286,308,594
5124106,90,84,174
5124107,128,97,225
5124108,283,271,554
5124109,101,89,190
5124110,177,141,318
5124111,127,114,241
5124112,192,169,361
5124113,104,97,201
5124114,144,113,257
5124115,127,110,237
5124201,31,17,48
5124202,298,80,378
5124203,93,72,165
5124204,167,110,277
5124205,129,113,242
5124206,137,116,253
5124207,160,134,294
5124208,129,102,231
5124209,190,158,348
5124210,227,203,430
5124211,183,152,335
5124212,106,81,187
5124213,131,77,208
5124214,45,32,77
5124301,148,173,321
5124302,197,203,400
5124303,163,163,326
5124304,134,125,259
5124305,169,180,349
5124306,128,142,270
5124307,180,200,380
5124308,186,197,383
5124309,152,146,298
5124310,126,129,255
5124311,143,163,306
5124312,110,121,231
5124313,209,216,425
5124314,121,138,259
5124315,166,199,365
5124316,157,164,321
5124317,136,122,258
5124318,153,163,316
5124319,159,157,316
5124320,208,200,408
5124321,225,211,436
5124322,176,182,358
5124323,131,148,279
5124324,122,119,241
5124325,144,164,308
5124326,103,95,198
5124327,104,90,194
5124328,114,109,223
5124329,134,157,291
5124330,137,135,272
5124331,163,176,339
5124332,115,115,230
5124333,159,158,317
5124334,46,58,104
5124335,175,156,331
5124401,186,186,372
5124402,167,199,366
5124403,115,116,231
5124404,187,171,358
5124405,187,185,372
5124406,161,183,344
5124407,221,189,410
5124408,88,93,181
5124409,180,186,366
5124410,160,141,301
5124411,207,205,412
5124412,116,130,246
5124413,205,227,432
5124501,141,131,272
5124502,138,174,312
5124503,140,131,271
5124504,279,273,552
5124505,115,126,241
5124506,189,191,380
5124507,170,173,343
5124508,153,164,317
5124509,145,163,308
5124510,229,208,437
5124511,135,124,259
5124512,153,139,292
5124513,91,63,154
5124514,141,122,263
5124515,142,156,298
5124516,138,118,256
5124601,207,185,392
5124602,195,189,384
5124603,122,144,266
5124604,90,89,179
5124605,129,109,238
5124606,225,214,439
5124607,169,159,328
5124608,197,211,408
5124609,233,205,438
5124610,268,276,544
5124701,77,83,160
5124702,91,78,169
5124703,188,144,332
5124704,84,62,146
5124705,137,139,276
5124706,120,108,228
5124707,123,103,226
5124708,164,166,330
5124709,148,133,281
5124710,127,133,260
5124711,143,150,293
5124712,114,82,196
5124713,120,101,221
5124714,236,113,349
5124715,106,93,199
5124716,221,186,407
5124717,138,143,281
5124718,127,112,239
5124801,198,185,383
5124802,254,248,502
5124803,213,209,422
5124804,100,85,185
5124805,754,237,991
5124806,65,63,128
5124807,171,154,325
5124901,129,120,249
5124902,175,211,386
5124903,151,99,250
5124904,142,117,259
5124905,306,335,641
5124906,77,84,161
5124907,109,89,198
5124908,223,214,437
5124909,114,125,239
5124910,146,174,320
5124911,260,319,579
5124912,244,263,507
5124913,248,263,511
5125001,179,188,367
5125002,183,188,371
5125003,144,145,289
5125004,115,120,235
5125005,245,266,511
5125006,162,170,332
5125007,127,94,221
5125008,140,117,257
5125009,118,116,234
5125010,133,133,266
5125011,183,183,366
5125012,291,251,542
5125013,113,104,217
5125014,142,134,276
5125015,196,185,381
5949999,4286,3011,7297
5979991,0,0,0
5979992,262,8,270
5979993,120,25,145
6100101,131,129,260
6100102,205,225,430
6100103,162,179,341
6100104,113,108,221
6100105,152,156,308
6100106,153,140,293
6100107,122,105,227
6100108,153,190,343
6100109,167,158,325
6100110,136,141,277
6100111,139,223,362
6100112,175,183,358
6100113,194,210,404
6100114,174,240,414
6100115,157,213,370
6100116,103,112,215
6100117,119,143,262
6100118,205,243,448
6100119,140,156,296
6100120,256,269,525
6100121,103,164,267
6100122,199,183,382
6100123,79,66,145
6100201,220,235,455
6100202,176,204,380
6100203,164,162,326
6100204,227,222,449
6100205,165,156,321
6100206,255,261,516
6100207,456,452,908
6100208,277,254,531
6100209,244,263,507
6100210,197,211,408
6100301,0,0,0
6100302,330,357,687
6100303,275,214,489
6100304,105,87,192
6100305,143,143,286
6100306,95,149,244
6100307,281,275,556
6100308,244,270,514
6100309,361,396,757
6100401,0,0,0
6100402,105,137,242
6100403,10,10,20
6100404,216,233,449
6100405,170,177,347
6100406,196,221,417
6100407,171,180,351
6100408,150,151,301
6100409,136,162,298
6100410,166,233,399
6100411,119,110,229
6100412,300,297,597
6100413,150,186,336
6100414,118,150,268
6100415,122,142,264
6100416,150,158,308
6100417,227,250,477
6100418,130,150,280
6100419,124,129,253
6100501,210,188,398
6100502,291,281,572
6100503,201,206,407
6100504,115,110,225
6100505,228,213,441
6100506,160,126,286
6100507,11,13,24
6100508,166,172,338
6100509,0,0,0
6100510,194,194,388
6100511,237,288,525
6100512,167,161,328
6100513,202,205,407
6100514,141,156,297
6100515,117,97,214
6100516,192,186,378
6100517,221,226,447
6100518,189,177,366
6100519,134,128,262
6100520,215,207,422
6100521,104,107,211
6100522,3,0,3
6100523,12,13,25
6100524,132,113,245
6100601,205,219,424
6100602,179,211,390
6100603,162,166,328
6100604,209,226,435
6100605,276,293,569
6100606,184,187,371
6100607,192,236,428
6100608,109,123,232
6100701,112,115,227
6100702,238,269,507
6100703,161,187,348
6100704,193,210,403
6100705,223,221,444
6100706,349,369,718
6100707,189,218,407
6100708,202,213,415
6100709,340,356,696
6100710,241,274,515
6100711,161,187,348
6100712,443,497,940
6100713,237,223,460
6100714,191,204,395
6100715,164,178,342
6100716,283,287,570
6100717,239,228,467
6100718,131,144,275
6100719,173,205,378
6100720,170,199,369
6100721,211,198,409
6100801,236,269,505
6100802,294,309,603
6100803,107,111,218
6100804,208,242,450
6100805,305,318,623
6100806,222,264,486
6100807,224,252,476
6100808,220,222,442
6100809,198,293,491
6100810,239,283,522
6100811,164,272,436
6100812,185,181,366
6100813,159,144,303
6100814,13,9,22
6100815,129,152,281
6100816,118,133,251
6100817,103,142,245
6100901,122,140,262
6100902,139,167,306
6100903,289,299,588
6100904,175,211,386
6100905,127,122,249
6100906,252,306,558
6100907,0,5,5
6100908,200,204,404
6100909,203,191,394
6100910,0,0,0
6100911,222,242,464
6100912,125,149,274
6100913,196,260,456
6100914,113,139,252
6101001,183,165,348
6101002,93,122,215
6101003,251,221,472
6101004,6,3,9
6101005,136,111,247
6101006,185,158,343
6101007,160,167,327
6101008,108,111,219
6101009,368,38,406
6101010,162,159,321
6101101,137,129,266
6101102,141,149,290
6101103,181,175,356
6101104,464,524,988
6101105,175,216,391
6101106,140,152,292
6101107,61,57,118
6101108,227,229,456
6101109,147,158,305
6101110,133,142,275
6101111,11,6,17
6101112,149,160,309
6101113,161,171,332
6101114,182,182,364
6101115,206,208,414
6101116,156,164,320
6101201,117,123,240
6101202,126,131,257
6101203,181,161,342
6101204,221,194,415
6101205,227,234,461
6101206,139,131,270
6101207,129,115,244
6101208,208,198,406
6101209,59,56,115
6101210,270,285,555
6101211,49,50,99
6101212,171,157,328
6101213,170,168,338
6101301,168,175,343
6101302,156,178,334
6101303,322,263,585
6101304,176,188,364
6101305,0,0,0
6101306,102,119,221
6101307,0,0,0
6101308,0,0,0
6101309,120,127,247
6101310,197,177,374
6101311,318,286,604
6101312,241,251,492
6101313,95,87,182
6101401,132,116,248
6101402,185,210,395
6101403,159,171,330
6101404,166,175,341
6101405,165,179,344
6101406,198,189,387
6101407,185,194,379
6101408,130,165,295
6101409,249,262,511
6101410,212,216,428
6101411,163,152,315
6101412,116,100,216
6101413,116,119,235
6101414,181,184,365
6101415,153,154,307
6101416,13,5,18
6101417,100,127,227
6101501,167,181,348
6101502,285,304,589
6101503,0,0,0
6101504,100,117,217
6101505,153,217,370
6101506,119,107,226
6101507,156,229,385
6101508,140,179,319
6101509,136,172,308
6101510,272,290,562
6101511,199,196,395
6101512,303,302,605
6101513,172,188,360
6101514,117,125,242
6101515,190,186,376
6101516,187,194,381
6101517,255,286,541
6101518,231,231,462
6101519,244,268,512
6101520,236,249,485
6101601,156,177,333
6101602,0,5,5
6101603,149,151,300
6101604,201,230,431
6101605,211,246,457
6101606,227,237,464
6101607,192,212,404
6101608,127,115,242
6101609,188,190,378
6101610,0,3,3
6101611,280,280,560
6101612,289,286,575
6101701,202,211,413
6101702,222,295,517
6101703,183,223,406
6101704,183,211,394
6101705,150,187,337
6101706,193,167,360
6101707,124,143,267
6101708,126,132,258
6101709,205,224,429
6101710,159,158,317
6101711,75,145,220
6101712,175,231,406
6101713,177,232,409
6101714,0,0,0
6101715,216,214,430
6101716,309,330,639
6101717,64,74,138
6101718,161,158,319
6101719,176,179,355
6101720,292,328,620
6101721,176,182,358
6101722,197,211,408
6101723,88,87,175
6101724,147,192,339
6101725,199,207,406
6101726,0,0,0
6101727,5,6,11
6101728,190,220,410
6101729,220,213,433
6101730,143,140,283
6101731,116,135,251
6101732,113,132,245
6101801,96,126,222
6101802,163,219,382
6101803,233,251,484
6101804,0,0,0
6101805,130,138,268
6101806,185,206,391
6101807,202,234,436
6101808,188,209,397
6101809,152,192,344
6101810,198,214,412
6101811,199,213,412
6101812,146,157,303
6101813,117,113,230
6101814,134,162,296
6101901,231,255,486
6101902,211,232,443
6101903,221,224,445
6101904,210,203,413
6101905,234,254,488
6101906,229,215,444
6101907,291,280,571
6101908,287,322,609
6101909,137,141,278
6101910,282,344,626
6101911,160,167,327
6102001,59,136,195
6102002,111,99,210
6102003,122,121,243
6102004,208,202,410
6102005,243,268,511
6102006,172,199,371
6102007,173,145,318
6102008,203,234,437
6102009,163,153,316
6102010,168,138,306
6102011,235,236,471
6102012,172,183,355
6102013,69,67,136
6102014,156,153,309
6102015,234,250,484
6102016,240,245,485
6102017,167,143,310
6102018,111,113,224
6102019,124,101,225
6102101,202,215,417
6102102,175,197,372
6102103,250,273,523
6102104,290,297,587
6102105,222,272,494
6102106,191,214,405
6102107,184,209,393
6102108,107,119,226
6102109,188,186,374
6102201,144,163,307
6102202,0,0,0
6102203,189,196,385
6102204,38,43,81
6102205,241,263,504
6102206,309,288,597
6102207,170,162,332
6102208,402,413,815
6102209,126,110,236
6102210,300,345,645
6102211,188,200,388
6102212,217,266,483
6102213,109,126,235
6102214,113,141,254
6102215,107,125,232
6102216,159,152,311
6102217,466,499,965
6102218,195,219,414
6102219,3,3,6
6102220,124,134,258
6102221,114,127,241
6102222,111,106,217
6102223,181,184,365
6102224,282,286,568
6102225,195,206,401
6102226,130,171,301
6102227,218,360,578
6102228,184,201,385
6102229,122,131,253
6102301,177,189,366
6102302,150,143,293
6102303,92,100,192
6102304,165,166,331
6102305,145,144,289
6102306,137,143,280
6102307,160,164,324
6102308,260,266,526
6102309,170,191,361
6102310,149,199,348
6102311,155,151,306
6102312,117,135,252
6102313,155,156,311
6102314,253,283,536
6102315,245,282,527
6102316,270,337,607
6102317,185,215,400
6102318,200,191,391
6102319,230,249,479
6102320,108,132,240
6102321,174,180,354
6102322,186,218,404
6102323,188,190,378
6102324,247,242,489
6102325,137,138,275
6102326,238,254,492
6102401,257,263,520
6102402,254,245,499
6102403,68,63,131
6102404,179,184,363
6102405,186,172,358
6102406,96,89,185
6102407,245,229,474
6102408,144,155,299
6102409,68,71,139
6102410,73,83,156
6102411,384,407,791
6102412,267,286,553
6102413,121,127,248
6102414,210,250,460
6102415,218,251,469
6102416,155,166,321
6102417,122,131,253
6102418,44,52,96
6102419,355,409,764
6102501,0,0,0
6102601,262,240,502
6102602,12,3,15
6102603,139,142,281
6102604,220,234,454
6102605,212,214,426
6102606,177,186,363
6102607,141,209,350
6102608,81,84,165
6102609,147,157,304
6102610,113,124,237
6102611,188,221,409
6102701,153,134,287
6102702,164,168,332
6102703,151,158,309
6102704,139,134,273
6102705,154,151,305
6102706,154,148,302
6102707,210,201,411
6102708,237,213,450
6102709,194,178,372
6102710,119,128,247
6102711,126,131,257
6102712,233,248,481
6102713,165,182,347
6102714,258,263,521
6102715,190,220,410
6102716,130,177,307
6102717,215,213,428
6102718,156,123,279
6102719,276,224,500
6102720,302,292,594
6102721,16,18,34
6102801,258,273,531
6102802,242,267,509
6102803,298,341,639
6102804,209,241,450
6102805,29,36,65
6102806,121,127,248
6102807,160,175,335
6102808,203,237,440
6102809,201,204,405
6102810,260,291,551
6102811,166,181,347
6102812,236,287,523
6102813,195,223,418
6102814,249,277,526
6102815,237,267,504
6102816,132,106,238
6102817,169,186,355
6102818,227,253,480
6102819,284,293,577
6102901,227,209,436
6102902,233,249,482
6102903,308,283,591
6102904,239,259,498
6102905,310,299,609
6102906,145,156,301
6102907,249,240,489
6102908,172,165,337
6102909,334,331,665
6103001,206,199,405
6103002,176,201,377
6103003,302,329,631
6103004,253,295,548
6103005,215,175,390
6103006,184,172,356
6103007,177,220,397
6103008,127,125,252
6103009,214,224,438
6103010,280,279,559
6103011,194,178,372
6103012,282,309,591
6103013,315,333,648
6103014,0,0,0
6103101,254,235,489
6103102,248,244,492
6103103,325,330,655
6103104,140,153,293
6103105,290,409,699
6103106,129,142,271
6103107,190,212,402
6103108,291,397,688
6103109,146,149,295
6103110,210,208,418
6103111,0,0,0
6103112,178,150,328
6103113,183,197,380
6103114,190,214,404
6103115,195,181,376
6103116,238,237,475
6103117,12,24,36
6103118,234,243,477
6103119,222,217,439
6103120,181,188,369
6103121,155,161,316
6103122,215,200,415
6103123,142,120,262
6103124,119,129,248
6103125,333,304,637
6103126,166,175,341
6103127,302,318,620
6103128,166,165,331
6103201,283,280,563
6103202,140,167,307
6103203,139,140,279
6103204,246,255,501
6103205,229,253,482
6103206,128,133,261
6103207,135,153,288
6103208,166,194,360
6103209,4,0,4
6103210,166,137,303
6103211,195,210,405
6103212,141,148,289
6103213,99,95,194
6103214,88,80,168
6103215,149,167,316
6103216,178,171,349
6103217,230,241,471
6103218,122,248,370
6103301,140,136,276
6103302,137,155,292
6103303,150,156,306
6103304,241,280,521
6103305,212,249,461
6103306,232,243,475
6103307,143,116,259
6103308,130,151,281
6103309,179,220,399
6103310,152,146,298
6103311,138,161,299
6103312,221,265,486
6103313,103,110,213
6103314,117,152,269
6103315,120,127,247
6103316,3,5,8
6103317,215,214,429
6103318,141,143,284
6103401,266,237,503
6103402,222,223,445
6103403,179,189,368
6103404,190,215,405
6103405,162,141,303
6103406,216,201,417
6103407,190,190,380
6103408,172,158,330
6103409,172,186,358
6103410,139,143,282
6103411,198,219,417
6103412,93,101,194
6103413,209,202,411
6103414,84,96,180
6103415,157,129,286
6103416,105,94,199
6103417,133,141,274
6103418,160,141,301
6103419,172,185,357
6103420,170,152,322
6103421,175,173,348
6103501,112,143,255
6103502,195,202,397
6103503,207,234,441
6103504,202,195,397
6103505,255,266,521
6103506,114,105,219
6103507,155,210,365
6103508,183,163,346
6103509,195,169,364
6103510,209,198,407
6103511,168,189,357
6103512,139,158,297
6103513,163,149,312
6103514,103,128,231
6103515,171,163,334
6103516,193,209,402
6103517,83,125,208
6103518,185,182,367
6103519,153,141,294
6103520,205,205,410
6103521,240,267,507
6103522,144,185,329
6103601,271,236,507
6103602,3,8,11
6103603,283,294,577
6103604,241,222,463
6103605,124,114,238
6103606,159,190,349
6103607,0,0,0
6103608,27,16,43
6103609,158,134,292
6103610,174,194,368
6103611,0,0,0
6103612,124,118,242
6103701,276,283,559
6103702,222,317,539
6103703,182,201,383
6103704,0,0,0
6103705,116,140,256
6103706,254,263,517
6103707,0,0,0
6103708,207,209,416
6103709,217,248,465
6103710,113,120,233
6103711,213,230,443
6103801,103,122,225
6103802,263,316,579
6103803,150,182,332
6103804,147,128,275
6103805,148,173,321
6103806,222,264,486
6103807,229,215,444
6103808,166,178,344
6103809,115,99,214
6103810,105,107,212
6103811,184,126,310
6103812,116,118,234
6103813,5,3,8
6103814,242,263,505
6103815,168,161,329
6103816,163,156,319
6103901,113,104,217
6103902,205,205,410
6103903,252,243,495
6103904,208,239,447
6103905,298,332,630
6103906,96,119,215
6103907,78,93,171
6103908,87,77,164
6103909,236,257,493
6103910,196,249,445
6104001,265,252,517
6104002,125,117,242
6104003,224,259,483
6104004,70,69,139
6104005,246,264,510
6104006,188,205,393
6104007,0,0,0
6104008,0,0,0
6104009,272,298,570
6104010,208,217,425
6104011,222,248,470
6104101,269,286,555
6104102,241,305,546
6104103,137,160,297
6104104,176,183,359
6104105,285,282,567
6104106,229,238,467
6104107,147,148,295
6104108,140,169,309
6104109,312,303,615
6104110,208,209,417
6104111,171,176,347
6104112,325,357,682
6104113,111,93,204
6104114,227,130,357
6104115,394,412,806
6104116,98,119,217
6104117,140,180,320
6104118,187,215,402
6104119,168,176,344
6104120,8,3,11
6104121,218,223,441
6104122,9,4,13
6104123,0,0,0
6104201,324,404,728
6104202,0,0,0
6104203,0,0,0
6104204,188,279,467
6104205,158,198,356
6104206,148,180,328
6104207,213,226,439
6104208,239,263,502
6104209,146,153,299
6104210,138,112,250
6104211,311,312,623
6104212,228,297,525
6104213,205,239,444
6104301,264,294,558
6104302,248,299,547
6104303,116,127,243
6104304,136,215,351
6104305,272,288,560
6104306,252,245,497
6104307,257,287,544
6104308,137,149,286
6104309,100,110,210
6104401,153,151,304
6104402,212,192,404
6104403,153,150,303
6104404,174,187,361
6104405,118,104,222
6104406,155,184,339
6104407,145,203,348
6104408,175,194,369
6104409,196,213,409
6104410,242,270,512
6104411,212,228,440
6104412,280,327,607
6104413,0,0,0
6104414,111,125,236
6104415,220,260,480
6104416,164,187,351
6104417,190,200,390
6104418,96,141,237
6104501,114,127,241
6104502,4,0,4
6104503,300,310,610
6104504,205,227,432
6104505,202,248,450
6104506,220,223,443
6104507,140,171,311
6104508,134,148,282
6104509,123,120,243
6104510,254,303,557
6104511,3,3,6
6104512,189,208,397
6104601,125,119,244
6104602,182,185,367
6104603,259,287,546
6104604,212,232,444
6104605,115,125,240
6104606,260,294,554
6104607,154,145,299
6104608,231,263,494
6104609,88,76,164
6104610,244,279,523
6104611,144,137,281
6104612,204,207,411
6104613,0,0,0
6104614,259,249,508
6104615,96,99,195
6104616,147,162,309
6104617,226,274,500
6104701,213,202,415
6104702,147,223,370
6104703,137,131,268
6104704,147,138,285
6104705,121,147,268
6104706,264,252,516
6104707,222,237,459
6104708,222,217,439
6104709,187,189,376
6104710,191,196,387
6104711,107,107,214
6104712,165,282,447
6104801,206,235,441
6104802,126,170,296
6104803,214,220,434
6104804,0,0,0
6104805,227,221,448
6104806,200,234,434
6104807,251,273,524
6104808,173,214,387
6104809,179,167,346
6104810,155,146,301
6104811,54,60,114
6104812,120,116,236
6104813,193,200,393
6104814,126,125,251
6104901,319,307,626
6104902,126,135,261
6104903,182,196,378
6104904,214,237,451
6104905,159,169,328
6104906,239,239,478
6104907,247,267,514
6104908,347,352,699
6104909,191,240,431
6104910,232,243,475
6104911,0,0,0
6105001,236,274,510
6105002,109,118,227
6105003,145,143,288
6105004,267,286,553
6105005,109,90,199
6105006,175,195,370
6105007,214,208,422
6105008,191,192,383
6105009,242,271,513
6105101,6,3,9
6105102,135,137,272
6105103,117,144,261
6105104,128,128,256
6105105,127,150,277
6105106,154,168,322
6105107,208,214,422
6105108,113,108,221
6105109,171,204,375
6105110,191,223,414
6105111,126,133,259
6105112,156,203,359
6105113,156,143,299
6105114,137,137,274
6105201,208,245,453
6105202,160,158,318
6105203,168,159,327
6105204,131,217,348
6105205,189,185,374
6105206,192,199,391
6105207,167,154,321
6105208,177,195,372
6105209,320,319,639
6105210,283,277,560
6105211,298,291,589
6105301,121,110,231
6105302,224,228,452
6105303,261,265,526
6105304,106,121,227
6105305,104,90,194
6105306,160,140,300
6105307,107,121,228
6105308,122,146,268
6105309,114,97,211
6105310,103,99,202
6105311,0,5,5
6105312,232,219,451
6105313,158,164,322
6105314,58,55,113
6105401,118,111,229
6105402,101,101,202
6105403,164,205,369
6105404,94,147,241
6105405,153,171,324
6105406,93,133,226
6105407,3,0,3
6105408,189,211,400
6105409,85,101,186
6105410,169,140,309
6105411,220,199,419
6105412,225,211,436
6105413,201,184,385
6105414,0,0,0
6105415,174,161,335
6105416,154,164,318
6105417,108,116,224
6105418,145,188,333
6105419,93,130,223
6105420,214,201,415
6105501,286,275,561
6105502,177,212,389
6105503,144,162,306
6105504,157,156,313
6105505,230,234,464
6105506,190,178,368
6105507,223,235,458
6105508,152,152,304
6105509,194,223,417
6105510,98,96,194
6105511,230,217,447
6105512,247,267,514
6105513,168,200,368
6105514,135,143,278
6105515,88,91,179
6105601,171,173,344
6105602,218,211,429
6105603,147,174,321
6105604,158,146,304
6105605,120,124,244
6105606,133,137,270
6105607,205,244,449
6105608,192,224,416
6105609,174,216,390
6105701,175,173,348
6105702,152,169,321
6105703,181,175,356
6105704,188,187,375
6105705,134,138,272
6105706,123,113,236
6105707,165,165,330
6105708,203,220,423
6105709,188,188,376
6105710,191,171,362
6105711,140,119,259
6105712,158,132,290
6105801,128,145,273
6105802,169,144,313
6105803,106,82,188
6105804,187,169,356
6105805,201,207,408
6105806,216,176,392
6105807,154,152,306
6105808,197,184,381
6105809,253,236,489
6105810,152,155,307
6105811,107,127,234
6105812,146,122,268
6105901,108,101,209
6105902,194,207,401
6105903,227,243,470
6105904,198,193,391
6105905,162,155,317
6105906,128,156,284
6105907,155,176,331
6105908,174,178,352
6105909,203,258,461
6105910,118,124,242
6105911,225,215,440
6105912,196,182,378
6105913,198,179,377
6105914,0,0,0
6105915,228,248,476
6105916,95,100,195
6105917,84,82,166
6105918,112,111,223
6105919,117,112,229
6105920,115,101,216
6105921,100,86,186
6105922,186,166,352
6106001,194,212,406
6106002,131,142,273
6106003,173,196,369
6106004,182,207,389
6106005,254,278,532
6106006,136,157,293
6106007,288,286,574
6106008,251,236,487
6106009,99,122,221
6106010,117,103,220
6106101,153,158,311
6106102,220,246,466
6106103,132,139,271
6106104,122,94,216
6106105,179,172,351
6106106,214,210,424
6106107,84,67,151
6106108,379,350,729
6106109,170,151,321
6106110,153,147,300
6106111,36,41,77
6106201,161,139,300
6106202,149,161,310
6106203,146,151,297
6106204,76,77,153
6106205,244,253,497
6106206,198,195,393
6106207,148,150,298
6106208,150,148,298
6106209,150,148,298
6106210,85,92,177
6106211,274,277,551
6106212,175,139,314
6106213,259,285,544
6106214,162,153,315
6106301,186,169,355
6106302,119,180,299
6106303,201,212,413
6106304,220,207,427
6106305,195,211,406
6106306,200,212,412
6106307,97,110,207
6106308,243,223,466
6106309,186,153,339
6106310,154,135,289
6106311,147,149,296
6106312,95,78,173
6106313,72,65,137
6106314,141,125,266
6106315,0,0,0
6106316,139,122,261
6106317,237,207,444
6106318,32,35,67
6106319,102,111,213
6106320,156,156,312
6106321,128,123,251
6106322,242,278,520
6106323,126,147,273
6106324,142,113,255
6106325,112,96,208
6106326,155,155,310
6106401,189,167,356
6106402,152,138,290
6106403,108,87,195
6106404,122,101,223
6106405,87,86,173
6106406,0,0,0
6106407,136,145,281
6106408,171,194,365
6106409,164,193,357
6106410,108,102,210
6106411,203,168,371
6106412,72,69,141
6106413,134,108,242
6106414,221,213,434
6106415,259,252,511
6106416,191,175,366
6106417,157,130,287
6106418,0,0,0
6106419,161,160,321
6106420,144,138,282
6106421,232,271,503
6106422,143,135,278
6106501,199,192,391
6106502,196,196,392
6106503,235,241,476
6106504,0,0,0
6106505,192,176,368
6106506,141,100,241
6106507,176,127,303
6106601,139,120,259
6106602,189,178,367
6106603,79,91,170
6106604,118,107,225
6106605,70,65,135
6106606,187,169,356
6106607,118,116,234
6106608,174,139,313
6106609,178,109,287
6106610,190,167,357
6106611,203,195,398
6106612,0,0,0
6106701,198,208,406
6106702,146,149,295
6106703,144,140,284
6106704,194,199,393
6106705,161,164,325
6106706,179,175,354
6106707,164,146,310
6106708,127,100,227
6106709,294,268,562
6106710,124,136,260
6106711,187,173,360
6106712,271,250,521
6106713,191,182,373
6106714,161,162,323
6106715,127,101,228
6106716,196,185,381
6106717,249,220,469
6106801,4,3,7
6106901,109,99,208
6106902,167,140,307
6106903,244,223,467
6106904,221,225,446
6106905,100,94,194
6106906,282,252,534
6106907,84,75,159
6106908,128,110,238
6106909,120,117,237
6107001,120,126,246
6107002,175,183,358
6107003,118,118,236
6107004,205,213,418
6107005,304,302,606
6107006,146,138,284
6107007,160,149,309
6107008,146,134,280
6107009,124,120,244
6107010,139,142,281
6107011,124,119,243
6107012,191,180,371
6107101,204,225,429
6107102,208,163,371
6107103,219,222,441
6107104,172,149,321
6107105,290,288,578
6107106,178,195,373
6107107,196,175,371
6107108,0,0,0
6107109,186,165,351
6107110,136,124,260
6107201,139,134,273
6107202,83,80,163
6107203,173,162,335
6107204,183,167,350
6107205,128,146,274
6107206,292,285,577
6107207,257,239,496
6107208,148,178,326
6107209,287,230,517
6107210,176,149,325
6107211,174,194,368
6107212,200,195,395
6107213,227,295,522
6107214,136,129,265
6107215,188,159,347
6107216,148,139,287
6107217,151,143,294
6107218,191,226,417
6107219,209,230,439
6107220,231,221,452
6107221,174,172,346
6107301,182,156,338
6107302,141,145,286
6107303,0,0,0
6107304,154,121,275
6107305,193,164,357
6107306,139,140,279
6107307,138,136,274
6107308,46,40,86
6107309,104,106,210
6107310,124,125,249
6107401,139,138,277
6107402,0,0,0
6107403,105,97,202
6107404,202,173,375
6107405,0,0,0
6107406,60,64,124
6107407,165,140,305
6107408,102,122,224
6107409,115,119,234
6107410,80,76,156
6107411,74,61,135
6107412,98,121,219
6107413,86,86,172
6107414,175,203,378
6107415,132,143,275
6107416,3,0,3
6107417,193,165,358
6107418,134,117,251
6107419,157,132,289
6107420,101,87,188
6107501,142,146,288
6107502,189,173,362
6107503,142,145,287
6107504,151,151,302
6107505,286,307,593
6107506,295,295,590
6107507,173,191,364
6107508,220,293,513
6107601,244,219,463
6107602,208,209,417
6107603,223,195,418
6107604,205,194,399
6107605,135,115,250
6107606,207,211,418
6107607,188,175,363
6107608,204,194,398
6107609,204,194,398
6107610,159,166,325
6107611,232,217,449
6107612,188,194,382
6107613,154,154,308
6107614,55,67,122
6107701,187,197,384
6107702,84,100,184
6107703,216,227,443
6107704,37,32,69
6107705,0,0,0
6107706,3,0,3
6107707,122,145,267
6107708,141,149,290
6107709,240,210,450
6107710,175,189,364
6107711,151,187,338
6107712,215,237,452
6107713,259,289,548
6107801,246,240,486
6107802,165,196,361
6107803,67,158,225
6107804,171,174,345
6107805,94,88,182
6107806,147,167,314
6107807,275,339,614
6107808,175,183,358
6107809,165,188,353
6107810,99,130,229
6107811,134,154,288
6107812,230,266,496
6107813,173,175,348
6107814,99,109,208
6107815,111,126,237
6107816,198,250,448
6107817,191,242,433
6107818,174,206,380
6107901,90,97,187
6107902,82,85,167
6107903,251,244,495
6107904,134,137,271
6107905,115,107,222
6107906,156,149,305
6107907,106,119,225
6107908,137,149,286
6107909,137,170,307
6107910,233,246,479
6107911,275,284,559
6107912,99,118,217
6107913,170,137,307
6107914,101,96,197
6107915,83,116,199
6107916,121,127,248
6107917,128,138,266
6108001,178,165,343
6108002,127,133,260
6108003,181,177,358
6108004,115,122,237
6108005,181,219,400
6108006,196,214,410
6108007,97,111,208
6108008,224,229,453
6108009,123,131,254
6108010,126,118,244
6108011,145,183,328
6108101,50,42,92
6108102,159,152,311
6108103,113,114,227
6108104,109,116,225
6108105,103,119,222
6108106,144,162,306
6108107,233,269,502
6108108,247,293,540
6108109,148,165,313
6108110,192,200,392
6108111,219,232,451
6108112,182,209,391
6108201,19,14,33
6108202,204,258,462
6108203,162,195,357
6108204,133,153,286
6108205,138,137,275
6108206,126,124,250
6108207,101,104,205
6108208,211,230,441
6108209,78,57,135
6108210,65,63,128
6108211,154,149,303
6108212,79,92,171
6108213,118,131,249
6108214,204,213,417
6108215,163,173,336
6108216,194,204,398
6108217,177,198,375
6108218,151,192,343
6108219,235,263,498
6108220,209,272,481
6108221,284,301,585
6108301,124,145,269
6108302,164,167,331
6108303,193,186,379
6108304,240,257,497
6108305,148,205,353
6108306,126,126,252
6108307,141,154,295
6108308,42,38,80
6108309,213,210,423
6108310,240,256,496
6108311,185,217,402
6108312,189,201,390
6108313,94,78,172
6108401,3,0,3
6108402,128,124,252
6108403,136,140,276
6108404,100,110,210
6108405,138,142,280
6108406,199,166,365
6108407,91,118,209
6108408,235,254,489
6108409,196,221,417
6108410,191,204,395
6108411,179,196,375
6108412,157,128,285
6108413,160,212,372
6108414,101,145,246
6108415,155,151,306
6108416,143,182,325
6108417,165,170,335
6108418,129,139,268
6108419,122,141,263
6108420,142,169,311
6108501,104,128,232
6108502,140,160,300
6108503,182,191,373
6108504,208,189,397
6108505,178,221,399
6108506,225,243,468
6108507,0,0,0
6108508,175,159,334
6108509,234,265,499
6108510,160,185,345
6108511,299,365,664
6108512,245,265,510
6108513,200,204,404
6108514,234,275,509
6108515,234,230,464
6108516,156,240,396
6108517,232,304,536
6108518,162,188,350
6108519,134,135,269
6108520,205,227,432
6108521,241,265,506
6108522,232,262,494
6108523,207,208,415
6108524,176,198,374
6108525,211,245,456
6108526,153,190,343
6108527,129,161,290
6108528,154,236,390
6108529,146,217,363
6108530,246,244,490
6108531,144,180,324
6108532,0,0,0
6108533,179,190,369
6108534,173,207,380
6108535,214,255,469
6108536,221,243,464
6108601,158,164,322
6108602,124,141,265
6108603,148,143,291
6108604,248,227,475
6108605,67,64,131
6108606,185,188,373
6108607,95,108,203
6108608,174,215,389
6108609,45,44,89
6108610,159,175,334
6108611,159,169,328
6108612,196,185,381
6108613,149,157,306
6108614,140,151,291
6108615,134,177,311
6108616,217,198,415
6108701,150,157,307
6108702,119,136,255
6108703,112,105,217
6108704,131,141,272
6108705,184,144,328
6108706,167,164,331
6108707,320,341,661
6108708,134,179,313
6108709,160,124,284
6108710,178,185,363
6108711,185,181,366
6108712,255,269,524
6108801,99,96,195
6108802,383,415,798
6108803,300,313,613
6108804,232,250,482
6108805,288,325,613
6108806,176,197,373
6108901,226,212,438
6108902,116,117,233
6108903,100,93,193
6108904,95,89,184
6108905,265,303,568
6108906,253,310,563
6108907,450,473,923
6108908,203,188,391
6108909,136,131,267
6108910,218,211,429
6108911,188,191,379
6108912,153,147,300
6108913,92,70,162
6109001,231,216,447
6109002,272,268,540
6109003,83,89,172
6109004,234,230,464
6109005,116,117,233
6109006,260,237,497
6109007,101,112,213
6109008,131,120,251
6109101,4,5,9
6109102,160,130,290
6109103,167,136,303
6109104,144,154,298
6109105,241,280,521
6109106,227,202,429
6109107,124,123,247
6109108,184,197,381
6109109,179,166,345
6109110,266,256,522
6109111,169,153,322
6109112,231,201,432
6109113,219,176,395
6109114,200,212,412
6109115,168,161,329
6109116,146,145,291
6109117,171,144,315
6109118,136,120,256
6109201,134,151,285
6109202,234,208,442
6109203,242,243,485
6109204,100,117,217
6109205,179,200,379
6109206,160,163,323
6109207,180,150,330
6109208,188,198,386
6109209,111,106,217
6109301,218,186,404
6109302,137,139,276
6109303,148,145,293
6109304,210,185,395
6109305,100,100,200
6109401,203,168,371
6109402,162,135,297
6109403,97,111,208
6109404,162,140,302
6109405,303,287,590
6109406,154,146,300
6109407,151,152,303
6109408,176,167,343
6109409,170,157,327
6109410,114,101,215
6109411,253,228,481
6109412,10,5,15
6109413,144,143,287
6109501,161,187,348
6109502,100,94,194
6109503,163,166,329
6109504,220,232,452
6109505,180,187,367
6109506,195,177,372
6109507,110,121,231
6109508,149,196,345
6109509,109,90,199
6109510,122,140,262
6109511,149,149,298
6109512,267,269,536
6109601,135,113,248
6109602,222,217,439
6109603,223,206,429
6109604,109,92,201
6109605,175,149,324
6109606,173,180,353
6109607,185,166,351
6109608,177,160,337
6109609,132,104,236
6109610,165,122,287
6109611,189,186,375
6109612,40,10,50
6109613,53,58,111
6109701,215,172,387
6109702,98,94,192
6109703,93,97,190
6109704,335,325,660
6109705,181,162,343
6109706,0,0,0
6109707,148,136,284
6109708,134,136,270
6109709,89,83,172
6109710,185,178,363
6109711,214,184,398
6109712,237,193,430
6109713,251,223,474
6109714,92,74,166
6109715,23,14,37
6109716,0,0,0
6109717,152,159,311
6109718,0,0,0
6109719,0,0,0
6109720,0,0,0
6109801,0,0,0
6949999,613,460,1073
6979991,0,0,0
6979992,0,0,0
6979993,61,28,89
6979994,20,7,27
7100101,293,158,451
7100201,715,563,1278
7100202,475,408,883
7100203,416,277,693
7100204,149,125,274
7100205,507,352,859
7100206,5,7,12
7100207,131,84,215
7100208,216,129,345
7100301,23,17,40
7100401,374,351,725
7100402,296,266,562
7100403,243,204,447
7100404,278,279,557
7100405,394,348,742
7100406,118,111,229
7100501,151,137,288
7100502,307,254,561
7100503,387,360,747
7100504,225,183,408
7100505,257,203,460
7100506,181,75,256
7100507,292,233,525
7100601,236,225,461
7100602,44,41,85
7100603,122,100,222
7100604,0,0,0
7100605,173,184,357
7100606,301,294,595
7100607,306,324,630
7100608,277,235,512
7100701,122,120,242
7100702,101,91,192
7100703,241,201,442
7100704,183,159,342
7100705,199,186,385
7100706,185,180,365
7100801,439,383,822
7100802,310,270,580
7100803,242,209,451
7100804,222,218,440
7100805,437,391,828
7100806,106,85,191
7100807,224,215,439
7100901,263,239,502
7100902,446,401,847
7100903,280,294,574
7100904,9,5,14
7100905,221,228,449
7100906,170,97,267
7101001,144,147,291
7101002,239,227,466
7101003,315,277,592
7101004,195,190,385
7101005,207,184,391
7101006,3,0,3
7101101,272,281,553
7101102,148,144,292
7101103,220,209,429
7101104,277,266,543
7101105,298,293,591
7101201,285,250,535
7101202,669,34,703
7101203,128,116,244
7101204,638,189,827
7101205,102,111,213
7101301,289,243,532
7101302,307,290,597
7101303,235,199,434
7101304,286,265,551
7101305,261,255,516
7101306,211,198,409
7101307,8,4,12
7101401,3,0,3
7101501,5,6,11
7101601,261,302,563
7101602,260,276,536
7101603,370,387,757
7101604,254,207,461
7101605,238,243,481
7101606,22,25,47
7101701,5,3,8
7101801,283,254,537
7101802,245,239,484
7101803,185,190,375
7101804,198,224,422
7101901,322,290,612
7101902,227,225,452
7101903,275,277,552
7101904,246,237,483
7101905,173,184,357
7101906,256,244,500
7101907,160,187,347
7101908,245,231,476
7101909,303,302,605
7101910,226,231,457
7102001,343,361,704
7102002,369,356,725
7102003,316,326,642
7102004,205,229,434
7102005,216,222,438
7102006,332,297,629
7102007,335,316,651
7102008,226,244,470
7102101,461,482,943
7102102,0,0,0
7102103,84,55,139
7102104,507,477,984
7102201,155,170,325
7102202,350,312,662
7102203,219,224,443
7102204,233,244,477
7102205,197,210,407
7102206,212,216,428
7102207,10,3,13
7102208,12,4,16
7102209,206,220,426
7102210,194,210,404
7102211,169,201,370
7102212,230,217,447
7102213,161,169,330
7102301,274,249,523
7102302,357,327,684
7102303,160,138,298
7102304,183,183,366
7102305,287,301,588
7102401,221,196,417
7102402,271,221,492
7102403,181,173,354
7102404,155,159,314
7102405,220,235,455
7102501,143,145,288
7102502,200,198,398
7102503,123,134,257
7102504,203,203,406
7102505,349,345,694
7102506,217,230,447
7102507,221,225,446
7102508,200,156,356
7102509,169,189,358
7102601,275,282,557
7102602,0,0,0
7102603,456,389,845
7102604,253,210,463
7102605,318,314,632
7102606,404,363,767
7102701,233,239,472
7102702,191,241,432
7102703,177,204,381
7102704,313,303,616
7102705,229,249,478
7102706,59,74,133
7102707,3,0,3
7102801,259,255,514
7102802,232,227,459
7102803,257,255,512
7102804,332,289,621
7102805,0,0,0
7102901,301,278,579
7102902,182,167,349
7102903,233,230,463
7102904,195,190,385
7103001,222,217,439
7103002,197,193,390
7103003,213,196,409
7103004,235,244,479
7103005,238,208,446
7103006,104,100,204
7103007,126,128,254
7103101,270,232,502
7103102,31,50,81
7103103,104,92,196
7103104,170,149,319
7103105,226,181,407
7103106,336,276,612
7103107,807,60,867
7103108,0,0,0
7103109,208,193,401
7103110,165,129,294
7103111,130,112,242
7103112,205,174,379
7103201,185,182,367
7103202,268,237,505
7103203,398,346,744
7103204,562,566,1128
7103205,230,206,436
7103206,281,288,569
7103207,216,202,418
7103208,178,131,309
7103209,256,239,495
7103210,296,259,555
7103211,371,344,715
7103212,278,271,549
7103213,200,208,408
7103214,302,306,608
7103301,9,9,18
7103401,223,192,415
7103402,199,194,393
7103403,207,189,396
7103404,328,294,622
7103405,179,166,345
7103406,357,322,679
7103501,3,3,6
7103502,139,116,255
7103503,402,333,735
7103504,353,340,693
7103505,297,266,563
7103506,341,296,637
7103507,279,249,528
7103508,130,100,230
7103601,315,326,641
7103602,178,173,351
7103603,266,260,526
7103604,347,335,682
7103605,182,186,368
7103606,308,316,624
7103701,311,309,620
7103702,337,360,697
7103703,240,255,495
7103704,215,203,418
7103705,226,223,449
7103706,142,135,277
7103801,373,343,716
7103802,349,322,671
7103803,316,330,646
7103804,248,225,473
7103805,240,222,462
7103806,118,112,230
7103807,48,26,74
7103808,12,10,22
7103809,190,181,371
7103901,211,179,390
7103902,177,179,356
7103903,223,224,447
7103904,246,254,500
7103905,291,288,579
7103906,222,234,456
7103907,293,295,588
7104001,199,223,422
7104002,193,207,400
7104003,324,333,657
7104004,247,236,483
7104005,262,281,543
7104006,342,346,688
7104101,167,178,345
7104102,273,250,523
7104103,711,695,1406
7104104,39,29,68
7104105,212,186,398
7104106,218,225,443
7104107,124,129,253
7104108,248,241,489
7104109,94,92,186
7104110,16,4,20
7104201,0,8,8
7104301,201,194,395
7104302,231,218,449
7104303,107,131,238
7104304,261,284,545
7104305,590,559,1149
7104306,516,455,971
7104401,316,318,634
7104402,334,324,658
7104403,216,245,461
7104404,115,95,210
7104405,169,194,363
7104406,356,347,703
7104407,192,197,389
7104501,16,17,33
7104502,234,231,465
7104503,202,200,402
7104504,286,285,571
7104505,252,254,506
7104506,85,90,175
7104507,136,120,256
7104508,163,177,340
7104509,248,255,503
7104510,180,169,349
7104511,207,183,390
7104512,157,88,245
7104513,52,72,124
7104514,47,39,86
7104601,192,206,398
7104602,187,152,339
7104603,246,242,488
7104604,125,137,262
7104605,163,198,361
7104606,197,214,411
7104607,9,12,21
7104608,187,236,423
7104609,243,240,483
7104610,246,253,499
7104611,209,196,405
7104612,260,270,530
7104613,97,100,197
7104614,90,118,208
7104615,104,104,208
7104701,0,0,0
7104702,44,47,91
7104703,249,270,519
7104704,219,225,444
7104705,289,274,563
7104706,277,259,536
7104707,232,216,448
7104708,294,307,601
7104709,324,344,668
7104710,322,314,636
7104801,0,0,0
7104802,266,279,545
7104803,351,396,747
7104804,326,338,664
7104805,224,186,410
7104806,237,241,478
7104807,408,433,841
7104808,167,167,334
7104809,192,180,372
7104810,129,151,280
7104811,181,188,369
7104812,3,0,3
7104813,0,0,0
7104901,159,136,295
7104902,100,132,232
7104903,212,252,464
7104904,275,272,547
7104905,257,192,449
7104906,0,0,0
7104907,178,183,361
7104908,202,185,387
7104909,211,205,416
7104910,259,232,491
7105001,35,14,49
7105002,466,369,835
7105003,151,145,296
7105004,127,168,295
7105005,91,94,185
7105006,81,82,163
7105007,137,129,266
7105008,43,28,71
7105009,0,0,0
7105101,225,208,433
7105102,0,0,0
7105103,82,82,164
7105104,241,235,476
7105105,158,161,319
7105106,253,261,514
7105107,82,100,182
7105108,19,23,42
7105109,84,90,174
7105201,50,42,92
7105202,534,27,561
7105203,136,140,276
7105204,285,270,555
7105205,0,0,0
7105206,83,118,201
7105207,92,92,184
7105208,66,76,142
7105209,188,177,365
7105210,36,53,89
7105211,26,42,68
7105212,22,20,42
7105213,244,272,516
7105214,11,14,25
7105215,112,90,202
7105216,218,201,419
7105301,225,43,268
7105302,100,110,210
7105303,201,253,454
7105304,13,14,27
7105305,193,225,418
7105306,70,80,150
7105307,33,34,67
7105308,69,87,156
7105309,5,4,9
7105310,40,39,79
7105311,0,0,0
7105312,118,122,240
7105313,282,342,624
7105314,104,132,236
7105401,322,365,687
7105402,0,0,0
7105403,108,113,221
7105404,98,109,207
7105405,125,126,251
7105406,63,61,124
7105407,98,98,196
7105408,49,56,105
7105409,54,57,111
7105410,86,81,167
7105501,86,71,157
7105502,166,116,282
7105503,173,145,318
7105504,253,282,535
7105505,103,113,216
7105506,90,117,207
7105507,225,217,442
7105508,45,50,95
7105509,26,30,56
7105510,182,166,348
7105601,160,123,283
7105602,227,239,466
7105603,308,307,615
7105604,248,284,532
7105605,199,196,395
7105606,106,114,220
7105607,8,17,25
7105608,61,66,127
7105609,71,44,115
7105610,135,147,282
7105611,0,0,0
7105701,33,28,61
7105702,90,91,181
7105703,193,175,368
7105704,111,126,237
7105705,241,198,439
7105706,98,76,174
7105707,166,141,307
7105708,321,232,553
7105709,276,221,497
7105710,184,152,336
7105711,300,238,538
7105712,126,79,205
7105713,183,149,332
7105801,215,239,454
7105802,61,35,96
7105803,211,169,380
7105804,178,200,378
7105805,98,91,189
7105806,37,26,63
7105807,97,74,171
7105808,129,70,199
7105901,1040,1071,2111
7105902,100,88,188
7106001,45,41,86
7106002,92,54,146
7106003,767,760,1527
7106004,183,188,371
7106005,229,218,447
7106101,590,581,1171
7106102,159,150,309
7106103,1182,1110,2292
7106104,142,131,273
7106105,20,37,57
7106106,29,33,62
7106107,67,55,122
7106108,219,204,423
7106201,87,89,176
7106202,226,177,403
7106203,208,233,441
7106204,13,4,17
7106205,414,420,834
7106206,142,140,282
7106207,202,93,295
7106208,0,0,0
7106209,68,55,123
7106301,96,122,218
7106302,76,94,170
7106303,457,417,874
7106304,151,161,312
7106305,564,517,1081
7106306,14,10,24
7106307,1065,1059,2124
7106308,418,424,842
7106309,402,431,833
7106310,194,206,400
7106311,79,76,155
7106312,47,68,115
7106313,63,66,129
7106314,40,31,71
7106315,51,63,114
7106316,4,6,10
7106317,13,14,27
7106401,97,23,120
7106402,238,218,456
7106403,514,395,909
7106404,369,343,712
7106405,317,319,636
7106406,316,283,599
7106407,263,240,503
7106501,152,160,312
7106502,264,247,511
7106503,62,52,114
7106504,130,162,292
7106505,48,57,105
7106506,117,127,244
7106507,138,142,280
7106508,108,86,194
7106601,194,182,376
7106602,247,170,417
7106603,32,36,68
7106604,342,344,686
7106605,27,29,56
7106606,234,250,484
7106607,52,48,100
7106608,503,552,1055
7106609,0,0,0
7106610,3,3,6
7106611,128,130,258
7106612,100,86,186
7106613,111,108,219
7106614,71,75,146
7106701,211,235,446
7106702,296,268,564
7106703,191,173,364
7106704,270,255,525
7106705,212,176,388
7106706,160,184,344
7106707,264,300,564
7106708,243,252,495
7106709,83,78,161
7106710,20,11,31
7106711,168,160,328
7106712,157,143,300
7106713,72,70,142
7106714,120,118,238
7106715,193,161,354
7106716,146,149,295
7106717,416,326,742
7106718,170,144,314
7106719,332,351,683
7106720,186,226,412
7106721,22,28,50
7106722,250,232,482
7106723,180,186,366
7106724,191,189,380
7106725,112,123,235
7106801,65,40,105
7106802,124,108,232
7106803,40,45,85
7106804,63,63,126
7106805,94,99,193
7106806,166,178,344
7106807,292,363,655
7106808,82,57,139
7106809,127,139,266
7106810,55,78,133
7106811,38,35,73
7106812,84,75,159
7949999,1018,851,1869
7979991,0,0,0
7979992,0,0,0
7979993,89,19,108
8100101,147,186,333
8100102,190,184,374
8100103,133,161,294
8100104,236,249,485
8100105,257,280,537
8100106,238,220,458
8100201,261,243,504
8100202,170,171,341
8100203,224,224,448
8100204,4,4,8
8100205,0,0,0
8100206,264,223,487
8100207,320,261,581
8100208,208,201,409
8100209,174,132,306
8100210,187,181,368
8100211,278,269,547
8100212,182,256,438
8100301,185,177,362
8100302,277,333,610
8100303,351,323,674
8100304,118,116,234
8100305,350,315,665
8100306,184,205,389
8100307,120,122,242
8100308,612,693,1305
8100309,141,134,275
8100310,120,134,254
8100311,131,149,280
8100312,188,220,408
8100313,283,264,547
8100314,79,59,138
8100401,126,123,249
8100402,222,205,427
8100403,230,238,468
8100404,172,194,366
8100405,222,232,454
8100406,269,309,578
8100407,249,279,528
8100501,145,154,299
8100502,199,209,408
8100503,171,175,346
8100504,144,160,304
8100505,173,216,389
8100506,83,95,178
8100507,172,168,340
8100508,113,118,231
8100509,204,205,409
8100601,385,437,822
8100602,112,101,213
8100603,321,319,640
8100604,148,145,293
8100605,214,203,417
8100606,155,170,325
8100607,214,257,471
8100608,222,220,442
8100609,181,182,363
8100610,174,179,353
8100611,227,242,469
8100612,296,248,544
8100613,132,123,255
8100614,161,183,344
8100615,109,110,219
8100616,245,250,495
8100617,205,231,436
8100701,244,274,518
8100702,117,131,248
8100703,243,247,490
8100704,84,116,200
8100705,231,224,455
8100706,186,192,378
8100707,233,241,474
8100708,149,161,310
8100709,171,169,340
8100710,205,184,389
8100711,302,284,586
8100712,234,184,418
8100713,158,163,321
8100714,142,149,291
8100801,176,213,389
8100802,251,242,493
8100803,212,228,440
8100804,132,153,285
8100805,254,236,490
8100806,190,178,368
8100807,305,332,637
8100808,178,178,356
8100809,276,271,547
8100810,178,176,354
8100811,130,114,244
8100812,204,232,436
8100901,189,184,373
8100902,151,120,271
8100903,220,222,442
8100904,187,170,357
8100905,165,176,341
8100906,242,239,481
8100907,144,162,306
8100908,151,170,321
8100909,150,139,289
8100910,205,180,385
8101001,183,188,371
8101002,197,179,376
8101003,244,238,482
8101004,187,169,356
8101005,264,276,540
8101101,324,307,631
8101102,173,172,345
8101103,310,322,632
8101104,228,227,455
8101105,156,137,293
8101106,120,123,243
8101107,0,0,0
8101108,95,107,202
8101109,123,126,249
8101110,130,129,259
8101201,0,0,0
8101301,94,115,209
8101302,302,207,509
8101303,180,178,358
8101304,151,157,308
8101305,222,197,419
8101306,154,190,344
8101307,86,110,196
8101308,136,152,288
8101309,0,0,0
8101310,128,118,246
8101401,131,137,268
8101402,249,247,496
8101403,297,290,587
8101404,259,249,508
8101405,202,200,402
8101406,127,135,262
8101407,280,296,576
8101501,299,357,656
8101502,143,140,283
8101503,160,175,335
8101504,173,179,352
8101505,244,251,495
8101506,147,191,338
8101507,310,380,690
8101508,159,173,332
8101509,186,210,396
8101510,173,204,377
8101511,123,131,254
8101512,149,153,302
8101601,219,216,435
8101602,98,94,192
8101603,231,220,451
8101604,199,215,414
8101605,199,191,390
8101606,250,243,493
8101607,133,136,269
8101608,3,0,3
8101609,231,237,468
8101610,128,121,249
8101611,188,181,369
8101612,282,250,532
8101613,205,197,402
8101614,225,196,421
8101615,246,233,479
8101616,261,244,505
8101617,207,208,415
8101618,196,205,401
8101619,217,214,431
8101701,156,152,308
8101702,278,273,551
8101703,302,285,587
8101704,162,137,299
8101705,164,178,342
8101706,279,284,563
8101707,196,250,446
8101708,90,88,178
8101709,162,163,325
8101801,0,0,0
8101901,242,266,508
8101902,283,289,572
8101903,68,71,139
8101904,203,201,404
8101905,225,238,463
8101906,161,150,311
8101907,265,288,553
8101908,282,233,515
8101909,209,215,424
8101910,182,180,362
8101911,227,245,472
8101912,179,184,363
8101913,202,223,425
8102001,152,154,306
8102002,184,173,357
8102003,142,139,281
8102004,123,125,248
8102005,151,210,361
8102006,134,144,278
8102007,177,180,357
8102008,195,173,368
8102101,297,318,615
8102102,192,205,397
8102103,267,292,559
8102104,253,252,505
8102105,357,360,717
8102201,118,115,233
8102202,139,149,288
8102203,222,235,457
8102204,271,269,540
8102205,276,289,565
8102206,160,175,335
8102207,244,239,483
8102208,143,167,310
8102301,233,252,485
8102302,121,130,251
8102303,228,215,443
8102304,207,239,446
8102305,154,170,324
8102306,197,182,379
8102307,164,390,554
8102401,123,131,254
8102402,220,263,483
8102403,184,160,344
8102404,160,115,275
8102405,143,134,277
8102406,197,225,422
8102407,140,116,256
8102408,244,251,495
8102501,173,166,339
8102502,217,219,436
8102503,242,260,502
8102504,231,224,455
8102505,134,145,279
8102506,262,283,545
8102601,164,167,331
8102602,80,106,186
8102603,193,224,417
8102604,219,238,457
8102605,133,123,256
8102606,284,272,556
8102607,192,209,401
8102701,264,225,489
8102801,11,16,27
8102901,20,13,33
8103001,202,84,286
8103002,166,93,259
8103003,31,19,50
8103004,10,4,14
8103005,152,148,300
8103006,6,7,13
8103101,289,18,307
8103201,21,13,34
8103301,133,117,250
8103401,183,196,379
8103402,116,115,231
8103403,209,222,431
8103404,213,226,439
8103405,210,241,451
8103406,184,205,389
8103407,140,149,289
8103408,239,257,496
8103409,127,137,264
8103410,242,253,495
8103411,277,295,572
8103412,225,256,481
8103413,203,223,426
8103414,123,109,232
8103501,134,127,261
8103502,216,247,463
8103503,233,228,461
8103504,155,156,311
8103601,185,194,379
8103602,251,230,481
8103603,301,331,632
8103701,265,297,562
8103801,472,464,936
8103802,425,434,859
8103803,267,258,525
8103901,284,262,546
8103902,385,385,770
8103903,370,342,712
8103904,251,252,503
8103905,313,266,579
8103906,341,357,698
8104001,272,281,553
8104002,168,164,332
8104003,287,263,550
8104004,345,337,682
8104005,193,200,393
8104006,161,145,306
8104007,226,266,492
8104008,256,284,540
8104009,347,318,665
8104010,260,235,495
8104011,0,0,0
8104012,312,295,607
8104101,27,9,36
8104201,0,3,3
8104301,153,178,331
8104401,256,264,520
8104402,272,296,568
8104403,372,367,739
8104404,286,281,567
8104405,223,212,435
8104406,320,358,678
8104407,0,0,0
8104408,290,309,599
8104409,168,159,327
8104501,4,3,7
8104601,110,117,227
8104602,226,192,418
8104603,126,117,243
8104604,135,142,277
8104605,117,128,245
8104606,164,183,347
8104607,115,125,240
8104608,272,266,538
8104609,130,154,284
8104610,279,313,592
8104611,317,339,656
8104612,88,124,212
8104613,207,208,415
8104614,147,129,276
8104615,329,335,664
8104616,92,112,204
8104617,260,230,490
8104618,183,214,397
8104619,135,147,282
8104620,184,186,370
8104621,167,179,346
8104622,149,171,320
8104623,256,270,526
8104624,0,0,0
8104625,201,216,417
8104701,138,150,288
8104702,175,186,361
8104703,262,244,506
8104704,133,129,262
8104705,232,214,446
8104706,164,189,353
8104707,107,106,213
8104708,173,153,326
8104709,126,135,261
8104710,231,230,461
8104711,256,261,517
8104712,130,149,279
8104713,226,219,445
8104714,0,0,0
8104715,147,156,303
8104716,215,206,421
8104717,255,257,512
8104718,271,249,520
8104719,214,256,470
8104801,163,182,345
8104802,261,262,523
8104803,169,157,326
8104804,197,209,406
8104805,253,259,512
8104806,166,180,346
8104807,154,148,302
8104808,185,194,379
8104809,239,245,484
8104810,142,161,303
8104811,188,198,386
8104812,247,296,543
8104813,133,144,277
8104814,270,272,542
8104901,1011,951,1962
8104902,5,0,5
8104903,0,0,0
8105001,186,251,437
8105002,151,170,321
8105003,0,0,0
8105004,112,139,251
8105005,224,264,488
8105006,211,187,398
8105007,159,139,298
8105008,110,126,236
8105009,239,326,565
8105010,174,209,383
8105011,261,287,548
8105012,199,203,402
8105013,254,263,517
8105014,124,142,266
8105101,301,190,491
8105102,245,229,474
8105103,394,386,780
8105104,11,4,15
8105105,210,174,384
8105106,250,201,451
8105107,271,250,521
8105108,478,441,919
8105109,267,260,527
8105201,336,193,529
8105202,174,194,368
8105203,189,241,430
8105204,1249,462,1711
8105205,210,198,408
8105206,290,288,578
8105207,209,187,396
8105208,244,259,503
8105209,0,0,0
8105301,218,166,384
8105302,238,190,428
8105303,679,747,1426
8105304,327,259,586
8105401,274,242,516
8105402,328,340,668
8105403,286,268,554
8105404,184,219,403
8105501,205,236,441
8105502,158,134,292
8105503,185,198,383
8105504,192,169,361
8105505,149,155,304
8105506,186,210,396
8105507,221,209,430
8105508,287,291,578
8105509,172,192,364
8105601,248,271,519
8105602,250,264,514
8105603,212,231,443
8105604,160,199,359
8105605,213,243,456
8105606,114,113,227
8105607,183,203,386
8105701,184,207,391
8105702,109,135,244
8105703,126,162,288
8105704,138,159,297
8105705,227,267,494
8105706,220,295,515
8105707,294,312,606
8105708,229,240,469
8105709,212,223,435
8105710,249,195,444
8105711,159,149,308
8105801,252,281,533
8105802,190,257,447
8105803,139,108,247
8105804,168,177,345
8105805,107,132,239
8105806,122,160,282
8105807,260,298,558
8105808,278,277,555
8105809,173,177,350
8105810,174,138,312
8105811,230,260,490
8105812,197,189,386
8105813,232,252,484
8105814,10,7,17
8105901,214,152,366
8105902,304,264,568
8105903,171,197,368
8105904,133,147,280
8106001,232,179,411
8106002,331,319,650
8106003,221,260,481
8106004,333,286,619
8106005,357,281,638
8106006,224,228,452
8106007,156,184,340
8106101,215,207,422
8106102,170,172,342
8106103,189,200,389
8106104,391,382,773
8106105,0,6,6
8106106,118,108,226
8106107,147,177,324
8106108,255,245,500
8106109,179,202,381
8106110,169,175,344
8106111,139,161,300
8106112,137,149,286
8106113,146,139,285
8106114,278,267,545
8106201,140,240,380
8106202,187,295,482
8106203,0,5,5
8106204,156,164,320
8106205,205,238,443
8106206,128,131,259
8106207,159,182,341
8106208,138,138,276
8106209,126,149,275
8106301,282,274,556
8106302,124,126,250
8106303,200,196,396
8106304,132,133,265
8106401,170,127,297
8106402,248,290,538
8106403,110,107,217
8106404,161,147,308
8106405,252,236,488
8106406,309,296,605
8106407,127,107,234
8106408,149,82,231
8106409,3,3,6
8106410,88,95,183
8106411,215,200,415
8106412,190,196,386
8106501,78,108,186
8106502,384,399,783
8106503,203,200,403
8106504,281,311,592
8106505,211,224,435
8106506,146,132,278
8106507,220,232,452
8106508,223,202,425
8106509,113,134,247
8106510,178,182,360
8106601,0,0,0
8106701,166,194,360
8106702,109,106,215
8106703,141,147,288
8106704,164,158,322
8106705,152,175,327
8106706,177,186,363
8106707,115,108,223
8106708,190,220,410
8106709,146,150,296
8106710,154,156,310
8106711,260,378,638
8106712,203,197,400
8106713,152,192,344
8106714,122,143,265
8106715,207,194,401
8106716,108,112,220
8106717,152,144,296
8106801,3,0,3
8106901,150,140,290
8106902,191,107,298
8106903,186,180,366
8106904,229,168,397
8106905,266,291,557
8106906,263,313,576
8106907,207,224,431
8106908,0,0,0
8106909,170,172,342
8107001,156,171,327
8107002,213,220,433
8107003,199,236,435
8107004,136,160,296
8107005,230,247,477
8107006,138,132,270
8107007,211,223,434
8107008,131,113,244
8107101,0,0,0
8107102,257,266,523
8107103,289,317,606
8107104,130,162,292
8107105,209,225,434
8107106,175,167,342
8107107,192,171,363
8107108,271,320,591
8107109,193,194,387
8107110,333,384,717
8107111,134,114,248
8107112,278,290,568
8107201,300,301,601
8107202,156,172,328
8107203,192,213,405
8107204,230,261,491
8107205,258,256,514
8107206,241,271,512
8107207,219,212,431
8107208,268,290,558
8107209,0,0,0
8107301,211,229,440
8107302,251,240,491
8107303,268,282,550
8107304,165,184,349
8107305,192,214,406
8107306,269,266,535
8107307,221,224,445
8107308,148,178,326
8107309,284,274,558
8107310,198,219,417
8107311,294,328,622
8107312,190,177,367
8107313,158,175,333
8107401,227,222,449
8107402,253,266,519
8107403,155,156,311
8107404,154,176,330
8107405,216,221,437
8107406,225,238,463
8107407,278,280,558
8107408,124,126,250
8107409,211,241,452
8107410,177,154,331
8107411,257,244,501
8107412,133,138,271
8107413,168,183,351
8107501,292,310,602
8107502,173,183,356
8107503,194,202,396
8107504,201,209,410
8107505,239,248,487
8107506,225,224,449
8107507,217,205,422
8107508,153,162,315
8107509,128,123,251
8107510,292,292,584
8107511,185,179,364
8107512,145,176,321
8107513,182,167,349
8107601,171,191,362
8107602,203,212,415
8107603,201,196,397
8107604,195,197,392
8107605,186,203,389
8107606,231,232,463
8107607,0,0,0
8107608,219,206,425
8107609,125,119,244
8107701,321,297,618
8107702,202,201,403
8107703,166,165,331
8107704,159,165,324
8107705,212,233,445
8107706,151,160,311
8107707,206,194,400
8107708,3,0,3
8107801,221,244,465
8107802,105,118,223
8107803,207,206,413
8107804,155,160,315
8107805,205,198,403
8107806,204,199,403
8107807,123,116,239
8107808,200,208,408
8107809,145,157,302
8107810,202,255,457
8107811,228,309,537
8107812,159,189,348
8107813,170,176,346
8107814,253,256,509
8107815,153,174,327
8107816,135,141,276
8107817,133,127,260
8107818,219,220,439
8107819,126,127,253
8107820,204,213,417
8107821,203,228,431
8107901,133,150,283
8107902,176,192,368
8107903,227,256,483
8107904,194,174,368
8107905,175,192,367
8107906,164,177,341
8107907,126,159,285
8107908,147,149,296
8107909,154,133,287
8108001,0,0,0
8108002,183,214,397
8108003,260,273,533
8108004,265,260,525
8108101,182,201,383
8108102,170,156,326
8108103,255,255,510
8108104,151,186,337
8108105,197,182,379
8108106,197,223,420
8108107,156,149,305
8108108,228,229,457
8108109,183,181,364
8108110,243,274,517
8108111,162,156,318
8108201,169,160,329
8108202,110,117,227
8108203,192,219,411
8108204,173,165,338
8108205,161,165,326
8108206,158,133,291
8108207,273,268,541
8108208,113,118,231
8108209,147,133,280
8108210,245,237,482
8108211,160,172,332
8108212,222,197,419
8108213,257,252,509
8108214,106,115,221
8108215,256,263,519
8108216,192,215,407
8108217,201,228,429
8108218,185,180,365
8108219,276,289,565
8108220,195,211,406
8108221,158,201,359
8108222,203,203,406
8108223,125,130,255
8108224,213,216,429
8108225,148,132,280
8108226,197,222,419
8108227,198,191,389
8108228,85,102,187
8108229,260,250,510
8108230,179,190,369
8108231,163,181,344
8108232,159,170,329
8108233,144,130,274
8108234,166,154,320
8108235,280,294,574
8108236,282,285,567
8108237,220,224,444
8108238,195,176,371
8108239,163,150,313
8108240,123,109,232
8108241,214,234,448
8108301,279,255,534
8108302,215,198,413
8108303,272,234,506
8108401,118,92,210
8108402,132,113,245
8108403,163,150,313
8108404,159,201,360
8108405,200,190,390
8108406,138,133,271
8108407,145,144,289
8108408,203,200,403
8108409,133,153,286
8108410,124,124,248
8108411,219,205,424
8108412,172,198,370
8108413,108,113,221
8108414,122,131,253
8108415,195,195,390
8108416,47,83,130
8108417,163,222,385
8108418,104,126,230
8108501,4,0,4
8108601,175,153,328
8108602,140,135,275
8108603,228,251,479
8108604,120,137,257
8108605,213,234,447
8108701,245,229,474
8108702,218,212,430
8108703,279,328,607
8108704,135,147,282
8108705,217,254,471
8108706,305,289,594
8108707,139,136,275
8108801,291,279,570
8108802,150,155,305
8108803,192,222,414
8108804,234,219,453
8108805,171,172,343
8108806,163,160,323
8108807,241,238,479
8108808,157,162,319
8108809,287,292,579
8108810,112,116,228
8108901,19,13,32
8109001,109,118,227
8109002,94,99,193
8109003,262,232,494
8109004,261,284,545
8109005,193,192,385
8109006,187,189,376
8109007,216,217,433
8109008,230,258,488
8109009,156,161,317
8109010,252,259,511
8109011,267,255,522
8109012,122,141,263
8109013,176,162,338
8109014,250,261,511
8109015,162,157,319
8109016,237,239,476
8109017,100,105,205
8109018,176,195,371
8109019,269,248,517
8109020,155,145,300
8109101,120,119,239
8109102,171,157,328
8109103,142,181,323
8109104,128,133,261
8109105,168,163,331
8109106,212,214,426
8109107,170,190,360
8109108,236,226,462
8109201,237,256,493
8109202,216,212,428
8109203,202,195,397
8109204,162,164,326
8109205,164,160,324
8109206,164,168,332
8109207,167,182,349
8109208,245,243,488
8109209,51,56,107
8109210,0,0,0
8109301,190,289,479
8109302,112,133,245
8109303,227,224,451
8109304,344,345,689
8109305,270,277,547
8109306,298,305,603
8109401,208,202,410
8109402,0,0,0
8109403,115,115,230
8109404,279,322,601
8109405,294,288,582
8109406,251,240,491
8109407,197,204,401
8109501,134,146,280
8109502,161,181,342
8109503,129,121,250
8109504,155,180,335
8109505,203,228,431
8109506,139,152,291
8109507,172,188,360
8109508,222,239,461
8109509,168,200,368
8109601,181,193,374
8109602,184,187,371
8109603,287,285,572
8109604,200,225,425
8109605,177,160,337
8109701,210,243,453
8109702,221,215,436
8109703,219,213,432
8109704,151,153,304
8109705,135,147,282
8109706,157,149,306
8109707,192,190,382
8109801,128,233,361
8109802,168,165,333
8109803,3,0,3
8109804,121,120,241
8109805,321,293,614
8109806,141,167,308
8109807,178,217,395
8109808,226,242,468
8109809,276,260,536
8109901,390,349,739
8109902,286,292,578
8109903,170,183,353
8109904,204,192,396
8109905,209,209,418
8110001,242,241,483
8110002,189,197,386
8110003,139,221,360
8110004,253,299,552
8110005,267,272,539
8110006,210,210,420
8110007,127,129,256
8110008,290,307,597
8110009,201,200,401
8110010,218,271,489
8110011,113,117,230
8110012,213,244,457
8110101,126,124,250
8110102,188,195,383
8110103,331,314,645
8110104,187,193,380
8110105,179,189,368
8110106,144,219,363
8110107,233,241,474
8110108,244,252,496
8110201,0,0,0
8110202,301,316,617
8110203,201,217,418
8110204,164,162,326
8110205,125,135,260
8110206,115,108,223
8110207,276,359,635
8110208,214,208,422
8110209,146,149,295
8110301,181,195,376
8110302,182,196,378
8110303,153,178,331
8110304,197,225,422
8110305,110,132,242
8110306,217,327,544
8110307,224,224,448
8110308,99,119,218
8110401,329,337,666
8110402,148,173,321
8110403,194,229,423
8110404,195,224,419
8110405,252,273,525
8110406,0,0,0
8110501,0,0,0
8110502,314,269,583
8110503,167,175,342
8110504,124,156,280
8110505,192,193,385
8110506,251,260,511
8110507,348,284,632
8110601,211,212,423
8110602,227,211,438
8110603,230,223,453
8110604,107,147,254
8110605,259,210,469
8110606,216,230,446
8110607,204,231,435
8110701,174,170,344
8110702,256,271,527
8110801,3,0,3
8110802,118,126,244
8110803,277,280,557
8110804,212,239,451
8110805,218,209,427
8110806,197,180,377
8110807,232,252,484
8110901,115,114,229
8110902,297,306,603
8110903,0,0,0
8110904,0,0,0
8110905,93,91,184
8110906,182,225,407
8110907,143,161,304
8110908,178,168,346
8110909,7,0,7
8111001,243,244,487
8111002,233,248,481
8111003,153,130,283
8111004,207,210,417
8111005,156,158,314
8111006,149,154,303
8949999,327,304,631
8979991,0,0,0
9100101,707,0,707
9100102,8,8,16
9100103,187,140,327
9100104,331,267,598
9100105,228,191,419
9100201,207,212,419
9100202,77,58,135
9100203,0,0,0
9100301,109,63,172
9100302,98,98,196
9100303,7,4,11
9100304,0,0,0
9949999,7,19,26
9979993,0,3,3
