SA2,Tot_P_M,Tot_P_F,Tot_P_P
101011001,10760,10724,21484
101011002,5915,5699,11614
101011003,3072,3256,6328
101011004,5234,5161,10395
101011005,4955,5326,10281
101011006,3726,3667,7393
101021007,1690,1667,3357
101021008,4238,4363,8601
101021009,5210,5024,10234
101021010,2412,2229,4641
101021011,7117,6993,14110
101021012,6186,6385,12571
101031013,1223,1196,2419
101031014,3308,3366,6674
101031015,1645,1531,3176
101031016,3568,3095,6663
101041017,3652,3851,7503
101041018,3950,4271,8221
101041019,3896,4149,8045
101041020,4434,4335,8769
101041021,1391,1437,2828
101041022,28,28,56
101041023,1555,1650,3205
101041024,1663,1547,3210
101041025,4711,5070,9781
101041026,3777,3841,7618
101041027,4303,4328,8631
102011028,3478,3530,7008
102011029,5128,5208,10336
102011030,2271,2152,4423
102011031,6303,7289,13592
102011032,8581,9489,18070
102011033,3198,3253,6451
102011034,3271,3837,7108
102011035,3155,3337,6492
102011036,3994,4057,8051
102011037,3081,3233,6314
102011038,3189,3446,6635
102011039,6182,6385,12567
102011040,10721,11814,22535
102011041,4484,4607,9091
102011042,6344,6909,13253
102011043,5302,5888,11190
102021044,10013,11367,21380
102021045,5274,5508,10782
102021046,4398,4570,8968
102021047,7416,7930,15346
102021048,9876,10802,20678
102021049,1503,1505,3008
102021050,4858,5207,10065
102021051,2368,2424,4792
102021052,2712,2689,5401
102021053,6734,7254,13988
102021054,4347,4654,9001
102021055,2470,2565,5035
102021056,6071,6424,12495
102021057,3995,4158,8153
103011058,11460,11524,22984
103011059,4744,4753,9497
103011060,3432,3178,6610
103011061,2349,2110,4459
103021062,3465,3428,6893
103021063,4385,4542,8927
103021064,2727,2622,5349
103021065,4870,4933,9803
103021066,1848,1799,3647
103021067,5311,5630,10941
103021068,1742,1649,3391
103021069,2906,2941,5847
103031070,6228,6021,12249
103031071,4052,3845,7897
103031072,5160,5323,10483
103031073,1688,1658,3346
103031074,5169,4782,9951
103031075,0,0,0
103041076,3499,3507,7006
103041077,9530,10099,19629
103041078,8212,8626,16838
103041079,5550,5447,10997
104011080,8864,9495,18359
104011081,7679,7355,15034
104011082,7732,8110,15842
104021083,2735,2967,5702
104021084,7793,8549,16342
104021085,4669,5148,9817
104021086,1822,1763,3585
104021087,1657,1635,3292
104021088,3817,3879,7696
104021089,9101,9840,18941
104021090,2242,2300,4542
104021091,5676,5770,11446
105011092,2180,2104,4284
105011093,2463,2254,4717
105011094,2139,2121,4260
105011095,2624,2586,5210
105011096,3662,3161,6823
105021097,9018,9499,18517
105021098,1434,1250,2684
105031099,4100,4073,8173
105031100,5181,5669,10850
105031101,7389,8334,15723
105031102,3670,3750,7420
105031103,2671,2495,5166
105031104,2154,2304,4458
105031105,3348,3330,6678
105031106,4470,4154,8624
106011107,4691,4580,9271
106011108,10036,10225,20261
106011109,3515,3520,7035
106011110,4188,4130,8318
106011111,7988,8208,16196
106011112,8253,7883,16136
106011113,2479,2280,4759
106021114,2405,2368,4773
106021115,12536,13272,25808
106021116,3248,3367,6615
106021117,8877,9409,18286
106021118,4388,4338,8726
106031119,2726,2703,5429
106031120,3132,3184,6316
106031121,9456,10189,19645
106031122,6754,6983,13737
106031123,2619,2684,5303
106031124,2250,2249,4499
106031125,6329,6248,12577
106041126,6124,5667,11791
106041127,2039,1959,3998
106041128,2858,3023,5881
106041129,4005,3865,7870
107011130,13335,13314,26649
107011131,10947,11552,22499
107011132,3658,3759,7417
107011133,24,4,28
107011134,7497,7825,15322
107021135,6,6,12
107031136,6679,6939,13618
107031137,3403,3600,7003
107031138,3510,3654,7164
107031139,2842,2895,5737
107031140,3408,3616,7024
107031141,6632,6814,13446
107031142,4617,4872,9489
107031143,9835,10222,20057
107041144,9854,10145,19999
107041145,7332,7754,15086
107041146,9921,9962,19883
107041147,4249,4210,8459
107041148,5202,5377,10579
107041149,14245,13637,27882
107041150,8990,9638,18628
108011151,2388,2341,4729
108011152,6546,7156,13702
108011153,2871,2746,5617
108011154,2756,3044,5800
108021155,7066,7228,14294
108021156,4646,4298,8944
108021157,2214,2428,4642
108021158,3163,3502,6665
108021159,3717,3620,7337
108021160,2430,2524,4954
108031161,175,185,360
108041162,7678,8063,15741
108041163,12731,13982,26713
108041164,7019,7990,15009
108041165,2595,2441,5036
108041166,4922,5294,10216
108051167,2422,2447,4869
108051168,4644,4916,9560
108051169,9586,10520,20106
108051170,5867,5649,11516
108051171,2537,2776,5313
109011172,6161,6641,12802
109011173,4510,4801,9311
109011174,5036,5489,10525
109011175,5473,5402,10875
109011176,6742,7180,13922
109021177,1504,1492,2996
109021178,2920,2849,5769
109021179,1980,1681,3661
109031180,2720,2885,5605
109031181,3347,3162,6509
109031182,3453,3667,7120
109031183,3517,3289,6806
109031184,2530,2587,5117
109031185,4655,4642,9297
110011186,10660,11808,22468
110011187,2178,2111,4289
110011188,2973,3028,6001
110011189,1594,1597,3191
110021190,4285,4371,8656
110021191,5519,5881,11400
110021192,2688,2596,5284
110021193,2813,2804,5617
110021194,3390,3421,6811
110031195,4174,4224,8398
110031196,2946,2604,5550
110031197,3405,3525,6930
110031198,2485,2325,4810
110041199,4264,4468,8732
110041200,2361,2161,4522
110041201,3771,3707,7478
110041202,9815,10087,19902
110041203,6331,7181,13512
110041204,2625,2698,5323
110041205,8641,8700,17341
111011206,8329,8816,17145
111011207,2765,2854,5619
111011208,11512,12043,23555
111011209,11228,11736,22964
111011210,4126,4534,8660
111011211,1719,1742,3461
111011212,5243,5488,10731
111011213,5869,6100,11969
111011214,6153,6607,12760
111021215,4190,4509,8699
111021216,3898,4036,7934
111021217,5559,5864,11423
111021218,6805,7035,13840
111021219,6421,6846,13267
111021220,4357,4350,8707
111021221,3057,3076,6133
111031222,7365,7680,15045
111031223,4127,4235,8362
111031224,5955,5783,11738
111031225,7872,8535,16407
111031226,5583,5630,11213
111031227,7262,7380,14642
111031228,6634,6762,13396
111031229,5173,4962,10135
111031230,12,6,18
111031231,4982,5101,10083
111031232,3055,3066,6121
111031233,9118,9919,19037
111031234,5676,6183,11859
111031235,3870,3798,7668
112011236,7611,8555,16166
112011237,7631,8064,15695
112011238,2615,2706,5321
112011239,3698,4034,7732
112011240,4326,4329,8655
112011241,2528,2461,4989
112011242,3568,3772,7340
112011243,3553,3782,7335
112021244,5720,6112,11832
112021245,3534,3361,6895
112021246,5955,6762,12717
112021247,3753,3757,7510
112021248,7631,7934,15565
112021249,7463,7307,14770
112031250,5311,5617,10928
112031251,3895,4342,8237
112031252,4811,4738,9549
112031253,5993,6148,12141
112031254,8710,9484,18194
112031255,12289,13763,26052
113011256,8884,9016,17900
113011257,6652,6031,12683
113011258,4830,5061,9891
113011259,3027,3094,6121
113021260,1805,1584,3389
113021261,3116,3178,6294
113021262,2417,2227,4644
113031263,3615,3829,7444
113031264,1821,1756,3577
113031265,3307,2514,5821
113031266,3149,3176,6325
113031267,7694,8215,15909
113031268,1633,1859,3492
113031269,10012,10857,20869
113031270,5731,6043,11774
113031271,7182,6805,13987
114011272,4036,4250,8286
114011273,1776,1750,3526
114011274,2432,2357,4789
114011275,20,18,38
114011276,1850,1970,3820
114011277,7451,7784,15235
114011278,9066,9038,18104
114011279,6092,6518,12610
114011280,2065,2065,4130
114011281,1680,1616,3296
114011282,6742,7407,14149
114011283,2400,2242,4642
114021284,5683,6471,12154
114021285,2856,2818,5674
114021286,3781,4322,8103
114021287,4281,4651,8932
114021288,1670,1703,3373
114021289,3001,3149,6150
115011290,10491,10857,21348
115011291,9166,9450,18616
115011292,13501,13956,27457
115011293,11639,12721,24360
115011294,2852,2980,5832
115011295,11690,12071,23761
115011296,6113,6333,12446
115021297,10050,10192,20242
115021298,2510,2587,5097
115031299,1415,1224,2639
115031300,10818,10619,21437
115041301,4565,4450,9015
115041302,9208,8960,18168
116011303,7916,7627,15543
116011304,8395,8479,16874
116011305,13089,13527,26616
116011306,9575,9929,19504
116011307,11839,12130,23969
116011308,11175,11337,22512
116021309,7658,7667,15325
116021310,11459,10945,22404
116021311,12820,12991,25811
116021312,5720,5515,11235
116031313,9078,9519,18597
116031314,4052,4078,8130
116031315,9709,9884,19593
116031316,7839,8206,16045
116031317,10811,10908,21719
116031318,11,6,17
116031319,9595,10031,19626
117011320,12,0,12
117011321,4387,4498,8885
117011322,9909,9957,19866
117011323,5181,5408,10589
117011324,3,0,3
117011325,4,0,4
117021326,12194,12420,24614
117021327,9358,9448,18806
117021328,3722,3468,7190
117031329,5918,4143,10061
117031330,7150,6748,13898
117031331,8071,8505,16576
117031332,10752,10767,21519
117031333,9753,8285,18038
117031334,9557,9174,18731
117031335,9188,7371,16559
117031336,8873,6469,15342
117031337,11726,11034,22760
117031338,11096,9994,21090
118011339,8801,9089,17890
118011340,9827,9501,19328
118011341,7634,8212,15846
118011342,0,0,0
118011343,11330,12601,23931
118011344,4998,5425,10423
118011345,6852,7386,14238
118011346,5555,6157,11712
118011347,3239,3941,7180
118021348,11351,12321,23672
118021349,13598,13275,26873
118021350,10992,10118,21110
118021351,14249,15345,29594
118021352,13171,14569,27740
119011353,15254,15579,30833
119011354,9796,10275,20071
119011355,0,0,0
119011356,5133,5053,10186
119011357,12020,12293,24313
119011358,7597,8035,15632
119011359,11880,12336,24216
119011360,7156,7716,14872
119011361,9395,9557,18952
119021362,9210,9409,18619
119021363,13477,13341,26818
119021364,11004,11517,22521
119021365,13206,12002,25208
119021366,9763,9435,19198
119021367,6405,6657,13062
119031368,9775,10377,20152
119031369,10791,11480,22271
119031370,6081,6681,12762
119031371,5825,6120,11945
119031372,8473,8944,17417
119031373,4614,4841,9455
119031374,10995,11609,22604
119041375,7381,7291,14672
119041376,12441,12677,25118
119041377,5914,6096,12010
119041378,4728,4878,9606
119041379,7288,7549,14837
119041380,6337,6788,13125
119041381,9382,8943,18325
119041382,6990,7813,14803
120011383,9525,10058,19583
120011384,8947,9071,18018
120011385,8354,9103,17457
120011386,9114,9986,19100
120021387,7036,7716,14752
120021388,11545,12890,24435
120021389,6148,6871,13019
120031390,11134,11640,22774
120031391,10195,10819,21014
120031392,4594,4785,9379
120031393,7810,8575,16385
120031394,7619,8287,15906
120031395,6400,6834,13234
120031396,6497,6022,12519
120031397,13041,12962,26003
121011398,11568,12773,24341
121011399,8774,9349,18123
121011400,11668,12480,24148
121011401,4557,4707,9264
121011402,11817,12507,24324
121021403,8813,8921,17734
121021404,5733,5661,11394
121021405,14269,15104,29373
121021406,8732,9295,18027
121031407,8839,9915,18754
121031408,10209,10964,21173
121031409,7400,8336,15736
121031410,9014,9631,18645
121031411,8579,9449,18028
121031412,8349,8898,17247
121041413,8479,9577,18056
121041414,7933,8687,16620
121041415,12820,14632,27452
121041416,7861,8849,16710
121041417,4699,4816,9515
122011418,9270,9912,19182
122011419,10138,10428,20566
122021420,5978,6219,12197
122021421,4984,5222,10206
122021422,6384,6515,12899
122021423,10559,11288,21847
122031424,6303,6740,13043
122031425,3487,3722,7209
122031426,11252,11506,22758
122031427,5968,6320,12288
122031428,11859,12224,24083
122031429,9641,9595,19236
122031430,7708,8193,15901
122031431,11110,11580,22690
122031432,1782,1752,3534
123011433,5792,6343,12135
123011434,7853,8222,16075
123011435,11831,12194,24025
123021436,9161,9990,19151
123021437,7707,8049,15756
123021438,10293,10720,21013
123021439,0,0,0
123021440,8267,8319,16586
123021441,7898,8086,15984
123021442,10097,10835,20932
123021443,8640,8940,17580
123021444,9920,10239,20159
123031445,2701,2707,5408
123031446,3597,3467,7064
123031447,7581,7788,15369
123031448,4305,4259,8564
124011449,2648,2813,5461
124011450,9125,9373,18498
124011451,15,13,28
124011452,6181,6740,12921
124011453,5333,5748,11081
124011454,10465,11308,21773
124011455,2808,3126,5934
124021456,3,6,9
124031457,7549,7586,15135
124031458,8635,8735,17370
124031459,6741,7138,13879
124031460,10194,10695,20889
124031461,8147,8740,16887
124031462,8368,8747,17115
124031463,3319,3201,6520
124031464,5653,6161,11814
124031465,2576,2483,5059
124041466,6504,6936,13440
124041467,7551,7910,15461
124041468,3653,3193,6846
124051469,3354,3314,6668
124051470,9873,9964,19837
124051471,12644,12916,25560
125011472,17260,15862,33122
125011473,6187,5121,11308
125011474,15122,14865,29987
125011475,3,5,8
125021476,12062,12558,24620
125021477,9566,9651,19217
125021478,7751,8010,15761
125031479,8354,8290,16644
125031480,7154,7249,14403
125031481,9319,8926,18245
125031482,11417,12049,23466
125031483,9210,9121,18331
125031484,9346,9674,19020
125031485,12820,12965,25785
125031486,5,0,5
125031487,4,4,8
125041488,12871,12943,25814
125041489,10343,9931,20274
125041490,3761,3865,7626
125041491,8493,8795,17288
125041492,12057,10644,22701
125041493,10105,10604,20709
125041494,5086,5280,10366
126011495,11503,12080,23583
126011496,9339,10080,19419
126021497,11256,11747,23003
126021498,6426,6998,13424
126021499,4889,4916,9805
126021500,8726,9766,18492
126021501,5847,6130,11977
126021502,12780,13360,26140
126021503,8441,8559,17000
127011504,8155,8492,16647
127011505,5022,4854,9876
127011506,3318,3093,6411
127011507,14183,14584,28767
127011508,9235,9405,18640
127021509,7441,7748,15189
127021510,9146,9079,18225
127021511,11425,11941,23366
127021512,7771,8044,15815
127021513,9607,9983,19590
127021514,4687,4754,9441
127021515,8238,8612,16850
127021516,8473,8934,17407
127021517,3805,3956,7761
127021518,2205,2118,4323
127021519,8498,8513,17011
127021520,5226,5406,10632
127021521,14,9,23
127031522,7168,7529,14697
127031523,7709,7941,15650
127031524,9908,9639,19547
127031525,14188,14398,28586
127031526,12714,12993,25707
128011527,12379,13239,25618
128011528,14441,14747,29188
128011529,8181,8665,16846
128011530,8524,9078,17602
128011531,7199,7914,15113
128021532,13808,13926,27734
128021533,3141,3317,6458
128021534,5327,5313,10640
128021535,10420,10635,21055
128021536,10147,10485,20632
128021537,9,7,16
128021538,9275,10095,19370
197979799,57,55,112
199999499,7592,5326,12918
201011001,4101,4244,8345
201011002,5687,6389,12076
201011003,10475,11552,22027
201011004,10879,11906,22785
201011005,3318,3282,6600
201011006,2752,2997,5749
201011007,1955,1825,3780
201011008,6804,7407,14211
201021009,2801,2746,5547
201021010,3669,3754,7423
201021011,4042,4351,8393
201021012,2785,2628,5413
201031013,1691,1612,3303
201031014,1967,1866,3833
201031015,2095,1964,4059
201031016,3686,3945,7631
201031017,2620,2444,5064
202011018,6952,7555,14507
202011019,4872,5255,10127
202011020,6492,7189,13681
202011021,4287,4902,9189
202011022,8756,9653,18409
202011023,2238,2163,4401
202011024,3536,3495,7031
202011025,4300,4436,8736
202021026,3112,3093,6205
202021027,4760,4973,9733
202021028,4115,4063,8178
202021029,2086,1987,4073
202021030,4332,4500,8832
202021031,3068,3340,6408
202031032,2096,2067,4163
202031033,3592,3434,7026
203011034,2353,2360,4713
203011035,3145,3071,6216
203011036,2869,2818,5687
203021037,6552,7064,13616
203021038,12550,13294,25844
203021039,5792,6274,12066
203021040,9091,9783,18874
203021041,9439,10263,19702
203021042,9408,9913,19321
203021043,7976,7546,15522
203021044,4976,5135,10111
203021045,7072,7640,14712
203021046,4719,4963,9682
203021047,6837,7160,13997
203031048,5615,6082,11697
203031049,2418,2501,4919
203031050,8878,9479,18357
203031051,3163,3334,6497
203031052,1928,2144,4072
203031053,7422,7620,15042
204011054,3036,3061,6097
204011055,2979,2971,5950
204011056,5913,6035,11948
204011057,4093,4060,8153
204011058,1778,1780,3558
204011059,3095,3274,6369
204011060,2265,1958,4223
204011061,117,102,219
204011062,1746,1649,3395
204021063,4951,5380,10331
204021064,1718,1660,3378
204021065,1843,1869,3712
204021066,8336,9351,17687
204021067,4649,4478,9127
204031068,2064,2154,4218
204031069,3837,3897,7734
204031070,1460,1430,2890
204031071,2262,2248,4510
204031072,2959,2903,5862
204031073,7059,7524,14583
204031074,10445,10493,20938
204031075,2183,2229,4412
205011076,6513,6706,13219
205011077,3025,2940,5965
205011078,3512,3561,7073
205011079,8006,8716,16722
205021080,0,0,0
205021081,6290,6953,13243
205021082,3752,3538,7290
205021083,0,0,0
205021084,4679,4784,9463
205021085,3378,3323,6701
205021086,2751,2853,5604
205031087,4099,4091,8190
205031088,58,58,116
205031089,4343,4401,8744
205031090,5115,5408,10523
205031091,4591,4815,9406
205031092,8,6,14
205031093,9814,10218,20032
205041094,5649,5737,11386
205041095,8069,8605,16674
205041096,6898,7106,14004
205041097,12410,13289,25699
205041098,2250,2198,4448
205051099,18,11,29
205051100,1996,1839,3835
205051101,6602,6804,13406
205051102,2670,1883,4553
205051103,6773,7486,14259
205051104,2671,2585,5256
206011105,11127,11637,22764
206011106,3958,4518,8476
206011107,6457,6692,13149
206011108,12193,12784,24977
206011109,4720,4813,9533
206021110,4002,4203,8205
206021111,10880,12040,22920
206021112,8432,9003,17435
206031113,6600,6875,13475
206031114,11922,12839,24761
206031115,4350,4810,9160
206031116,6520,7011,13531
206041117,6770,7334,14104
206041118,3041,2750,5791
206041119,2336,2567,4903
206041120,40,38,78
206041121,4733,4986,9719
206041122,10154,9876,20030
206041123,8041,7457,15498
206041124,2930,3262,6192
206041125,2866,3131,5997
206041126,5865,5446,11311
206041127,0,0,0
206051128,6931,7201,14132
206051129,7033,7605,14638
206051130,7028,7485,14513
206051131,5,0,5
206051132,4794,5035,9829
206051133,11618,10932,22550
206051134,7916,7793,15709
206061135,4114,4646,8760
206061136,8644,8843,17487
206061137,7144,7520,14664
206061138,6056,6815,12871
206071139,2480,2426,4906
206071140,3909,4387,8296
206071141,3252,3215,6467
206071142,4652,4778,9430
206071143,5419,6054,11473
206071144,12788,13333,26121
206071145,3994,4139,8133
207011146,3743,3843,7586
207011147,7270,8316,15586
207011148,9762,10180,19942
207011149,9388,10641,20029
207011150,7701,8252,15953
207011151,10198,10506,20704
207011152,6583,6989,13572
207011153,11280,12307,23587
207011154,3047,3258,6305
207011155,7524,8386,15910
207021156,5324,5544,10868
207021157,8831,9529,18360
207021158,13017,14030,27047
207021159,7975,8509,16484
207021160,6345,6807,13152
207031161,9621,10201,19822
207031162,5017,5567,10584
207031163,8448,8922,17370
207031164,7877,8550,16427
207031165,4926,5870,10796
207031166,5009,5132,10141
207031167,4637,5135,9772
208011168,6243,6591,12834
208011169,9973,11284,21257
208011170,7345,8067,15412
208011171,4869,5321,10190
208011172,8139,8737,16876
208011173,7279,7968,15247
208021174,10053,10830,20883
208021175,12717,13207,25924
208021176,7958,8341,16299
208021177,9584,10186,19770
208021178,7958,8477,16435
208021179,5065,5676,10741
208021180,3432,3623,7055
208021181,4243,4349,8592
208021182,6186,6184,12370
208031183,4370,4387,8757
208031184,9,5,14
208031185,5483,5704,11187
208031186,6086,6869,12955
208031187,2600,2585,5185
208031188,9788,10577,20365
208031189,5898,6179,12077
208031190,5551,6116,11667
208031191,4029,4023,8052
208031192,0,0,0
208031193,9013,9709,18722
208041194,9124,10177,19301
208041195,9699,10367,20066
209011196,4716,4800,9516
209011197,9806,10420,20226
209011198,6519,7095,13614
209011199,6590,6855,13445
209011200,5301,5784,11085
209011201,3809,3882,7691
209011202,7438,8190,15628
209011203,8901,9209,18110
209011204,4358,4626,8984
209021205,4940,5416,10356
209021206,14830,15095,29925
209021207,11969,12723,24692
209021208,11402,11538,22940
209031209,11159,11645,22804
209031210,1770,1741,3511
209031211,1837,1740,3577
209031212,2554,2468,5022
209031213,4484,4469,8953
209031214,3303,3303,6606
209031215,6624,6826,13450
209041216,2678,2760,5438
209041217,3065,3057,6122
209041218,13311,13544,26855
209041219,9909,9964,19873
209041220,8981,9255,18236
209041221,6068,6216,12284
209041222,18852,19469,38321
209041223,10193,10138,20331
209041224,6043,5986,12029
209041225,3733,3681,7414
210011226,3390,3569,6959
210011227,0,0,0
210011228,4102,4211,8313
210011229,11825,12420,24245
210011230,2972,3295,6267
210011231,4479,4560,9039
210021232,5405,5673,11078
210021233,1644,1539,3183
210021234,1831,1922,3753
210021235,4342,4280,8622
210031236,3233,3342,6575
210031237,6226,6371,12597
210031238,13815,13961,27776
210031239,10057,10603,20660
210041240,6239,6399,12638
210041241,11844,12371,24215
210051242,5895,5800,11695
210051243,8049,7980,16029
210051244,17130,17189,34319
210051245,8418,8691,17109
210051246,6134,5967,12101
210051247,7304,7538,14842
210051248,69,73,142
210051249,9836,10215,20051
210051250,3073,3194,6267
211011251,5600,5640,11240
211011252,12224,12828,25052
211011253,13891,14184,28075
211011254,6455,6577,13032
211011255,3245,3306,6551
211011256,7500,7735,15235
211011257,3993,4086,8079
211011258,5402,5426,10828
211011259,6723,7044,13767
211011260,8394,9084,17478
211021261,7602,7897,15499
211021262,5010,4995,10005
211031263,5659,5817,11476
211031264,13995,15602,29597
211031265,8913,9102,18015
211031266,7693,8316,16009
211031267,9296,9707,19003
211031268,4632,4686,9318
211041269,4733,5318,10051
211041270,7220,7591,14811
211041271,5300,5647,10947
211041272,4810,5092,9902
211041273,5553,5863,11416
211051274,5033,5030,10063
211051275,4500,4625,9125
211051276,6277,6567,12844
211051277,4098,4432,8530
211051278,8804,9185,17989
211051279,2740,2802,5542
211051280,3269,3464,6733
211051281,10270,10419,20689
211051282,4892,4766,9658
211051283,4686,4688,9374
211051284,4906,4874,9780
211051285,3724,3685,7409
211051286,7876,8108,15984
212011287,4073,4024,8097
212011288,4102,4101,8203
212011289,8826,8683,17509
212011290,3288,3240,6528
212011291,6123,6525,12648
212011292,10372,10976,21348
212021293,10533,11717,22250
212021294,11443,11544,22987
212021295,5170,5085,10255
212021296,12808,12696,25504
212021297,5005,5157,10162
212021298,12932,12950,25882
212021299,3538,3448,6986
212031300,9351,9271,18622
212031301,3923,4288,8211
212031302,7228,7342,14570
212031303,3375,3341,6716
212031304,4340,4403,8743
212031305,11893,11874,23767
212031306,5813,5853,11666
212031307,14300,14294,28594
212031308,3803,3674,7477
212041309,5774,5888,11662
212041310,6042,5583,11625
212041311,13479,12444,25923
212041312,10874,11036,21910
212041313,5002,5168,10170
212041314,9950,10094,20044
212041315,14298,14079,28377
212041316,3708,3682,7390
212041317,10143,9628,19771
212041318,6066,6118,12184
212051319,8084,8168,16252
212051320,9176,8533,17709
212051321,10054,10668,20722
212051322,9092,9394,18486
212051323,7257,7659,14916
212051324,8327,8835,17162
212051325,8717,8930,17647
212051326,10056,10177,20233
212051327,9418,9687,19105
213011328,3738,3424,7162
213011329,4434,4405,8839
213011330,11202,10991,22193
213011331,4128,4315,8443
213011332,6668,6801,13469
213011333,6744,6785,13529
213011334,9484,9400,18884
213011335,7967,8242,16209
213011336,4520,4318,8838
213011337,5261,5375,10636
213011338,8326,8421,16747
213011339,5756,5773,11529
213011340,9002,8934,17936
213021341,5832,5947,11779
213021342,9198,9548,18746
213021343,6492,6518,13010
213021344,7993,8164,16157
213021345,2497,2475,4972
213021346,7269,7478,14747
213031347,8067,7865,15932
213031348,7000,6203,13203
213031349,5051,5114,10165
213031350,4258,4100,8358
213031351,5326,4904,10230
213031352,6690,7057,13747
213041353,8412,8743,17155
213041354,12786,13282,26068
213041355,7776,7767,15543
213041356,8724,8977,17701
213041357,7787,8016,15803
213041358,6981,7190,14171
213041359,1582,1078,2660
213041360,7658,7807,15465
213051361,9364,9614,18978
213051362,9281,9339,18620
213051363,2856,2495,5351
213051364,16318,16095,32413
213051365,10954,11021,21975
213051366,6000,5168,11168
213051367,14528,15214,29742
213051368,5153,5323,10476
213051369,8461,8844,17305
214011370,9391,9731,19122
214011371,10453,11130,21583
214011372,9274,9787,19061
214011373,8492,9120,17612
214011374,11004,11494,22498
214011375,7996,8037,16033
214011376,5246,5304,10550
214021377,4406,4608,9014
214021378,2677,2654,5331
214021379,10206,10093,20299
214021380,10434,11987,22421
214021381,8351,8896,17247
214021382,8225,8862,17087
214021383,8025,8102,16127
214021384,9157,10465,19622
214021385,8557,8895,17452
215011386,4133,3943,8076
215011387,1470,1437,2907
215011388,7667,8227,15894
215011389,1756,1654,3410
215011390,3589,3606,7195
215011391,1815,1770,3585
215011392,4098,4172,8270
215011393,1450,1433,2883
215011394,3502,3526,7028
215021395,3294,3183,6477
215021396,2319,2322,4641
215021397,14604,16043,30647
215021398,2027,1779,3806
215021399,2733,2672,5405
215031400,3229,3158,6387
215031401,3281,3214,6495
215031402,1864,2009,3873
215031403,1785,1686,3471
215031404,5075,5355,10430
215031405,3450,3100,6550
216011406,6833,7358,14191
216011407,5335,5401,10736
216011408,1889,1837,3726
216011409,1875,1923,3798
216011410,2165,1933,4098
216021411,3090,3155,6245
216021412,1312,1247,2559
216021413,6176,6086,12262
216021414,3403,3654,7057
216031415,3787,4026,7813
216031416,8361,8871,17232
216031417,10582,10875,21457
216031418,2019,1907,3926
216031419,5017,4775,9792
217011420,4455,4376,8831
217011421,4856,5248,10104
217011422,5322,5393,10715
217011423,3208,3139,6347
217021424,1670,1793,3463
217021425,5724,6054,11778
217021426,2778,2540,5318
217021427,2726,2671,5397
217021428,3812,3662,7474
217021429,3398,3309,6707
217021430,4324,4566,8890
217021431,1651,1617,3268
217021432,9463,10079,19542
217021433,6207,6631,12838
297979799,36,0,36
299999499,4672,3636,8308
301011001,8255,8455,16710
301011002,3657,3784,7441
301011003,7071,7273,14344
301011004,8372,8545,16917
301011005,1769,1779,3548
301011006,5374,5613,10987
301021007,6847,7567,14414
301021008,2684,2957,5641
301021009,6773,6852,13625
301021010,4354,4305,8659
301021011,3218,3277,6495
301021012,6280,6527,12807
301021013,7063,7754,14817
301031014,3,3,6
301031015,3494,3639,7133
301031016,5171,5544,10715
301031017,1973,1984,3957
301031018,4225,4314,8539
301031019,3830,3974,7804
301031020,6123,6403,12526
301031021,6991,7344,14335
302011022,3401,3545,6946
302011023,3718,3920,7638
302011024,3641,4128,7769
302011025,4064,4261,8325
302011026,3464,3625,7089
302021027,5947,6500,12447
302021028,3821,4349,8170
302021029,2972,3149,6121
302021030,2086,2213,4299
302021031,6159,6451,12610
302021032,2901,3140,6041
302021033,3266,3514,6780
302021034,4560,4875,9435
302031035,4520,4227,8747
302031036,54,36,90
302031037,150,112,262
302031038,3196,3167,6363
302031039,4305,4417,8722
302031040,5134,5252,10386
302041041,8192,8607,16799
302041042,4410,4602,9012
302041043,1666,1793,3459
302041044,3217,3322,6539
302041045,4122,4783,8905
302041046,3954,4151,8105
303011047,5157,5377,10534
303011048,2264,2243,4507
303011049,4876,5426,10302
303011050,2901,3209,6110
303011051,7533,8028,15561
303021052,5307,5357,10664
303021053,7357,7587,14944
303021054,2034,1992,4026
303021055,4215,4350,8565
303021056,3770,4079,7849
303021057,2970,2995,5965
303021058,2549,2240,4789
303021059,4115,4271,8386
303031060,6975,7105,14080
303031061,2700,2876,5576
303031062,4087,4406,8493
303031063,6933,7194,14127
303031064,2029,2048,4077
303031065,4325,4526,8851
303031066,4978,5483,10461
303041067,2310,2236,4546
303041068,4978,5007,9985
303041069,2401,2466,4867
303041070,3629,3524,7153
303041071,4848,5116,9964
303051072,4022,4240,8262
303051073,9039,9430,18469
303051074,1886,1903,3789
303051075,7135,7272,14407
303051076,4433,4274,8707
303061077,3779,3998,7777
303061078,6672,6697,13369
303061079,4018,4072,8090
303061080,8342,8488,16830
304011081,3523,3745,7268
304011082,3513,3572,7085
304011083,1887,1932,3819
304011084,4522,4989,9511
304011085,2210,2171,4381
304021086,4429,4591,9020
304021087,3353,3579,6932
304021088,4950,5218,10168
304021089,1802,1850,3652
304021090,4132,4351,8483
304021091,2651,2714,5365
304031092,3199,3362,6561
304031093,2241,2455,4696
304031094,5730,5940,11670
304031095,2495,2751,5246
304031096,5517,5678,11195
304031097,3951,3981,7932
304041098,4046,3639,7685
304041099,14,10,24
304041100,3270,3741,7011
304041101,3670,3989,7659
304041102,0,0,0
304041103,7821,8128,15949
304041104,4487,4555,9042
305011105,4625,4080,8705
305011106,2974,2243,5217
305011107,2990,2834,5824
305011108,3619,3381,7000
305011109,5902,5825,11727
305011110,2773,2643,5416
305011111,3153,2475,5628
305011112,4029,4032,8061
305021113,1845,1982,3827
305021114,2958,2983,5941
305021115,3075,2523,5598
305021116,2362,2413,4775
305021117,5634,5796,11430
305021118,2959,3044,6003
305031119,1207,1344,2551
305031120,2775,2904,5679
305031121,2572,2593,5165
305031122,4742,5265,10007
305031123,2011,2152,4163
305031124,2341,2380,4721
305031125,2175,2242,4417
305031126,3798,4050,7848
305031127,2142,2302,4444
305031128,3808,3474,7282
305031129,1931,1941,3872
305031130,3251,3138,6389
305031131,4329,4409,8738
305041132,6443,6473,12916
305041133,2622,2729,5351
305041134,4369,4887,9256
305041135,4812,5163,9975
305041136,2759,2788,5547
305041137,5212,5287,10499
306011138,2557,2677,5234
306011139,4864,5097,9961
306011140,1757,1864,3621
306011141,5573,5937,11510
306011142,5393,5507,10900
306011143,3016,2977,5993
306021144,3601,3818,7419
306021145,5210,4643,9853
306021146,3953,4043,7996
306021147,4863,5071,9934
306021148,4057,3985,8042
306021149,4459,4715,9174
306021150,0,0,0
306021151,2717,2971,5688
306021152,2507,2456,4963
306021153,3926,4068,7994
306021154,3252,3045,6297
306021155,2183,2308,4491
306021156,3976,4072,8048
306021157,2395,2431,4826
306031158,2111,2002,4113
306031159,4630,4592,9222
306031160,3908,3618,7526
306031161,5384,4812,10196
306031162,3,3,6
306031163,1202,1207,2409
306041164,3080,2929,6009
306041165,2451,2321,4772
306051166,4820,5348,10168
306051167,2830,2655,5485
306051168,2140,2197,4337
306051169,4036,4025,8061
306051170,5043,5139,10182
307011171,2436,2283,4719
307011172,3698,3388,7086
307011173,3123,3274,6397
307011174,2176,2017,4193
307011175,1957,1843,3800
307011176,3498,3408,6906
307011177,3230,2937,6167
307011178,2211,1928,4139
307021179,4026,4045,8071
307021180,3797,3542,7339
307021181,1591,1525,3116
307021182,2649,2642,5291
307021183,8403,8138,16541
307031184,2240,2293,4533
307031185,2052,2041,4093
307031186,2276,2117,4393
307031187,2557,2828,5385
307031188,2809,2681,5490
307031189,6952,7655,14607
308011190,4058,3493,7551
308011191,4907,3986,8893
308011192,6879,6339,13218
308021193,2948,2585,5533
308021194,4477,4091,8568
308021195,2999,2886,5885
308021196,4981,4675,9656
308021197,40,11,51
308021198,5647,5396,11043
308021199,3374,2938,6312
308021200,5479,4907,10386
308021201,2116,2035,4151
308021202,0,0,0
308021203,2799,2752,5551
308021204,2700,2501,5201
308031205,3656,3590,7246
308031206,971,910,1881
308031207,2264,2280,4544
308031208,4510,4733,9243
308031209,2532,1958,4490
308031210,4360,4510,8870
308031211,2561,2500,5061
308031212,1533,1482,3015
308031213,4330,4502,8832
308031214,2588,2778,5366
308031215,3158,3331,6489
308031216,3004,3156,6160
308031217,1931,1706,3637
308031218,1666,1463,3129
308031219,2108,1916,4024
308031220,1400,1289,2689
308031221,4,4,8
308031222,3921,4364,8285
308031223,8248,8124,16372
309011224,3724,3810,7534
309011225,3850,4177,8027
309011226,6621,7247,13868
309011227,5183,5154,10337
309011228,5702,6087,11789
309011229,3088,3276,6364
309021230,2604,2588,5192
309021231,5141,5279,10420
309021232,4279,4604,8883
309021233,5603,6042,11645
309021234,6846,7110,13956
309031235,4621,4954,9575
309031236,3032,3306,6338
309031237,4484,5290,9774
309031238,7885,8517,16402
309031239,4286,4326,8612
309031240,4259,4653,8912
309041241,2030,1968,3998
309041242,6442,6695,13137
309051243,3409,3409,6818
309051244,8519,8867,17386
309051245,3231,3641,6872
309061246,5641,5929,11570
309061247,4147,4327,8474
309061248,9081,9747,18828
309061249,8101,8273,16374
309061250,3669,3758,7427
309071251,4397,4396,8793
309071252,7776,8211,15987
309071253,4266,4318,8584
309071254,1714,1595,3309
309071255,7974,7917,15891
309071256,7087,7283,14370
309071257,1588,1623,3211
309071258,11764,12156,23920
309081259,1888,2098,3986
309081260,3011,3310,6321
309081261,9729,10793,20522
309081262,6867,7499,14366
309091263,5499,6087,11586
309091264,3084,3129,6213
309091265,4231,4205,8436
309091266,13744,14571,28315
309101267,3821,4158,7979
309101268,2069,2119,4188
309101269,1791,1705,3496
309101270,10259,9409,19668
310011271,2269,2108,4377
310011272,3164,3381,6545
310011273,12278,13077,25355
310011274,7514,7920,15434
310011275,3383,3536,6919
310011276,3344,1593,4937
310021277,5473,5465,10938
310021278,2382,2395,4777
310021279,3,0,3
310021280,8745,8795,17540
310021281,6096,5928,12024
310021282,6204,5469,11673
310031283,4401,4844,9245
310031284,3958,3896,7854
310031285,2949,2969,5918
310031286,3395,3283,6678
310031287,8196,8650,16846
310031288,2214,2085,4299
310031289,2464,2327,4791
310031290,2968,2984,5952
310031291,3300,3413,6713
310031292,3151,3175,6326
310031293,6801,7414,14215
310031294,1449,1396,2845
310031295,1614,1629,3243
310041296,4350,4114,8464
310041297,4596,4438,9034
310041298,3,0,3
310041299,3845,3905,7750
310041300,4605,4647,9252
310041301,0,0,0
310041302,7433,7543,14976
310041303,3221,3397,6618
310041304,5001,5252,10253
311011305,6076,6304,12380
311021306,4161,4084,8245
311021307,5862,6109,11971
311021308,3244,3330,6574
311021309,2725,2940,5665
311021310,2623,2677,5300
311031311,5712,6006,11718
311031312,3296,3367,6663
311031313,1901,1866,3767
311031314,5548,5662,11210
311031315,0,0,0
311031316,3889,3864,7753
311031317,5732,5757,11489
311031318,2374,2216,4590
311031319,7699,7830,15529
311041320,5970,5812,11782
311041321,9962,9745,19707
311041322,3000,2851,5851
311051323,3999,4526,8525
311051324,4045,3986,8031
311051325,5317,5413,10730
311051326,4537,4777,9314
311051327,5609,5666,11275
311051328,3415,3595,7010
311061329,3144,3110,6254
311061330,5100,5084,10184
311061331,3166,3094,6260
311061332,7357,7764,15121
311061333,5142,5294,10436
311061334,4448,4542,8990
311061335,2669,2659,5328
311061336,6326,6461,12787
312011337,4640,4210,8850
312011338,5621,4255,9876
312011339,1950,1795,3745
312011340,2207,1837,4044
312011341,4975,3990,8965
312021342,7248,7157,14405
312021343,1873,1763,3636
312021344,5186,4719,9905
312021345,0,3,3
312021346,2222,1849,4071
312021347,284,243,527
312021348,5401,5350,10751
312021349,3388,3358,6746
312021350,2208,1917,4125
312021351,3725,3356,7081
312021352,6105,5489,11594
312021353,4468,3952,8420
312021354,2754,2589,5343
312021355,2000,1859,3859
312021356,3742,3674,7416
312021357,4404,4002,8406
312021358,3228,3279,6507
312031359,5597,4954,10551
312031360,0,0,0
312031361,4108,3876,7984
313011362,6649,6837,13486
313011363,8176,8869,17045
313021364,1870,1805,3675
313021365,10842,11456,22298
313021366,8964,9643,18607
313021367,1874,1848,3722
313021368,3512,3654,7166
313021369,1826,1757,3583
313031370,2448,2392,4840
313031371,3492,2960,6452
313041372,6393,6570,12963
313041373,10569,11192,21761
313041374,2443,2374,4817
313041375,8027,8195,16222
313041376,1424,1399,2823
313051377,3938,3972,7910
313051378,5341,5754,11095
313051379,4414,4787,9201
313051380,7883,8732,16615
313051381,5397,5773,11170
314011382,7835,8025,15860
314011383,7718,7707,15425
314011384,3869,3801,7670
314011385,3962,4031,7993
314011386,11218,11415,22633
314011387,5444,5487,10931
314021388,10007,10419,20426
314021389,5722,6034,11756
314021390,9386,9995,19381
314031391,4880,5122,10002
314031392,2819,2906,5725
314031393,4222,4277,8499
314031394,5560,5565,11125
315011395,641,653,1294
315011396,3923,3131,7054
315011397,680,528,1208
315011398,847,847,1694
315011399,1115,1183,2298
315011400,3188,2305,5493
315011401,1621,1634,3255
315011402,2180,2068,4248
315011403,1776,1558,3334
315021404,2646,2389,5035
315021405,10854,9716,20570
315021406,2259,1600,3859
315021407,2013,1655,3668
315031408,2712,2706,5418
315031409,2306,2313,4619
315031410,1318,1128,2446
315031411,1722,1520,3242
315031412,2044,2145,4189
316011413,7063,8217,15280
316011414,6978,7378,14356
316011415,3460,3555,7015
316011416,4142,4945,9087
316021417,4637,5038,9675
316021418,2990,3156,6146
316021419,2926,3158,6084
316021420,7216,7910,15126
316021421,4942,5284,10226
316021422,3729,4052,7781
316021423,4398,4703,9101
316021424,2903,2993,5896
316031425,6352,6802,13154
316031426,5003,5181,10184
316031427,7961,8740,16701
316031428,5434,5620,11054
316041429,3307,3389,6696
316041430,1702,1663,3365
316041431,4798,4617,9415
316041432,8637,9497,18134
316041433,10089,10166,20255
316051434,1952,2047,3999
316051435,3668,4063,7731
316051436,3842,3932,7774
316051437,3064,3280,6344
316051438,4714,5331,10045
316061439,3472,3727,7199
316061440,3828,4151,7979
316061441,2788,2755,5543
316061442,4704,4783,9487
316061443,2923,3008,5931
316061444,5031,5125,10156
317011445,2811,2890,5701
317011446,5815,6455,12270
317011447,4834,5268,10102
317011448,3432,3748,7180
317011449,2788,2785,5573
317011450,5575,5671,11246
317011451,5181,5058,10239
317011452,3142,3419,6561
317011453,4445,5120,9565
317011454,2882,3014,5896
317011455,3900,4317,8217
317011456,6339,6960,13299
317011457,4908,5146,10054
317011458,5583,5815,11398
317011459,6195,6722,12917
318011460,4464,4689,9153
318011461,4221,3917,8138
318011462,4006,4228,8234
318011463,2091,1843,3934
318011464,2327,2440,4767
318011465,3570,3229,6799
318011466,1226,1111,2337
318021467,2451,2458,4909
318021468,4845,4623,9468
318021469,1676,1779,3455
318021470,2744,2764,5508
318021471,5048,5298,10346
318021472,2986,3160,6146
318021473,7723,7493,15216
318021474,3443,3746,7189
318021475,3435,3290,6725
318021476,4026,4079,8105
318021477,2061,2154,4215
318021478,2599,2525,5124
318021479,2377,2481,4858
318021480,5022,5223,10245
318021481,4006,4135,8141
318021482,7586,8266,15852
318021483,1119,1080,2199
318021484,3936,3945,7881
318021485,1841,2037,3878
318021486,3198,2878,6076
318021487,2613,2646,5259
318021488,2649,2446,5095
318021489,2091,1871,3962
318021490,4482,4124,8606
318021491,3171,2903,6074
319011492,2406,2572,4978
319011493,7611,7775,15386
319011494,1939,1949,3888
319011495,3031,3147,6178
319011496,2552,2664,5216
319011497,3536,3751,7287
319011498,4122,3892,8014
319011499,4818,4567,9385
319011500,3547,4102,7649
319011501,2757,3001,5758
319011502,5266,5732,10998
319021503,3253,3176,6429
319021504,2627,2437,5064
319021505,4742,5066,9808
319021506,4660,4669,9329
319021507,1937,1778,3715
319021508,1881,1834,3715
319021509,4692,4719,9411
319021510,3,3,6
319031511,2943,2777,5720
319031512,6273,6936,13209
319031513,3071,3227,6298
319031514,8613,8269,16882
319031515,1792,1782,3574
319041516,2068,2091,4159
319041517,2241,2246,4487
319041518,5950,6646,12596
319041519,2681,3011,5692
319041520,6834,7679,14513
319041521,5549,5844,11393
319051522,4378,4284,8662
319051523,1552,1613,3165
319051524,9077,9102,18179
319051525,3938,3709,7647
319051526,2426,2451,4877
397979799,277,194,471
399999499,7151,5394,12545
401011001,6911,6051,12962
401011002,3240,3439,6679
401021003,3434,3401,6835
401021004,8638,8681,17319
401021005,2112,2168,4280
401021006,4498,4512,9010
401021007,7104,7811,14915
401021008,2983,2941,5924
401021009,2148,2269,4417
401021010,2738,2611,5349
401031011,8595,9365,17960
401031012,4260,4689,8949
401031013,7067,8220,15287
401041014,4623,4635,9258
401041015,9003,9790,18793
401041016,9755,10696,20451
401051017,4637,5132,9769
401051018,5633,6422,12055
401051019,6446,6612,13058
401061020,2882,3081,5963
401061021,7010,6976,13986
401061022,3403,3597,7000
401071023,8221,8980,17201
401071024,9115,10525,19640
402011025,4366,4407,8773
402011026,8456,9169,17625
402011027,2656,2589,5245
402021028,8035,8158,16193
402021029,7685,7873,15558
402021030,4821,5057,9878
402021031,6074,6091,12165
402021032,3907,3874,7781
402021033,1240,1163,2403
402021034,5970,6196,12166
402021035,1897,1836,3733
402031036,10917,10643,21560
402031037,10495,10298,20793
402031038,9142,9443,18585
402041039,3,0,3
402041040,7219,7466,14685
402041041,7217,7239,14456
402041042,73,3,76
402041043,7498,7819,15317
402041044,8101,7952,16053
402041045,9218,9076,18294
402041046,7946,8056,16002
402041047,8431,8717,17148
402041048,7806,7825,15631
402051049,4524,4905,9429
402051050,4413,4662,9075
402051051,5213,5149,10362
402051052,7508,8230,15738
402051053,9295,9657,18952
402051054,7942,7879,15821
402051055,5976,6180,12156
403011056,6255,7146,13401
403011057,9469,10199,19668
403021058,6040,6528,12568
403021059,6113,6144,12257
403021060,4461,4594,9055
403021061,6775,7457,14232
403021062,6375,7137,13512
403021063,4719,4842,9561
403021064,6166,6974,13140
403031065,2234,2313,4547
403031066,3439,3818,7257
403031067,5511,5716,11227
403031068,7247,7824,15071
403031069,7535,8173,15708
403031070,3833,4014,7847
403041071,5791,6082,11873
403041072,6958,7195,14153
403041073,4183,4443,8626
403041074,4896,4940,9836
403041075,1295,1332,2627
403041076,2112,2170,4282
403041077,5223,5208,10431
403041078,3141,3278,6419
403041079,3694,3816,7510
403041080,6711,6922,13633
403041081,0,0,0
403041082,16,11,27
403041083,2829,2898,5727
403041084,6572,6878,13450
403041085,4512,4638,9150
403041086,4817,4964,9781
403041087,9256,9673,18929
403041088,1629,1657,3286
403041089,5404,5668,11072
404011090,3584,3635,7219
404011091,6653,7008,13661
404011092,6946,6991,13937
404011093,8294,8338,16632
404011094,2739,2970,5709
404011095,7472,8233,15705
404011096,6754,7288,14042
404011097,7576,7741,15317
404021098,0,0,0
404021099,7142,7363,14505
404021100,6840,7218,14058
404021101,5430,5345,10775
404021102,8590,8665,17255
404021103,7,3,10
404031104,0,0,0
404031105,1272,1318,2590
404031106,5953,6259,12212
404031107,11025,11736,22761
404031108,7814,7968,15782
404031109,2204,2276,4480
405011110,2923,3005,5928
405011111,4154,3960,8114
405011112,2891,2785,5676
405011113,1597,1507,3104
405011114,2905,3063,5968
405011115,2155,2260,4415
405021116,1920,2006,3926
405021117,2379,2365,4744
405021118,2105,2080,4185
405021119,4703,4492,9195
405031120,2337,2223,4560
405031121,2745,2684,5429
405031122,6867,7176,14043
405031123,1625,1614,3239
405041124,2511,2559,5070
405041125,2037,2201,4238
405041126,1831,1843,3674
405041127,3548,3501,7049
405041128,2083,1892,3975
406011129,1322,1320,2642
406011130,3270,3106,6376
406011131,2205,2045,4250
406011132,1165,1090,2255
406011133,7512,7709,15221
406011134,1852,1702,3554
406011135,66,42,108
406011136,11116,10875,21991
406011137,0,0,0
406021138,1197,1243,2440
406021139,953,742,1695
406021140,1168,1104,2272
406021141,2109,1329,3438
406021142,6936,6722,13658
406021143,2779,1938,4717
407011144,5015,5423,10438
407011145,2259,2158,4417
407011146,3079,3375,6454
407011147,3374,3263,6637
407011148,6333,7078,13411
407011149,2478,2512,4990
407021150,2899,2497,5396
407021151,1891,1788,3679
407021152,2577,2702,5279
407021153,13482,14273,27755
407021154,2895,2796,5691
407021155,1273,1151,2424
407021156,1583,1495,3078
407021157,3371,3185,6556
407021158,1680,1543,3223
407031159,3305,3219,6524
407031160,1983,2120,4103
407031161,1569,1483,3052
407031162,2573,2660,5233
407031163,905,830,1735
407031164,3019,2812,5831
407031165,8328,8380,16708
407031166,1805,1591,3396
407031167,2076,2311,4387
407031168,2524,2332,4856
407031169,2852,2685,5537
407031170,3334,2995,6329
497979799,5,0,5
499999499,1779,1288,3067
501011001,2239,2197,4436
501011002,10485,11413,21898
501011003,4260,4123,8383
501011004,3659,3663,7322
501021005,7381,7462,14843
501021006,8457,8654,17111
501021007,2331,2357,4688
501021008,3331,3190,6521
501021009,4906,4222,9128
501021010,1529,1454,2983
501021011,6,4,10
501021012,5061,5177,10238
501021013,4952,5045,9997
501021014,4277,4115,8392
501021015,3405,3489,6894
501021016,1774,1809,3583
501031017,2907,2998,5905
501031018,2678,2642,5320
501031019,2700,2715,5415
501031020,2619,2411,5030
502011021,2779,2771,5550
502011022,3710,3725,7435
502011023,4819,5121,9940
502011024,8346,8799,17145
502011025,4154,4417,8571
502011026,2517,2396,4913
502011027,6132,6354,12486
502011028,4411,4863,9274
502011029,4002,3976,7978
503011030,3122,3232,6354
503011031,3613,3980,7593
503011032,3610,3789,7399
503011033,3578,3651,7229
503011034,4630,5496,10126
503011035,8556,8995,17551
503011036,3877,4008,7885
503021037,21,12,33
503021038,5105,5193,10298
503021039,7868,8339,16207
503021040,4219,4325,8544
503021041,14069,11435,25504
503021042,7298,7758,15056
503021043,8166,8400,16566
504011044,7174,7230,14404
504011045,10463,10746,21209
504011046,6489,5865,12354
504011047,10153,10149,20302
504011048,3957,4122,8079
504021049,2676,1349,4025
504021050,3480,3562,7042
504021051,2308,2353,4661
504021052,4,13,17
504021053,6311,6343,12654
504021054,5950,6067,12017
504031055,0,0,0
504031056,9442,9640,19082
504031057,7627,7580,15207
504031058,2119,2207,4326
504031059,11427,11972,23399
504031060,1278,1254,2532
504031061,1840,1794,3634
504031062,4083,3974,8057
504031063,13,0,13
504031064,4,0,4
504031065,2615,2571,5186
504031066,4845,4742,9587
504031067,3340,3382,6722
504031068,2717,2685,5402
504031069,0,0,0
505011070,4843,4749,9592
505011071,6928,7019,13947
505011072,7448,7578,15026
505011073,6649,6778,13427
505011074,5178,5241,10419
505011075,5322,5358,10680
505011076,3064,3101,6165
505011077,6712,7015,13727
505011078,6402,6816,13218
505011079,5447,5559,11006
505011080,4058,4050,8108
505011081,4177,4189,8366
505011082,4663,4876,9539
505011083,4492,4710,9202
505021084,7373,7600,14973
505021085,9044,9000,18044
505021086,11150,11962,23112
505021087,3,0,3
505021088,7310,7908,15218
505021089,9134,9793,18927
505021090,7477,7583,15060
505021091,5,3,8
505021092,7288,6983,14271
505021093,6618,6586,13204
505021094,3393,3533,6926
505021095,5378,5891,11269
505021096,6277,6322,12599
505021097,7189,7635,14824
505031098,5832,5759,11591
505031099,9329,9898,19227
505031100,5526,5806,11332
505031101,5835,5852,11687
505031102,4216,4118,8334
505031103,9423,9553,18976
505031104,5103,5416,10519
505031105,8643,8865,17508
505031106,0,0,0
505031107,6244,6292,12536
505031108,11332,11621,22953
505031109,3744,3699,7443
506011110,7965,8276,16241
506011111,0,0,0
506011112,2659,2595,5254
506011113,3762,3697,7459
506011114,5002,5017,10019
506011115,3676,3654,7330
506011116,3384,3389,6773
506011117,4595,4622,9217
506021118,6745,6543,13288
506021119,7626,7364,14990
506021120,3,0,3
506021121,51,3,54
506021122,11087,10775,21862
506021123,7087,6522,13609
506031124,9648,9910,19558
506031125,4997,5161,10158
506031126,0,0,0
506031127,7748,7200,14948
506031128,6740,6798,13538
506031129,6357,6801,13158
506031130,11,5,16
506031131,8644,8747,17391
506041132,9060,8553,17613
506041133,10573,9936,20509
506041134,9512,9657,19169
506041135,7215,7315,14530
506041136,5985,5813,11798
506041137,11408,11557,22965
506051138,7872,8062,15934
506051139,5911,5870,11781
506051140,7146,7378,14524
506051141,5602,5720,11322
506061142,4047,4109,8156
506061143,2868,2818,5686
506061144,2133,1827,3960
506071145,6253,7146,13399
506071146,5475,5498,10973
506071147,8217,8219,16436
507011148,7057,7144,14201
507011149,2964,2999,5963
507011150,13,6,19
507011151,0,0,0
507011152,3717,3807,7524
507011153,3808,3936,7744
507011154,4876,4979,9855
507011155,10,4,14
507011156,1248,1270,2518
507011157,222,0,222
507011158,289,290,579
507011159,5482,5560,11042
507011160,4483,4613,9096
507011161,5466,5479,10945
507011162,312,258,570
507011163,3611,3514,7125
507021164,3353,3577,6930
507021165,6572,6673,13245
507021166,6494,6952,13446
507021167,0,0,0
507031168,606,527,1133
507031169,3863,3967,7830
507031170,3600,3770,7370
507031171,1307,627,1934
507031172,43,65,108
507031173,10,0,10
507031174,5442,5398,10840
507041175,5109,5517,10626
507041176,1852,1886,3738
507041177,6069,6890,12959
507041178,6610,7260,13870
507041179,3628,3913,7541
507041180,5549,5544,11093
507041181,7342,8113,15455
507041182,5902,6213,12115
507041183,2246,2522,4768
507041184,3081,3123,6204
507051185,8214,8380,16594
507051186,4225,4405,8630
507051187,6977,7128,14105
507051188,7516,7311,14827
507051189,7,5,12
507051190,5568,5670,11238
507051191,7940,7674,15614
507051192,5907,6076,11983
507051193,5498,5603,11101
508011194,5642,5790,11432
508011195,2276,1895,4171
508021196,2730,2617,5347
508021197,2109,1832,3941
508031198,4100,3634,7734
508031199,7412,6537,13949
508031200,4617,4544,9161
508031201,0,0,0
508031202,2985,2422,5407
508031203,3436,2129,5565
508031204,0,0,0
508041205,6501,6266,12767
508041206,4959,3455,8414
508041207,1826,1740,3566
508041208,4054,3749,7803
508041209,1167,1071,2238
508051210,5921,6418,12339
508051211,3982,3763,7745
508051212,3287,3210,6497
508051213,4526,4642,9168
508051214,1822,1745,3567
508051215,2559,1516,4075
508051216,2506,1995,4501
508051217,3039,2731,5770
508061218,6522,3480,10002
508061219,5872,1874,7746
508061220,9524,6952,16476
508061221,3116,2362,5478
508061222,2553,1840,4393
508061223,4226,2200,6426
508061224,5068,4307,9375
509011225,6456,7224,13680
509011226,1532,1465,2997
509011227,2116,2144,4260
509011228,2554,2640,5194
509011229,1513,1320,2833
509011230,2299,2299,4598
509011231,2126,2067,4193
509011232,1841,1433,3274
509011233,4633,4807,9440
509011234,2497,2386,4883
509011235,0,0,0
509021236,2251,2177,4428
509021237,2022,1910,3932
509021238,2083,1975,4058
509021239,4151,3719,7870
509021240,2645,2425,5070
509021241,2425,2217,4642
509021242,2014,1456,3470
509021243,5200,5357,10557
509021244,2180,2208,4388
509021245,2502,2457,4959
509031246,1833,1769,3602
509031247,2461,2122,4583
509031248,1753,1173,2926
509031249,2329,2402,4731
509031250,2482,2383,4865
597979799,381,35,416
599999499,4286,3011,7297
601011001,3545,3945,7490
601011002,2382,2415,4797
601011003,1840,1890,3730
601021004,2756,3075,5831
601021005,3637,3579,7216
601021006,1514,1669,3183
601021007,4634,5001,9635
601021008,3121,3594,6715
601021009,2168,2425,4593
601021010,1646,1260,2906
601021011,2673,2820,5493
601021012,2063,2012,4075
601031013,1900,1845,3745
601031014,2623,2716,5339
601031015,3659,4023,7682
601031016,2020,2125,4145
601031017,4979,5555,10534
601031018,2140,2435,4575
601031019,2490,2636,5126
601031020,3142,3192,6334
601031021,1797,1977,3774
601041022,5135,5617,10752
601041023,4698,5043,9741
601041024,3456,3631,7087
601041025,0,0,0
601041026,1689,1822,3511
601051027,3739,3704,7443
601051028,3869,4263,8132
601051029,2220,2183,4403
601051030,2931,3038,5969
601051031,5461,5695,11156
601051032,2837,3067,5904
601051033,2773,3027,5800
601061034,3569,3515,7084
601061035,3774,3996,7770
602011036,1560,1527,3087
602011037,1807,2006,3813
602011038,2527,2609,5136
602011039,1769,1910,3679
602011040,1831,1920,3751
602011041,4197,4380,8577
602011042,2302,2666,4968
602011043,1789,2006,3795
602011044,2994,3319,6313
602011045,1890,2084,3974
602011046,2940,3132,6072
602011047,2110,2337,4447
602011048,2212,2388,4600
602011049,2251,2387,4638
602011050,1690,1777,3467
602011051,1929,2101,4030
602011052,2299,2398,4697
602021053,1868,1859,3727
602021054,2699,2884,5583
602021055,2725,2833,5558
602021056,1522,1653,3175
602021057,2007,1954,3961
602031058,2023,1908,3931
602031059,3322,3372,6694
602031060,1829,1927,3756
602031061,1851,1767,3618
602031062,2371,2364,4735
602031063,3812,3786,7598
602031064,3150,3027,6177
603011065,1147,1023,2170
603011066,1642,1452,3094
603011067,3107,2964,6071
603011068,4,3,7
603021069,1459,1336,2795
603021070,1959,1928,3887
603021071,1788,1705,3493
603021072,3893,3871,7764
603031073,1215,1140,2355
603031074,2107,2057,4164
604011075,1602,1705,3307
604011076,2611,2497,5108
604011077,1825,1964,3789
604011078,2921,3383,6304
604011079,2414,2519,4933
604011080,1698,1805,3503
604011081,1905,2070,3975
604011082,3203,3516,6719
604011083,2094,2243,4337
604011084,2877,3113,5990
604021085,6532,7478,14010
604021086,2397,2514,4911
604021087,2090,2133,4223
604021088,1482,1594,3076
604021089,2494,2528,5022
604021090,1433,1391,2824
604021091,3136,2962,6098
604021092,1522,1533,3055
604031093,815,750,1565
604031094,2101,1937,4038
604031095,1932,2003,3935
604031096,1974,1763,3737
604031097,2447,2230,4677
604031098,0,0,0
697979799,81,34,115
699999499,613,460,1073
701011001,292,159,451
701011002,2609,1936,4545
701011003,23,17,40
701011004,1694,1563,3257
701011005,1794,1448,3242
701011006,1459,1405,2864
701011007,1031,945,1976
701011008,1981,1768,3749
701011009,1390,1260,2650
701021010,1095,1028,2123
701021011,1217,1188,2405
701021012,1825,697,2522
701021013,1603,1451,3054
701021014,3,0,3
701021015,5,6,11
701021016,1407,1444,2851
701021017,5,3,8
701021018,915,901,1816
701021019,2433,2412,4845
701021020,2336,2356,4692
701021021,1050,1022,2072
701021022,2347,2407,4754
701021023,1262,1203,2465
701021024,1052,974,2026
701021025,1820,1835,3655
701021026,1703,1565,3268
701021027,1209,1301,2510
701021028,1090,1019,2109
701021029,912,863,1775
701021030,1335,1285,2620
701031031,2657,1641,4298
701031032,4020,3781,7801
701031033,10,8,18
701031034,1486,1366,2852
701031035,1950,1697,3647
701041036,1594,1597,3191
701041037,1469,1490,2959
701041038,1890,1774,3664
701041039,1663,1648,3311
701041040,1566,1625,3191
701041041,2100,2031,4131
701041042,0,8,8
701041043,1904,1841,3745
701041044,1700,1719,3419
702011045,2262,2197,4459
702011046,2557,2676,5233
702011047,2254,2251,4505
702011048,2480,2562,5042
702011049,1857,1785,3642
702011050,1127,1036,2163
702011051,1147,1158,2305
702011052,2101,1626,3727
702011053,1455,1475,2930
702011054,995,1065,2060
702021055,1349,1311,2660
702021056,1524,1537,3061
702031057,2328,1906,4234
702031058,1024,903,1927
702031059,1141,1163,2304
702031060,1319,1260,2579
702031061,2414,2291,4705
702041062,1359,1212,2571
702041063,3736,3775,7511
702041064,2111,1822,3933
702051065,1019,1035,2054
702051066,2031,2013,4044
702051067,4675,4534,9209
702051068,1238,1277,2515
797979799,90,18,108
799999499,1018,851,1869
801011001,1200,1283,2483
801011002,2275,2162,4437
801011003,3163,3227,6390
801011004,1484,1584,3068
801011005,1400,1501,2901
801011006,3504,3605,7109
801011007,2690,2723,5413
801011008,2482,2559,5041
801011009,1790,1765,3555
801011010,1076,1045,2121
801011011,1656,1648,3304
801011012,0,0,0
801011013,1449,1429,2878
801011014,1542,1549,3091
801011015,2281,2533,4814
801011016,3712,3602,7314
801011017,1789,1814,3603
801011018,0,0,0
801011019,2722,2784,5506
801011020,1260,1296,2556
801011021,1367,1431,2798
801011022,1571,1629,3200
801011023,1309,1571,2880
801011024,1418,1396,2814
801011025,1268,1292,2560
801011026,1270,1338,2608
801021027,264,225,489
801021028,11,16,27
801021029,20,13,33
801031030,566,349,915
801031031,289,19,308
801031032,21,13,34
801031033,132,117,249
801041034,2683,2886,5569
801041035,734,760,1494
801041036,736,756,1492
801041037,266,297,563
801041038,1159,1165,2324
801041039,1942,1862,3804
801041040,2828,2789,5617
801041041,27,9,36
801041042,0,3,3
801041043,153,178,331
801041044,2192,2249,4441
801041045,4,3,7
801041046,4386,4595,8981
801041047,3453,3499,6952
801041048,2770,2909,5679
801051049,1013,953,1966
801051050,2397,2703,5100
801051051,2420,2138,4558
801051052,2905,2025,4930
801051053,1466,1357,2823
801051054,1075,1064,2139
801051055,1755,1800,3555
801051056,1381,1533,2914
801051057,2148,2337,4485
801051058,2538,2713,5251
801051059,816,767,1583
801051060,1857,1738,3595
801051061,2537,2586,5123
801061062,1243,1540,2783
801061063,740,726,1466
801061064,2014,1886,3900
801061065,2040,2122,4162
801061066,0,0,0
801061067,2712,2959,5671
801061068,3,0,3
801061069,1653,1596,3249
801061070,1408,1514,2922
801071071,2449,2611,5060
801071072,1862,1976,3838
801071073,2835,2998,5833
801071074,2587,2651,5238
801071075,2625,2688,5313
801071076,1531,1552,3083
801071077,1424,1419,2843
801071078,3753,4013,7766
801071079,1499,1573,3072
801071080,704,750,1454
801071081,2120,2195,4315
801071082,7674,7775,15449
801071083,772,688,1460
801071084,2648,2775,5423
801071085,4,0,4
801071086,882,903,1785
801071087,1541,1592,3133
801071088,2010,2010,4020
801071089,19,13,32
801071090,3863,3922,7785
801081091,1348,1375,2723
801081092,1598,1643,3241
801081093,1445,1570,3015
801081094,1347,1364,2711
801081095,1488,1633,3121
801081096,1034,1051,2085
801081097,1285,1312,2597
801081098,1560,1695,3255
801091099,1259,1230,2489
801091100,2465,2710,5175
801091101,1628,1729,3357
801091102,1535,1663,3198
801091103,1364,1592,2956
801091104,1120,1232,2352
801091105,1401,1332,2733
801091106,1454,1466,2920
801091107,434,439,873
801091108,1265,1278,2543
801091109,1011,1071,2082
801091110,1139,1146,2285
897979799,0,0,0
899999499,327,304,631
901011001,1465,607,2072
901021002,284,266,550
901031003,212,166,378
997979799,0,3,3
999999499,7,19,26
