POA,Tot_P_M,Tot_P_F,Tot_P_P
2000,11726,11034,22760
2006,525,631,1156
2007,3644,3467,7111
2008,3394,2900,6294
2009,5912,5707,11619
2010,14794,10609,25403
2011,9753,8285,18038
2015,4374,4055,8429
2016,6759,5276,12035
2017,7702,6766,14468
2018,7708,7690,15398
2019,4399,4502,8901
2020,5102,5078,10180
2021,6851,7387,14238
2022,5681,5914,11595
2023,5336,5430,10766
2024,5267,5810,11077
2025,3239,3941,7180
2026,15309,15087,30396
2027,3399,3906,7305
2028,2049,2638,4687
2029,4347,5055,9402
2030,6762,7151,13913
2031,15377,16943,32320
2032,7621,7644,15265
2033,5538,5426,10964
2034,9152,9941,19093
2035,16032,17202,33234
2036,13913,12982,26895
2037,6609,7232,13841
2038,4125,4544,8669
2039,3762,4157,7919
2040,9804,11060,20864
2041,7036,7716,14752
2042,8816,8905,17721
2043,3501,3347,6848
2044,3722,3468,7190
2045,3234,3416,6650
2046,12013,13166,25179
2047,5453,5926,11379
2048,3799,3903,7702
2049,5169,5285,10454
2050,3460,3243,6703
2052,919,892,1811
2060,5894,6373,12267
2061,2767,2913,5680
2062,3218,3566,6784
2063,2868,3064,5932
2064,4202,4441,8643
2065,13141,14035,27176
2066,13319,14305,27624
2067,10773,11850,22623
2068,7699,8172,15871
2069,6429,6852,13281
2070,5917,6361,12278
2071,5770,6390,12160
2072,3070,3522,6592
2073,7400,8336,15736
2074,10021,10923,20944
2075,9013,9632,18645
2076,11361,12413,23774
2077,17085,17814,34899
2079,3521,3584,7105
2080,801,772,1573
2081,2599,2568,5167
2082,2844,2809,5653
2083,801,744,1545
2084,1782,1752,3534
2085,5175,5533,10708
2086,6577,6615,13192
2087,5968,6320,12288
2088,12820,14633,27453
2089,5235,5848,11083
2090,6101,6924,13025
2092,3293,3433,6726
2093,10473,11139,21612
2094,2634,2855,5489
2095,7500,7572,15072
2096,6960,6915,13875
2097,7088,7300,14388
2099,17984,18702,36686
2100,9481,9962,19443
2101,8853,9128,17981
2102,2901,3245,6146
2103,4870,5296,10166
2104,1431,1662,3093
2105,923,911,1834
2106,4477,4560,9037
2107,7090,7375,14465
2108,961,938,1899
2109,782,1006,1788
2110,4889,4916,9805
2111,6426,6998,13424
2112,13576,14196,27772
2113,8128,8671,16799
2114,10664,10814,21478
2115,4700,4770,9470
2116,3113,3103,6216
2117,9359,9659,19018
2118,10594,10977,21571
2119,5172,5730,10902
2120,9639,9986,19625
2121,12009,12610,24619
2122,13792,14751,28543
2125,7813,8155,15968
2126,9170,9608,18778
2127,4077,4068,8145
2128,2111,1051,3162
2129,4,0,4
2130,3167,3420,6587
2131,10845,11344,22189
2132,4991,5390,10381
2133,5099,5643,10742
2134,6070,6396,12466
2135,11580,11516,23096
2136,3313,3407,6720
2137,11770,12247,24017
2138,6664,6857,13521
2139,35,20,55
2140,6494,6019,12513
2141,12861,12617,25478
2142,11664,10860,22524
2143,3698,3763,7461
2144,17259,15863,33122
2145,35227,36084,71311
2146,7769,7917,15686
2147,17385,17688,35073
2148,29190,29480,58670
2150,13019,11794,24813
2151,10190,10031,20221
2152,4864,5360,10224
2153,25706,26747,52453
2154,18341,19575,37916
2155,21981,22047,44028
2156,6175,6173,12348
2157,1850,1861,3711
2158,4018,4271,8289
2159,2223,2327,4550
2160,16205,16641,32846
2161,14134,14134,28268
2162,8383,8603,16986
2163,4429,4323,8752
2164,9185,9179,18364
2165,19334,20181,39515
2166,24338,25386,49724
2167,3646,3912,7558
2168,20615,21297,41912
2170,46853,48188,95041
2171,12099,12293,24392
2172,1165,1096,2261
2173,6768,6490,13258
2174,219,205,424
2175,1009,927,1936
2176,22866,23197,46063
2177,7440,7749,15189
2178,2441,2382,4823
2179,2755,2649,5404
2190,12221,12488,24709
2191,2928,3115,6043
2192,6280,6294,12574
2193,6928,7060,13988
2194,10660,10559,21219
2195,13206,12002,25208
2196,14885,14711,29596
2197,4073,4102,8175
2198,4169,4501,8670
2199,7953,8051,16004
2200,20182,20430,40612
2203,6224,6758,12982
2204,12194,12420,24614
2205,6512,6334,12846
2206,8949,9368,18317
2207,13429,14107,27536
2208,5647,5869,11516
2209,6983,7634,14617
2210,13627,14385,28012
2211,7892,8318,16210
2212,6860,7437,14297
2213,9968,10409,20377
2214,1918,1926,3844
2216,13119,12943,26062
2217,11617,12008,23625
2218,7529,7648,15177
2219,5885,6551,12436
2220,13783,14651,28434
2221,7706,8077,15783
2222,5615,6077,11692
2223,9663,10142,19805
2224,6430,6999,13429
2225,2654,2774,5428
2226,5843,6031,11874
2227,6776,7272,14048
2228,8523,9079,17602
2229,13143,14159,27302
2230,13337,13638,26975
2231,1104,1109,2213
2232,15253,16009,31262
2233,14505,14799,29304
2234,15284,15542,30826
2250,31601,34031,65632
2251,15256,16581,31837
2256,7193,7784,14977
2257,13257,14389,27646
2258,2533,2575,5108
2259,26364,27633,53997
2260,10723,11064,21787
2261,24314,26689,51003
2262,9849,10302,20151
2263,10721,11658,22379
2264,6509,6611,13120
2265,2601,2788,5389
2267,1298,1372,2670
2278,1355,1330,2685
2280,12958,13640,26598
2281,6595,6821,13416
2282,6962,7499,14461
2283,11316,11760,23076
2284,5090,5376,10466
2285,13504,14294,27798
2286,1705,1743,3448
2287,16243,17029,33272
2289,9245,9607,18852
2290,15716,16461,32177
2291,6634,6762,13396
2292,1258,1178,2436
2293,1097,1029,2126
2294,929,945,1874
2295,2898,2924,5822
2296,900,906,1806
2297,818,797,1615
2298,4472,4970,9442
2299,5138,5553,10691
2300,5139,4943,10082
2302,319,275,594
2303,4536,4468,9004
2304,7395,7571,14966
2305,5789,6152,11941
2306,1456,1639,3095
2307,1843,1862,3705
2308,328,324,652
2311,442,396,838
2312,768,740,1508
2314,147,20,167
2315,6460,6917,13377
2316,2780,2745,5525
2317,2938,3234,6172
2318,5641,5751,11392
2319,3132,3184,6316
2320,14383,14908,29291
2321,5425,5499,10924
2322,8340,8342,16682
2323,12026,12708,24734
2324,11141,11395,22536
2325,13036,13187,26223
2326,3530,3640,7170
2327,3606,3752,7358
2328,1306,1249,2555
2329,1101,1042,2143
2330,10515,9944,20459
2333,6861,6378,13239
2334,1276,1207,2483
2335,2716,2713,5429
2336,1212,1130,2342
2337,3799,3937,7736
2338,750,786,1536
2339,344,324,668
2340,22275,23424,45699
2341,877,852,1729
2342,292,264,556
2343,2256,2271,4527
2344,373,363,736
2345,397,372,769
2346,1389,1421,2810
2347,923,956,1879
2350,11749,12724,24473
2351,387,470,857
2352,1372,1439,2811
2353,504,495,999
2354,1756,1763,3519
2355,390,375,765
2357,2127,2235,4362
2358,1984,2062,4046
2359,306,297,603
2360,7096,7400,14496
2361,442,443,885
2365,1716,1693,3409
2369,592,582,1174
2370,3719,3840,7559
2371,377,366,743
2372,2426,2545,4971
2380,5001,5140,10141
2381,930,814,1744
2382,591,597,1188
2386,173,127,300
2388,1582,1509,3091
2390,4095,4148,8243
2395,410,366,776
2396,610,553,1163
2397,215,193,408
2399,461,415,876
2400,5160,5056,10216
2401,167,155,322
2402,963,950,1913
2403,279,276,555
2404,873,910,1783
2405,311,240,551
2406,364,374,738
2408,238,185,423
2409,581,560,1141
2410,184,164,348
2415,142,138,280
2420,1996,2070,4066
2421,784,736,1520
2422,2588,2630,5218
2423,1662,1568,3230
2424,298,250,548
2425,809,808,1617
2426,251,268,519
2427,1254,1221,2475
2428,10918,11779,22697
2429,4557,4692,9249
2430,15703,16866,32569
2431,2430,2524,4954
2439,1208,1242,2450
2440,10732,10640,21372
2441,3233,3068,6301
2443,4323,4525,8848
2444,20198,22419,42617
2445,2880,2996,5876
2446,6118,6408,12526
2447,3322,3492,6814
2448,4145,4555,8700
2449,1210,1112,2322
2450,18607,19692,38299
2452,7127,7883,15010
2453,1337,1368,2705
2454,3551,3800,7351
2455,1489,1531,3020
2456,6717,6862,13579
2460,14095,14496,28591
2462,1273,1236,2509
2463,3497,3650,7147
2464,3238,3443,6681
2465,177,179,356
2466,843,859,1702
2469,2207,2039,4246
2470,7130,7418,14548
2471,1276,1301,2577
2472,907,823,1730
2473,1469,1500,2969
2474,3183,3203,6386
2475,223,224,447
2476,511,506,1017
2477,5393,5852,11245
2478,12813,13956,26769
2479,2254,2284,4538
2480,21730,22665,44395
2481,5326,5373,10699
2482,2776,2972,5748
2483,4907,5123,10030
2484,8816,9233,18049
2485,6288,7061,13349
2486,14559,16034,30593
2487,5441,5753,11194
2488,1506,1593,3099
2489,3091,3228,6319
2490,355,335,690
2500,18887,18195,37082
2502,5857,5849,11706
2505,2515,2400,4915
2506,3629,3801,7430
2508,4361,4291,8652
2515,5095,5292,10387
2516,2764,2907,5671
2517,6230,6726,12956
2518,9037,9575,18612
2519,8027,8212,16239
2525,5259,5371,10630
2526,7742,8088,15830
2527,10080,10534,20614
2528,11486,11798,23284
2529,10943,11364,22307
2530,14510,15210,29720
2533,7353,7584,14937
2534,2402,2587,4989
2535,3392,3606,6998
2536,8506,8961,17467
2537,5400,5509,10909
2538,1067,1194,2261
2539,8073,8453,16526
2540,20919,20820,41739
2541,11699,12443,24142
2545,556,512,1068
2546,4381,4411,8792
2548,3267,3606,6873
2549,1810,1820,3630
2550,7760,7933,15693
2551,1688,1764,3452
2555,241,214,455
2556,1237,1150,2387
2557,2056,1946,4002
2558,5499,5624,11123
2559,1778,2025,3803
2560,35268,36968,72236
2563,124,117,241
2564,6448,6927,13375
2565,8267,8319,16586
2566,11858,12187,24045
2567,16730,17235,33965
2568,417,460,877
2569,667,606,1273
2570,13828,14516,28344
2571,5124,5017,10141
2572,1926,2015,3941
2573,2216,2289,4505
2574,2708,2712,5420
2575,6754,7277,14031
2576,5975,6735,12710
2577,7121,7529,14650
2578,1137,1282,2419
2579,1818,1780,3598
2580,13708,13404,27112
2581,1005,992,1997
2582,5672,5840,11512
2583,1973,2025,3998
2584,237,228,465
2585,184,155,339
2586,1375,1350,2725
2587,1379,1448,2827
2588,140,165,305
2590,3472,3638,7110
2594,5566,5890,11456
2618,682,707,1389
2619,4658,4762,9420
2620,18508,17925,36433
2621,2683,2686,5369
2622,1631,1627,3258
2623,390,353,743
2625,264,207,471
2626,259,241,500
2627,2370,2030,4400
2628,944,862,1806
2629,312,273,585
2630,4152,4179,8331
2631,376,343,719
2632,821,841,1662
2633,244,208,452
2640,16243,17466,33709
2641,6940,7375,14315
2642,2564,2437,5001
2643,1319,1232,2551
2644,1315,1281,2596
2645,155,145,300
2646,3331,3458,6789
2647,963,941,1904
2648,1355,1148,2503
2649,6,6,12
2650,26082,27890,53972
2651,1312,904,2216
2652,2483,2368,4851
2653,1246,1090,2336
2655,516,538,1054
2656,659,636,1295
2658,719,723,1442
2659,457,461,918
2660,862,803,1665
2661,223,117,340
2663,2647,1931,4578
2665,1185,1152,2337
2666,2522,2537,5059
2668,205,201,406
2669,1040,960,2000
2671,1903,1987,3890
2672,742,735,1477
2675,744,686,1430
2678,201,362,563
2680,11368,11320,22688
2681,844,794,1638
2700,2374,2497,4871
2701,1161,1273,2434
2702,305,309,614
2703,450,498,948
2705,4952,5062,10014
2706,640,571,1211
2707,697,614,1311
2710,4889,4945,9834
2711,1668,1627,3295
2712,714,694,1408
2713,1526,1555,3081
2714,1169,1214,2383
2715,837,790,1627
2716,562,508,1070
2717,683,701,1384
2720,3928,3895,7823
2721,175,175,350
2722,1487,1489,2976
2725,222,226,448
2726,155,149,304
2727,313,256,569
2729,894,834,1728
2730,726,695,1421
2731,2758,2801,5559
2732,926,932,1858
2733,300,293,593
2735,344,307,651
2736,219,184,403
2737,413,382,795
2738,631,595,1226
2739,766,734,1500
2745,12897,13335,26232
2747,16942,17307,34249
2748,981,931,1912
2749,7813,7960,15773
2750,20538,22049,42587
2752,2376,2300,4676
2753,8484,8599,17083
2754,2569,2714,5283
2756,16128,16168,32296
2757,458,419,877
2758,4275,4253,8528
2759,13222,13278,26500
2760,13375,13656,27031
2761,13764,13959,27723
2762,1939,1874,3813
2763,14858,14991,29849
2765,7716,7125,14841
2766,6884,7296,14180
2767,9576,9928,19504
2768,13499,12962,26461
2769,1453,1479,2932
2770,29712,30631,60343
2773,2887,2970,5857
2774,6243,6405,12648
2775,798,745,1543
2776,1945,2045,3990
2777,8519,9264,17783
2778,1198,1234,2432
2779,2145,2389,4534
2780,6181,6740,12921
2782,2808,3126,5934
2783,1387,1500,2887
2784,594,621,1215
2785,2195,2374,4569
2786,507,488,995
2787,2212,2022,4234
2790,7560,7254,14814
2791,348,347,695
2792,247,249,496
2793,593,541,1134
2794,4950,5053,10003
2795,20069,19809,39878
2797,101,118,219
2798,1220,1163,2383
2799,1901,1941,3842
2800,20250,21112,41362
2803,158,145,303
2804,1301,1325,2626
2805,147,148,295
2806,469,445,914
2807,130,128,258
2808,124,103,227
2809,175,145,320
2810,1498,1478,2976
2820,4116,3761,7877
2821,2434,2508,4942
2823,733,674,1407
2824,1152,1173,2325
2825,1373,1317,2690
2827,1711,1874,3585
2828,291,291,582
2829,1581,1597,3178
2830,18163,19572,37735
2831,1997,1891,3888
2832,1456,1291,2747
2833,408,360,768
2834,1381,1111,2492
2835,2196,2047,4243
2836,458,469,927
2839,717,698,1415
2840,1458,1411,2869
2842,222,229,451
2843,652,626,1278
2844,719,711,1430
2845,989,913,1902
2846,201,171,372
2847,1138,1170,2308
2848,866,860,1726
2849,811,790,1601
2850,8059,7886,15945
2852,1712,1647,3359
2864,573,575,1148
2865,353,375,728
2866,1358,1439,2797
2867,333,280,613
2868,244,275,519
2869,749,727,1476
2870,5984,6235,12219
2871,4397,4494,8891
2873,321,314,635
2874,196,177,373
2875,525,514,1039
2876,173,134,307
2877,2079,2043,4122
2878,117,83,200
2879,475,385,860
2880,9404,9806,19210
2898,175,185,360
3000,10431,10196,20627
3002,2244,2470,4714
3003,2118,1626,3744
3004,3878,3859,7737
3005,359,333,692
3006,5862,5440,11302
3008,2680,2416,5096
3010,712,805,1517
3011,9473,8580,18053
3012,11952,11175,23127
3013,6690,7057,13747
3015,7993,8164,16157
3016,7269,7478,14747
3018,5831,5948,11779
3019,4056,4124,8180
3020,20413,20139,40552
3021,25738,26045,51783
3022,1431,1392,2823
3023,27887,27816,55703
3024,8827,9169,17996
3025,5668,5711,11379
3026,75,16,91
3027,1695,1528,3223
3028,13835,13946,27781
3029,34398,34028,68426
3030,38552,39203,77755
3031,8274,8971,17245
3032,12495,12848,25343
3033,6476,6783,13259
3034,5353,5636,10989
3036,2893,2950,5843
3037,23262,23616,46878
3038,14078,14080,28158
3039,6520,7011,13531
3040,11463,12405,23868
3041,5603,5727,11330
3042,6948,7424,14372
3043,8536,8814,17350
3044,11915,12505,24420
3045,68,74,142
3046,15340,15462,30802
3047,9513,9488,19001
3048,8907,9200,18107
3049,4304,4481,8785
3051,5924,5831,11755
3052,2215,2458,4673
3053,6491,7018,13509
3054,3909,4387,8296
3055,6457,6692,13149
3056,11127,11637,22764
3057,3958,4518,8476
3058,15423,16127,31550
3059,6040,5929,11969
3060,6225,6371,12596
3061,2835,2632,5467
3062,3,0,3
3063,351,328,679
3064,26375,26799,53174
3065,4652,4778,9430
3066,3252,3215,6467
3067,2481,2426,4907
3068,8207,9060,17267
3070,10879,12041,22920
3071,8432,9003,17435
3072,14830,15095,29925
3073,23372,24265,47637
3074,10193,10138,20331
3075,9910,9964,19874
3076,13041,13305,26346
3078,5206,5343,10549
3079,7158,7690,14848
3081,6590,6855,13445
3082,15053,15465,30518
3083,13847,14224,28071
3084,11774,12498,24272
3085,6744,6993,13737
3086,397,606,1003
3087,4358,4626,8984
3088,12852,13613,26465
3089,5658,5846,11504
3090,1037,1056,2093
3091,778,732,1510
3093,1826,1956,3782
3094,4171,4588,8759
3095,13526,14116,27642
3096,963,983,1946
3097,652,643,1295
3099,2450,2428,4878
3101,11415,12461,23876
3102,2910,3107,6017
3103,7137,8186,15323
3104,9938,10379,20317
3105,5325,5543,10868
3106,7974,8510,16484
3107,6344,6808,13152
3108,8830,9530,18360
3109,13017,14030,27047
3111,5716,6078,11794
3113,4240,4236,8476
3114,1888,1830,3718
3115,1945,1888,3833
3116,4499,4626,9125
3121,12788,13333,26121
3122,10430,10747,21177
3123,6349,6753,13102
3124,9388,10641,20029
3125,6065,7097,13162
3126,3677,4180,7857
3127,8619,9470,18089
3128,8448,8922,17370
3129,7703,8359,16062
3130,14637,15772,30409
3131,10039,10962,21001
3132,7220,7591,14811
3133,10366,10950,21316
3134,15218,15882,31100
3135,9296,9707,19003
3136,19619,21345,40964
3137,6328,6768,13096
3138,10271,10418,20689
3139,6758,6787,13545
3140,7594,8055,15649
3141,9286,9848,19134
3142,6056,6815,12871
3143,4114,4646,8760
3144,4850,5456,10306
3145,10346,10955,21301
3146,11979,12969,24948
3147,6726,6921,13647
3148,3963,3858,7821
3149,15583,16494,32077
3150,28562,29743,58305
3151,5009,5132,10141
3152,15113,16124,31237
3153,9732,9926,19658
3154,2126,2103,4229
3155,10099,10726,20825
3156,17706,17949,35655
3158,3484,3480,6964
3159,1311,1262,2573
3160,4512,4582,9094
3161,7002,7553,14555
3162,7958,8477,16435
3163,14576,14977,29553
3165,12717,13207,25924
3166,10998,11343,22341
3167,4558,4582,9140
3168,8762,8130,16892
3169,9743,9346,19089
3170,8718,8929,17647
3171,10143,9628,19771
3172,11075,11294,22369
3173,9863,10022,19885
3174,18006,17762,35768
3175,24440,23553,47993
3177,5170,5085,10255
3178,17200,17577,34777
3179,2971,2921,5892
3180,3486,3654,7140
3181,8960,9303,18263
3182,10694,9951,20645
3183,8987,8967,17954
3184,7033,7605,14638
3185,5813,6407,12220
3186,9973,11284,21257
3187,7465,8349,15814
3188,8139,8737,16876
3189,2608,2675,5283
3190,4858,5405,10263
3191,4415,4894,9309
3192,9794,10498,20292
3193,9103,9670,18773
3194,5551,6116,11667
3195,16637,17465,34102
3196,11328,12262,23590
3197,5483,5704,11187
3198,7996,8037,16033
3199,25475,27151,52626
3200,2742,2884,5626
3201,9391,9731,19122
3202,1416,1352,2768
3204,13738,14447,28185
3205,4552,4765,9317
3206,4847,5170,10017
3207,7033,7488,14521
3211,736,657,1393
3212,7282,6864,14146
3214,11361,12079,23440
3215,9639,10181,19820
3216,25126,26878,52004
3217,605,650,1255
3218,6058,6554,12612
3219,9532,10521,20053
3220,7460,7827,15287
3221,3992,3934,7926
3222,5807,6259,12066
3223,3163,3334,6497
3224,4976,5135,10111
3225,1831,2050,3881
3226,6018,6537,12555
3227,2153,2179,4332
3228,7214,7434,14648
3230,1189,1265,2454
3231,713,707,1420
3232,518,528,1046
3233,859,877,1736
3235,184,189,373
3236,106,132,238
3237,249,230,479
3238,106,96,202
3239,206,177,383
3240,1049,1031,2080
3241,1116,1118,2234
3242,390,351,741
3243,335,299,634
3249,1522,1382,2904
3250,5724,6054,11778
3251,335,319,654
3254,196,187,383
3260,2192,2264,4456
3264,1155,1193,2348
3265,1428,1350,2778
3266,1750,1676,3426
3267,154,135,289
3268,1272,1281,2553
3269,501,469,970
3270,70,72,142
3272,838,831,1669
3273,64,59,123
3274,183,168,351
3275,233,238,471
3276,257,253,510
3277,982,909,1891
3278,234,220,454
3280,14423,15544,29967
3281,866,873,1739
3282,1139,1173,2312
3283,484,462,946
3284,1425,1668,3093
3285,635,624,1259
3286,308,310,618
3287,213,219,432
3289,362,372,734
3292,159,152,311
3293,132,132,264
3294,386,365,751
3300,4856,5248,10104
3301,841,806,1647
3302,284,270,554
3303,221,197,418
3304,1214,1260,2474
3305,6354,6297,12651
3309,119,103,222
3310,183,181,364
3311,858,906,1764
3312,482,465,947
3314,398,380,778
3315,818,837,1655
3317,172,143,315
3318,471,505,976
3319,166,158,324
3321,595,587,1182
3324,293,266,559
3325,274,239,513
3328,737,743,1480
3329,158,158,316
3330,228,205,433
3331,2077,2115,4192
3332,489,461,950
3333,371,367,738
3334,253,237,490
3335,940,821,1761
3337,15704,16169,31873
3338,7787,8016,15803
3340,8851,9144,17995
3341,787,735,1522
3342,1530,1595,3125
3345,610,609,1219
3350,26016,28325,54341
3351,3997,3723,7720
3352,7491,7137,14628
3355,6161,6859,13020
3356,6790,7542,14332
3357,1595,1650,3245
3360,425,368,793
3361,453,474,927
3363,1606,1697,3303
3364,1023,1011,2034
3370,812,844,1656
3371,624,573,1197
3373,879,932,1811
3374,304,266,570
3375,117,131,248
3377,4437,4246,8683
3378,157,169,326
3379,299,286,585
3380,2983,3167,6150
3381,500,478,978
3384,412,418,830
3385,319,271,590
3387,184,149,333
3388,282,267,549
3390,504,487,991
3391,146,115,261
3392,329,338,667
3393,1344,1401,2745
3395,325,316,641
3396,265,291,556
3400,6849,7436,14285
3401,2329,2197,4526
3407,173,155,328
3409,537,541,1078
3412,102,115,217
3413,135,118,253
3414,806,856,1662
3418,1401,1398,2799
3419,525,536,1061
3420,169,134,303
3423,324,308,632
3424,367,367,734
3427,1205,1070,2275
3428,333,318,651
3429,16881,17694,34575
3430,225,208,433
3431,1831,1922,3753
3433,175,146,321
3434,2182,2230,4412
3435,1370,1336,2706
3437,4255,4443,8698
3438,1149,1231,2380
3440,962,902,1864
3441,685,636,1321
3442,3495,3694,7189
3444,4136,4358,8494
3446,325,287,612
3447,231,232,463
3448,340,330,670
3450,3112,3639,6751
3451,2573,2232,4805
3453,789,760,1549
3458,857,857,1714
3460,1138,1427,2565
3461,1977,1977,3954
3462,515,474,989
3463,1393,1461,2854
3464,582,561,1143
3465,4207,4442,8649
3467,648,616,1264
3468,123,113,236
3469,218,201,419
3472,740,665,1405
3475,158,142,300
3477,216,180,396
3478,1516,1513,3029
3480,840,854,1694
3482,244,211,455
3483,328,334,662
3485,94,97,191
3490,554,531,1085
3491,215,216,431
3494,347,290,637
3496,2969,2882,5851
3498,2540,2475,5015
3500,14604,16044,30648
3501,1013,918,1931
3505,2320,2322,4642
3507,224,192,416
3509,107,95,202
3512,290,259,549
3515,453,446,899
3516,402,356,758
3517,765,745,1510
3518,637,660,1297
3520,138,109,247
3521,374,362,736
3522,198,207,405
3523,1783,1718,3501
3525,649,639,1288
3527,387,402,789
3530,189,149,338
3531,177,144,321
3533,421,426,847
3537,592,581,1173
3540,181,180,361
3542,112,112,224
3544,180,153,333
3546,255,224,479
3549,1945,1808,3753
3550,19066,21080,40146
3551,12157,11975,24132
3555,8756,9653,18409
3556,5444,5738,11182
3557,305,304,609
3558,478,494,972
3559,317,245,562
3561,2342,2410,4752
3562,144,139,283
3563,395,384,779
3564,7351,7849,15200
3566,263,259,522
3567,322,297,619
3568,1386,1426,2812
3570,288,306,594
3571,167,157,324
3572,111,95,206
3573,268,246,514
3575,449,434,883
3579,2575,2690,5265
3580,387,382,769
3581,171,140,311
3584,700,620,1320
3585,5246,5499,10745
3586,388,363,751
3588,161,149,310
3589,201,170,371
3590,186,187,373
3591,142,130,272
3594,251,232,483
3595,352,332,684
3596,79,66,145
3597,306,278,584
3608,1149,1150,2299
3610,925,750,1675
3612,867,815,1682
3614,381,371,752
3616,2531,2534,5065
3617,150,140,290
3618,339,333,672
3620,3930,4097,8027
3621,1130,1063,2193
3622,180,148,328
3623,474,441,915
3624,309,283,592
3629,4476,4678,9154
3630,14361,15192,29553
3631,5121,5042,10163
3633,331,297,628
3634,903,857,1760
3635,326,305,631
3636,2651,2764,5415
3637,341,330,671
3638,1043,994,2037
3639,257,251,508
3640,596,541,1137
3641,563,515,1078
3644,4374,4407,8781
3646,391,383,774
3649,223,210,433
3658,2932,2901,5833
3659,408,381,789
3660,3650,3768,7418
3662,691,464,1155
3663,97,113,210
3664,531,517,1048
3666,2440,2429,4869
3669,542,542,1084
3670,338,327,665
3672,4951,5380,10331
3673,751,759,1510
3675,728,739,1467
3677,8066,9104,17170
3678,3211,3051,6262
3682,366,288,654
3683,835,805,1640
3685,1203,1276,2479
3687,450,441,891
3688,628,619,1247
3690,14827,15722,30549
3691,4340,4056,8396
3694,373,209,582
3695,222,223,445
3697,282,306,588
3698,418,420,838
3699,516,524,1040
3700,578,592,1170
3701,567,504,1071
3705,211,202,413
3707,840,858,1698
3709,154,148,302
3711,137,120,257
3712,197,164,361
3713,505,477,982
3714,1556,1693,3249
3715,168,134,302
3717,1339,1317,2656
3719,275,273,548
3720,281,240,521
3722,2097,2263,4360
3723,1546,1422,2968
3725,170,177,347
3726,456,397,853
3727,203,160,363
3728,278,282,560
3730,3870,4134,8004
3732,217,212,429
3733,204,217,421
3735,263,256,519
3737,2137,2113,4250
3739,196,180,376
3740,468,485,953
3741,1519,1552,3071
3744,155,141,296
3746,120,111,231
3747,2064,2154,4218
3749,879,975,1854
3750,267,242,509
3751,185,152,337
3752,10224,10650,20874
3753,459,413,872
3754,8809,8977,17786
3755,151,148,299
3756,4598,4657,9255
3757,4011,3975,7986
3758,1109,1031,2140
3759,584,574,1158
3760,200,191,391
3761,592,546,1138
3763,696,651,1347
3764,3725,3810,7535
3765,3269,3464,6733
3766,625,583,1208
3767,614,623,1237
3770,1633,1556,3189
3775,1749,1741,3490
3777,5035,5298,10333
3778,249,225,474
3779,115,108,223
3781,2227,2173,4400
3782,3897,3874,7771
3783,1117,1032,2149
3785,0,0,0
3786,785,750,1535
3787,579,566,1145
3788,827,836,1663
3789,137,131,268
3791,788,769,1557
3792,535,503,1038
3793,1692,1764,3456
3795,608,612,1220
3796,4687,4687,9374
3797,1550,1652,3202
3799,2990,3025,6015
3800,412,402,814
3802,12322,12252,24574
3803,5005,5157,10162
3804,3376,3328,6704
3805,27236,27244,54480
3806,22160,23391,45551
3807,3404,3386,6790
3808,1487,1490,2977
3809,896,865,1761
3810,17162,18144,35306
3812,1131,1138,2269
3813,574,531,1105
3814,951,967,1918
3815,1450,1462,2912
3816,1000,972,1972
3818,5950,6139,12089
3820,6661,7413,14074
3821,1278,1270,2548
3822,525,515,1040
3823,883,901,1784
3824,2282,2353,4635
3825,9935,10390,20325
3831,724,727,1451
3832,214,201,415
3833,165,152,317
3835,269,236,505
3840,8196,8421,16617
3842,2446,2497,4943
3844,13363,14231,27594
3847,1057,1110,2167
3850,6773,7486,14259
3851,2955,1996,4951
3852,75,44,119
3854,760,747,1507
3856,462,453,915
3857,184,193,377
3858,1436,1450,2886
3859,466,445,911
3860,3404,3566,6970
3862,1557,1573,3130
3864,194,199,393
3865,206,183,389
3869,735,746,1481
3870,748,777,1525
3871,1438,1425,2863
3873,231,212,443
3874,260,228,488
3875,8021,8631,16652
3878,354,385,739
3880,1873,1924,3797
3882,497,458,955
3885,916,870,1786
3886,226,216,442
3887,178,163,341
3888,1861,1887,3748
3889,163,124,287
3890,89,80,169
3891,87,85,172
3892,505,527,1032
3895,96,79,175
3896,217,203,420
3898,325,303,628
3900,143,106,249
3902,167,183,350
3903,327,298,625
3904,615,607,1222
3909,3803,3942,7745
3910,10426,10945,21371
3911,1620,1651,3271
3912,7143,7461,14604
3913,1644,1662,3306
3915,4364,4665,9029
3916,294,292,586
3918,1702,1676,3378
3919,1444,1395,2839
3920,779,306,1085
3921,57,59,116
3922,3309,3490,6799
3923,337,337,674
3925,1470,1545,3015
3926,1601,1697,3298
3927,711,716,1427
3928,231,238,469
3929,443,417,860
3930,8351,8897,17248
3931,10434,11988,22422
3933,529,499,1028
3934,8226,8861,17087
3936,4406,4608,9014
3937,928,975,1903
3938,1239,1304,2543
3939,6422,7195,13617
3940,2064,2515,4579
3941,5838,5867,11705
3942,1072,1089,2161
3943,699,749,1448
3944,220,226,446
3945,504,463,967
3950,2250,2371,4621
3951,489,444,933
3953,3500,3781,7281
3954,184,201,385
3956,1108,1109,2217
3957,216,230,446
3958,263,232,495
3959,500,488,988
3960,1114,1173,2287
3962,576,572,1148
3965,93,86,179
3966,351,323,674
3971,2023,1979,4002
3975,5813,5853,11666
3976,11893,11874,23767
3977,33461,33963,67424
3978,649,569,1218
3979,336,330,666
3980,1588,1472,3060
3981,2125,2137,4262
3984,2386,2372,4758
3987,640,692,1332
3988,464,431,895
3991,205,209,414
3992,307,299,606
3995,4458,4677,9135
3996,2394,2565,4959
4000,7775,6557,14332
4005,5672,5658,11330
4006,7922,6802,14724
4007,5097,5355,10452
4008,199,151,350
4009,0,0,0
4010,1025,961,1986
4011,6916,7507,14423
4012,9697,10121,19818
4013,2162,2142,4304
4014,5334,5443,10777
4017,17487,18322,35809
4018,4122,4783,8905
4019,9277,9730,19007
4020,9814,10560,20374
4021,4724,5205,9929
4022,3157,3526,6683
4025,171,127,298
4030,7581,7546,15127
4031,6159,6451,12610
4032,6796,7491,14287
4034,20371,21460,41831
4035,11468,11833,23301
4036,3400,3546,6946
4037,3962,4030,7992
4051,12911,12938,25849
4053,20207,21578,41785
4054,6248,6716,12964
4055,9740,9811,19551
4059,5647,5916,11563
4060,6443,6474,12917
4061,7821,8128,15949
4064,4812,5163,9975
4065,4368,4888,9256
4066,7990,8157,16147
4067,4547,4596,9143
4068,10814,11086,21900
4069,16127,16945,33072
4070,5186,5361,10547
4072,971,1079,2050
4073,4426,4904,9330
4074,11504,11768,23272
4075,10217,10984,21201
4076,4378,2416,6794
4077,12289,12868,25157
4078,11054,11919,22973
4101,9798,9507,19305
4102,3311,2951,6262
4103,6584,6634,13218
4104,2707,2833,5540
4105,6390,6442,12832
4106,687,569,1256
4107,3069,3027,6096
4108,2433,2284,4717
4109,17460,17908,35368
4110,4789,4785,9574
4111,720,677,1397
4112,3780,3997,7777
4113,13646,13801,27447
4114,16579,16622,33201
4115,8766,9037,17803
4116,11412,11894,23306
4117,577,633,1210
4118,14482,14581,29063
4119,2669,2659,5328
4120,4215,4350,8565
4121,11588,12194,23782
4122,20326,21605,41931
4123,7849,8242,16091
4124,9138,9244,18382
4125,3492,3421,6913
4127,10757,10989,21746
4128,7883,7995,15878
4129,3047,3077,6124
4130,4045,3986,8031
4131,4537,4777,9314
4132,11174,11315,22489
4133,7165,7540,14705
4151,7357,7588,14945
4152,20464,22039,42503
4153,2225,2369,4594
4154,4559,4674,9233
4155,531,547,1078
4156,1475,1507,2982
4157,9271,9405,18676
4158,1770,1778,3548
4159,6785,7011,13796
4160,8469,8962,17431
4161,8250,8478,16728
4163,6847,7567,14414
4164,6280,6527,12807
4165,16199,17045,33244
4169,6693,5909,12602
4170,10856,11079,21935
4171,7164,7378,14542
4172,1972,1985,3957
4173,4225,4314,8539
4174,1285,1308,2593
4178,11682,12295,23977
4179,8812,9338,18150
4183,1040,986,2026
4184,3143,3198,6341
4205,2143,2446,4589
4207,23645,23829,47474
4208,7862,7892,15754
4209,16859,17295,34154
4210,8053,8223,16276
4211,27559,28776,56335
4212,11979,12493,24472
4213,13605,14106,27711
4214,17436,18371,35807
4215,21628,23087,44715
4216,16132,17604,33736
4217,17940,17387,35327
4218,14612,15050,29662
4219,238,301,539
4220,13864,15020,28884
4221,12451,13151,25602
4223,6840,7233,14073
4224,2574,2704,5278
4225,3457,3399,6856
4226,13908,15342,29250
4227,8792,9595,18387
4228,2562,2546,5108
4229,765,926,1691
4230,725,857,1582
4270,1750,1713,3463
4271,1288,1395,2683
4272,2065,2282,4347
4275,1511,1471,2982
4280,7523,7354,14877
4285,9158,9304,18462
4287,358,298,656
4300,22499,22634,45133
4301,11508,11694,23202
4303,2081,2069,4150
4304,7643,7904,15547
4305,28160,29442,57602
4306,16299,15111,31410
4307,580,560,1140
4309,1178,1182,2360
4310,2990,3020,6010
4311,4666,4611,9277
4312,1508,1504,3012
4313,874,888,1762
4340,2905,2951,5856
4341,6516,6572,13088
4342,1021,1003,2024
4343,5201,5302,10503
4344,1195,1194,2389
4345,78,227,305
4346,294,274,568
4347,561,543,1104
4350,49028,53216,102244
4352,12409,12383,24792
4353,181,168,349
4354,513,520,1033
4355,1345,1420,2765
4356,2460,2442,4902
4357,1248,1216,2464
4358,971,994,1965
4359,573,561,1134
4360,233,251,484
4361,1103,1149,2252
4362,1367,1340,2707
4363,268,255,523
4364,155,150,305
4365,234,182,416
4370,8306,8932,17238
4371,353,376,729
4372,112,87,199
4373,580,600,1180
4374,184,162,346
4375,82,74,156
4376,179,154,333
4377,242,242,484
4378,240,228,468
4380,3733,3970,7703
4381,226,223,449
4382,246,221,467
4383,369,355,724
4385,594,566,1160
4387,700,657,1357
4388,244,249,493
4390,3357,3457,6814
4400,911,910,1821
4401,2801,2649,5450
4402,138,144,282
4403,411,379,790
4404,192,170,362
4405,7099,6830,13929
4406,812,678,1490
4407,361,317,678
4408,421,410,831
4410,611,635,1246
4411,170,149,319
4412,230,174,404
4413,3472,3213,6685
4415,893,961,1854
4416,245,182,427
4417,383,352,735
4419,564,488,1052
4420,540,554,1094
4421,1152,1060,2212
4422,354,312,666
4424,115,102,217
4425,138,112,250
4427,112,100,212
4428,455,407,862
4454,536,447,983
4455,4342,4174,8516
4462,69,70,139
4465,821,803,1624
4468,169,134,303
4470,1842,1887,3729
4472,775,813,1588
4477,294,293,587
4478,315,296,611
4480,529,447,976
4481,190,161,351
4486,397,314,711
4487,1653,1639,3292
4488,186,149,335
4490,948,909,1857
4492,240,164,404
4494,103,86,189
4496,193,167,360
4497,198,185,383
4498,109,109,218
4500,18695,18934,37629
4501,2631,2725,5356
4502,4222,4277,8499
4503,16809,17496,34305
4504,8028,8196,16224
4505,9211,9515,18726
4506,9683,10019,19702
4507,8176,8869,17045
4508,9619,10054,19673
4509,9386,9995,19381
4510,20610,21596,42206
4511,3902,4126,8028
4512,1544,1468,3012
4514,3194,2637,5831
4515,1774,1764,3538
4516,1873,1849,3722
4517,308,292,600
4518,2393,2398,4791
4519,3661,3892,7553
4520,6140,6100,12240
4521,2218,2250,4468
4550,2057,2121,4178
4551,23450,25443,48893
4552,3721,4053,7774
4553,2645,2663,5308
4554,916,897,1813
4555,3306,3373,6679
4556,18183,20541,38724
4557,7046,7300,14346
4558,7960,8741,16701
4559,2975,2970,5945
4560,13489,14553,28042
4561,3364,3220,6584
4562,3625,3568,7193
4563,3845,4078,7923
4564,4840,5026,9866
4565,6741,7224,13965
4566,3342,3775,7117
4567,5016,5326,10342
4568,1670,1679,3349
4569,709,749,1458
4570,19355,19739,39094
4571,357,338,695
4572,1846,1871,3717
4573,10452,10950,21402
4574,636,577,1213
4575,10289,10856,21145
4580,2303,2210,4513
4581,689,612,1301
4600,490,468,958
4601,519,544,1063
4605,2285,2410,4695
4606,1046,1081,2127
4608,449,427,876
4610,7177,7309,14486
4611,125,116,241
4612,233,182,415
4613,269,225,494
4614,619,611,1230
4615,3420,3439,6859
4620,319,256,575
4621,683,665,1348
4625,1519,1532,3051
4626,1052,979,2031
4627,321,309,630
4630,1300,1315,2615
4650,16447,16403,32850
4655,26553,28745,55298
4659,2086,2049,4135
4660,3436,3319,6755
4662,435,436,871
4670,37713,39446,77159
4671,3068,2815,5883
4673,266,218,484
4674,759,619,1378
4676,121,110,231
4677,1583,1463,3046
4678,491,397,888
4680,26335,24496,50831
4694,125,115,240
4695,679,604,1283
4699,294,249,543
4700,8876,9238,18114
4701,20850,21514,42364
4702,13382,11983,25365
4703,10445,10196,20641
4705,242,185,427
4707,230,166,396
4709,842,644,1486
4710,1938,1968,3906
4711,936,863,1799
4712,137,123,260
4713,445,491,936
4714,1533,1482,3015
4715,3666,3504,7170
4716,512,476,988
4717,2774,2326,5100
4718,1397,1185,2582
4719,462,432,894
4720,7243,6641,13884
4721,1950,1795,3745
4722,873,768,1641
4723,927,742,1669
4724,292,279,571
4725,821,834,1655
4726,329,297,626
4727,182,167,349
4728,183,186,369
4730,1746,1878,3624
4731,117,98,215
4733,217,164,381
4735,494,460,954
4737,3993,3659,7652
4738,610,492,1102
4739,221,177,398
4740,40752,38792,79544
4741,4631,3745,8376
4742,892,602,1494
4743,706,602,1308
4744,4975,3990,8965
4745,1668,1335,3003
4746,1058,856,1914
4750,2754,2589,5343
4751,2241,2093,4334
4753,1594,1425,3019
4754,1019,959,1978
4756,277,258,535
4757,217,209,426
4798,305,262,567
4799,431,411,842
4800,4482,4201,8683
4801,171,136,307
4802,4405,3935,8340
4803,655,554,1209
4804,1301,1110,2411
4805,5539,4943,10482
4806,2046,1978,4024
4807,5494,5601,11095
4808,653,615,1268
4809,491,413,904
4810,11076,10447,21523
4811,6002,5752,11754
4812,9600,9876,19476
4813,455,37,492
4814,21793,22596,44389
4815,10025,10498,20523
4816,4546,4045,8591
4817,14495,15246,29741
4818,10417,9890,20307
4819,1120,1079,2199
4820,5339,5454,10793
4821,791,708,1499
4822,435,392,827
4823,628,422,1050
4824,1533,1264,2797
4825,11960,10302,22262
4828,89,98,187
4829,419,341,760
4830,753,704,1457
4849,787,694,1481
4850,5864,5657,11521
4852,1671,1537,3208
4854,2895,2558,5453
4855,458,376,834
4856,284,255,539
4857,93,80,173
4858,635,625,1260
4859,209,202,411
4860,5641,5546,11187
4861,526,543,1069
4865,3851,3805,7656
4868,10582,10871,21453
4869,8613,9018,17631
4870,32925,33383,66308
4871,8328,7777,16105
4872,1881,1766,3647
4873,3080,2929,6009
4874,2832,2124,4956
4875,3793,3697,7490
4876,1122,1192,2314
4877,2451,2321,4772
4878,5801,5834,11635
4879,8406,8731,17137
4880,6337,5799,12136
4881,2139,2198,4337
4882,1204,1222,2426
4883,3802,4275,8077
4884,852,832,1684
4885,1840,1868,3708
4886,441,402,843
4887,1110,1129,2239
4888,1482,1359,2841
4890,747,721,1468
4891,330,256,586
4895,2118,1894,4012
5000,6704,5933,12637
5005,208,121,329
5006,3240,3439,6679
5007,3038,3078,6116
5008,6692,6723,13415
5009,2496,2446,4942
5010,2767,2977,5744
5011,4818,4911,9729
5012,4830,4879,9709
5013,4982,4902,9884
5014,5675,5891,11566
5015,2899,2894,5793
5016,4059,4307,8366
5017,2385,2580,4965
5018,2893,2929,5822
5019,4386,4752,9138
5020,1424,1549,2973
5021,2803,2927,5730
5022,7211,7446,14657
5023,7651,8283,15934
5024,6367,6583,12950
5025,3871,4074,7945
5031,4744,4858,9602
5032,5953,6259,12212
5033,3885,3966,7851
5034,4592,5076,9668
5035,2888,2974,5862
5037,4862,5292,10154
5038,6948,7471,14419
5039,4053,4248,8301
5040,1119,1206,2325
5041,6263,6710,12973
5042,4980,5416,10396
5043,8341,9243,17584
5044,4898,5518,10416
5045,7484,7967,15451
5046,3770,4238,8008
5047,3527,3971,7498
5048,6311,7177,13488
5049,4621,4853,9474
5050,2617,2809,5426
5051,6539,6747,13286
5052,3107,3262,6369
5061,4565,5087,9652
5062,7146,7742,14888
5063,5570,6236,11806
5064,4384,5194,9578
5065,4405,5184,9589
5066,5442,5852,11294
5067,4844,5111,9955
5068,5452,6352,11804
5069,4096,4180,8276
5070,6705,7487,14192
5072,5686,6284,11970
5073,7064,7531,14595
5074,5868,6369,12237
5075,4970,5297,10267
5076,4623,4635,9258
5081,4192,4455,8647
5082,7265,7242,14507
5083,3504,3757,7261
5084,4906,4569,9475
5085,8120,7665,15785
5086,7390,7767,15157
5087,5156,5279,10435
5088,1564,1613,3177
5089,3379,3269,6648
5090,3529,4111,7640
5091,3668,3675,7343
5092,7837,8039,15876
5093,4409,4504,8913
5094,398,393,791
5095,9029,8898,17927
5096,7218,7239,14457
5097,6580,6738,13318
5098,5982,6143,12125
5106,74,3,77
5107,7506,7818,15324
5108,18922,19036,37958
5109,10046,10291,20337
5110,4049,4073,8122
5111,186,7,193
5112,9283,9454,18737
5113,9283,9403,18686
5114,14373,14723,29096
5115,3400,3509,6909
5116,3661,4046,7707
5117,1234,1129,2363
5118,8404,8884,17288
5120,901,847,1748
5121,642,653,1295
5125,8940,9564,18504
5126,3626,3591,7217
5127,3873,4128,8001
5131,441,444,885
5132,168,175,343
5133,268,267,535
5134,229,216,445
5136,275,261,536
5137,242,224,466
5138,201,173,374
5139,90,84,174
5140,230,231,461
5141,347,351,698
5142,258,289,547
5144,220,214,434
5151,183,185,368
5152,2995,3026,6021
5153,3245,3205,6450
5154,1586,1614,3200
5155,1870,1899,3769
5156,529,476,1005
5157,1347,1373,2720
5158,11919,12110,24029
5159,16356,16792,33148
5160,17,11,28
5161,4817,4964,9781
5162,16378,17079,33457
5163,6945,7210,14155
5164,2469,2664,5133
5165,2639,2628,5267
5166,995,939,1934
5167,2579,2675,5254
5168,2348,2392,4740
5169,6731,7194,13925
5170,577,554,1131
5171,2829,2898,5727
5172,1959,1955,3914
5173,5794,6022,11816
5174,1271,1289,2560
5201,866,886,1752
5202,296,299,595
5203,493,525,1018
5204,1152,1188,2340
5210,885,846,1731
5211,6872,7577,14449
5212,976,991,1967
5213,530,544,1074
5214,3722,4074,7796
5220,78,64,142
5221,107,109,216
5222,301,294,595
5223,1773,1690,3463
5231,599,573,1172
5232,243,230,473
5233,673,721,1394
5234,657,644,1301
5235,935,993,1928
5236,317,282,599
5237,44,30,74
5238,1880,1818,3698
5240,277,253,530
5241,1128,1217,2345
5242,513,562,1075
5243,457,466,923
5244,2201,2103,4304
5245,1665,1756,3421
5250,1505,1598,3103
5251,6024,6662,12686
5252,2881,2906,5787
5253,8960,8924,17884
5254,1188,1076,2264
5255,4115,4406,8521
5256,559,566,1125
5259,369,339,708
5260,914,888,1802
5261,205,187,392
5262,284,249,533
5263,182,152,334
5264,743,758,1501
5265,436,379,815
5266,151,125,276
5267,1134,1015,2149
5268,1513,1494,3007
5269,144,133,277
5270,515,496,1011
5271,3440,3285,6725
5272,510,469,979
5275,1165,1114,2279
5276,726,671,1397
5277,1301,1274,2575
5278,279,240,519
5279,189,188,377
5280,3721,3738,7459
5290,12037,12869,24906
5291,4510,4050,8560
5301,258,223,481
5302,410,437,847
5303,239,173,412
5304,280,278,558
5307,293,283,576
5308,126,103,229
5309,83,78,161
5311,310,277,587
5320,332,279,611
5321,312,130,442
5322,512,450,962
5330,1513,1538,3051
5331,335,310,645
5332,64,55,119
5333,2766,2849,5615
5340,687,647,1334
5341,3693,3798,7491
5342,610,546,1156
5343,2512,2589,5101
5344,488,443,931
5345,1672,1769,3441
5346,224,197,421
5350,230,209,439
5351,2844,2758,5602
5352,2441,2528,4969
5353,1951,1920,3871
5354,246,207,453
5355,3463,3581,7044
5356,336,300,636
5357,326,295,621
5360,569,529,1098
5371,742,651,1393
5372,981,946,1927
5373,1590,1562,3152
5374,730,751,1481
5381,174,162,336
5400,451,437,888
5401,450,427,877
5410,116,109,225
5411,163,148,311
5412,560,653,1213
5413,380,355,735
5414,131,122,253
5415,192,178,370
5416,76,80,156
5417,878,873,1751
5419,119,116,235
5421,123,106,229
5422,979,955,1934
5431,432,409,841
5433,737,715,1452
5434,124,122,246
5440,287,205,492
5451,305,293,598
5452,242,209,451
5453,2213,2303,4516
5454,196,186,382
5460,321,313,634
5461,1257,1301,2558
5462,191,186,377
5464,220,195,415
5470,121,106,227
5472,132,131,263
5473,420,375,795
5480,411,382,793
5481,268,254,522
5482,282,302,584
5483,204,203,407
5485,407,408,815
5490,91,88,179
5491,848,868,1716
5495,281,243,524
5501,3440,3253,6693
5502,819,835,1654
5510,196,166,362
5520,316,302,618
5521,212,167,379
5522,770,780,1550
5523,813,880,1693
5540,7475,7738,15213
5550,477,388,865
5552,49,37,86
5554,2570,2640,5210
5555,287,233,520
5556,1831,1843,3674
5558,1928,2082,4010
5560,216,200,416
5570,448,385,833
5571,802,778,1580
5572,205,185,390
5573,995,1062,2057
5575,1543,1426,2969
5576,444,402,846
5577,100,98,198
5580,219,218,437
5581,247,243,490
5582,271,272,543
5583,357,329,686
5600,3644,3404,7048
5601,86,80,166
5602,546,523,1069
5603,125,102,227
5604,65,71,136
5605,893,934,1827
5606,6875,7214,14089
5607,2472,2122,4594
5608,6944,6910,13854
5609,698,692,1390
5630,112,108,220
5631,532,512,1044
5633,223,209,432
5640,482,490,972
5641,590,555,1145
5642,299,238,537
5650,162,139,301
5652,270,287,557
5654,185,171,356
5670,156,135,291
5680,1189,1092,2281
5690,2049,1977,4026
5700,5999,5769,11768
5710,1622,1332,2954
5720,119,97,216
5722,327,265,592
5723,953,742,1695
5724,336,335,671
5725,2780,1938,4718
5731,746,392,1138
5732,89,76,165
5734,81,85,166
5950,0,0,0
5960,7,3,10
6000,5227,4010,9237
6003,1613,1340,2953
6004,4474,3710,8184
6005,2777,2391,5168
6006,4219,4325,8544
6007,3292,3455,6747
6008,6761,7097,13858
6009,8075,8496,16571
6010,7489,7992,15481
6011,4297,4628,8925
6012,3943,4655,8598
6014,9327,9657,18984
6015,3122,3232,6354
6016,4770,4793,9563
6017,2099,1949,4048
6018,16466,17915,34381
6019,10301,9853,20154
6020,10001,10281,20282
6021,9405,9746,19151
6022,2491,2492,4983
6023,7448,7577,15025
6024,6649,6778,13427
6025,14858,14939,29797
6026,10897,11528,22425
6027,20871,21224,42095
6028,9988,10125,20113
6029,1302,1362,2664
6030,18508,19081,37589
6031,5526,5806,11332
6032,112,100,212
6033,403,334,737
6035,2104,2143,4247
6036,5302,5532,10834
6037,1122,1120,2242
6041,710,658,1368
6042,43,37,80
6043,104,103,207
6044,815,661,1476
6050,7186,7730,14916
6051,6489,5864,12353
6052,5082,5361,10443
6053,6658,6867,13525
6054,9896,9869,19765
6055,6026,6028,12054
6056,18449,18624,37073
6057,8121,7994,16115
6058,5838,5973,11811
6059,10849,11672,22521
6060,10589,11296,21885
6061,16821,16874,33695
6062,15490,15627,31117
6063,7099,6898,13997
6064,15155,15284,30439
6065,25769,26307,52076
6066,9380,9572,18952
6067,64,68,132
6068,3,0,3
6069,12448,12926,25374
6070,1742,1782,3524
6071,1739,1781,3520
6072,416,415,831
6073,1459,1557,3016
6074,467,476,943
6076,10534,10970,21504
6077,773,755,1528
6078,457,406,863
6079,4,0,4
6081,2366,2352,4718
6082,1607,1549,3156
6083,1749,1715,3464
6084,3167,3222,6389
6090,13,0,13
6100,7087,6522,13609
6101,7626,7364,14990
6102,6769,7064,13833
6103,4322,4080,8402
6104,6746,6542,13288
6105,6815,6703,13518
6106,11,5,16
6107,18886,17996,36882
6108,11408,11557,22965
6109,5385,5252,10637
6110,17326,17536,34862
6111,11051,11009,22060
6112,20004,20246,40250
6121,1375,1353,2728
6122,4665,4716,9381
6123,719,710,1429
6124,544,538,1082
6125,1372,1307,2679
6126,375,127,502
6147,7479,7327,14806
6148,8454,8961,17415
6149,9178,9460,18638
6150,6508,6756,13264
6151,8217,8219,16436
6152,11724,12646,24370
6153,9110,9923,19033
6154,4615,5049,9664
6155,24212,23848,48060
6156,7576,8444,16020
6157,6068,6890,12958
6158,3353,3577,6930
6159,1361,1364,2725
6160,3830,3839,7669
6161,62,52,114
6162,5028,5351,10379
6163,22666,23593,46259
6164,23907,23638,47545
6165,54,70,124
6166,4087,4113,8200
6167,11577,10926,22503
6168,11746,11723,23469
6169,16975,17353,34328
6170,3240,3360,6600
6171,7846,8037,15883
6172,6977,7128,14105
6173,5282,5147,10429
6174,1101,1075,2176
6175,1557,1453,3010
6176,369,342,711
6180,1724,1740,3464
6181,256,238,494
6182,0,0,0
6207,578,506,1084
6208,4806,4812,9618
6209,950,882,1832
6210,29595,31298,60893
6211,2779,2771,5550
6213,367,333,700
6214,190,172,362
6215,1774,1809,3583
6218,241,241,482
6220,2390,2306,4696
6221,234,204,438
6224,616,602,1218
6225,4906,4222,9128
6226,318,302,620
6227,261,259,520
6229,285,228,513
6230,20196,20443,40639
6232,4659,4764,9423
6233,7856,7922,15778
6236,986,963,1949
6237,1287,1263,2550
6239,2033,2021,4054
6240,146,120,266
6244,788,800,1588
6251,226,209,435
6253,270,290,560
6254,318,312,630
6255,1689,1789,3478
6256,109,98,207
6258,3158,3151,6309
6260,793,749,1542
6262,408,362,770
6271,1402,1446,2848
6275,675,587,1262
6280,11328,12156,23484
6281,2780,2771,5551
6282,639,611,1250
6284,832,774,1606
6285,3745,3781,7526
6286,310,270,580
6288,203,202,405
6290,817,831,1648
6302,1696,1701,3397
6304,809,758,1567
6306,473,462,935
6308,817,783,1600
6309,133,133,266
6311,301,303,604
6312,2444,2483,4927
6313,183,183,366
6315,940,908,1848
6316,220,199,419
6317,2082,2101,4183
6318,119,114,233
6320,456,450,906
6321,141,127,268
6322,242,217,459
6323,493,492,985
6324,1498,1527,3025
6326,268,239,507
6327,158,137,295
6328,229,199,428
6330,16187,16734,32921
6333,2554,2640,5194
6335,423,414,837
6336,133,114,247
6337,258,222,480
6338,418,334,752
6341,151,124,275
6343,124,113,237
6346,443,290,733
6348,733,665,1398
6350,106,92,198
6352,221,186,407
6353,379,346,725
6355,462,393,855
6358,127,112,239
6359,329,191,520
6365,315,297,612
6367,138,143,281
6368,101,79,180
6369,313,315,628
6370,273,283,556
6373,129,109,238
6375,412,416,828
6383,505,538,1043
6386,130,124,254
6390,1388,838,2226
6391,477,437,914
6392,256,234,490
6393,196,185,381
6394,211,197,408
6395,770,804,1574
6396,196,158,354
6397,238,131,369
6398,280,286,566
6401,3728,3875,7603
6403,103,94,197
6405,137,128,265
6407,556,486,1042
6409,231,169,400
6410,602,584,1186
6413,83,65,148
6415,1531,1365,2896
6418,361,360,721
6421,126,111,237
6423,167,110,277
6425,93,71,164
6426,610,485,1095
6429,909,616,1525
6430,11983,11023,23006
6431,326,352,678
6432,4100,3634,7734
6434,65,83,148
6436,103,77,180
6437,907,387,1294
6438,766,450,1216
6440,757,337,1094
6442,1411,1288,2699
6443,649,492,1141
6445,89,71,160
6447,264,228,492
6448,231,215,446
6450,6152,6226,12378
6460,491,494,985
6461,178,192,370
6462,168,137,305
6468,107,99,206
6472,106,81,187
6475,236,201,437
6477,160,134,294
6479,256,234,490
6484,299,79,378
6485,267,255,522
6488,189,158,347
6490,129,101,230
6501,528,490,1018
6502,535,528,1063
6503,1047,997,2044
6505,144,140,284
6507,213,188,401
6509,177,141,318
6510,1016,1035,2051
6511,245,216,461
6513,101,89,190
6514,324,286,610
6515,243,209,452
6516,787,720,1507
6517,226,204,430
6518,60,58,118
6519,311,305,616
6521,185,148,333
6522,261,219,480
6525,1822,1745,3567
6528,139,148,287
6530,15689,16274,31963
6532,3099,2689,5788
6535,763,723,1486
6536,767,730,1497
6537,336,300,636
6556,913,936,1849
6558,1762,410,2172
6560,624,657,1281
6562,573,574,1147
6564,175,156,331
6566,1530,1554,3084
6567,180,186,366
6568,136,112,248
6569,186,146,332
6575,128,113,241
6603,581,546,1127
6606,161,143,304
6608,144,113,257
6609,299,267,566
6612,127,110,237
6620,89,95,184
6623,989,623,1612
6628,104,77,181
6630,327,206,533
6635,341,177,518
6638,366,277,643
6639,54,51,105
6640,153,118,271
6642,822,555,1377
6646,816,343,1159
6701,2964,2824,5788
6705,138,113,251
6707,1285,1108,2393
6710,1751,628,2379
6713,688,577,1265
6714,11075,7199,18274
6716,369,282,651
6718,432,381,813
6720,1557,993,2550
6721,3212,1985,5197
6722,5963,4580,10543
6725,5136,4721,9857
6726,2540,2618,5158
6728,4214,2681,6895
6740,870,883,1753
6743,3347,2999,6346
6751,3559,1901,5460
6753,6034,3053,9087
6754,838,671,1509
6758,84,93,177
6760,256,255,511
6762,914,262,1176
6765,747,772,1519
6770,1654,1610,3264
6907,480,497,977
7000,6581,6846,13427
7004,3442,3726,7168
7005,6203,6433,12636
7007,1475,1444,2919
7008,5718,6107,11825
7009,5934,6385,12319
7010,7490,8338,15828
7011,6950,7468,14418
7012,433,398,831
7015,4640,5259,9899
7016,1536,1143,2679
7017,2340,2390,4730
7018,9561,10499,20060
7019,2673,2820,5493
7020,1264,1189,2453
7021,1105,1177,2282
7022,405,429,834
7023,171,157,328
7024,227,234,461
7025,912,940,1852
7026,439,406,845
7027,191,182,373
7030,8297,8513,16810
7050,5631,6132,11763
7052,3217,3511,6728
7053,1689,1822,3511
7054,3901,4054,7955
7055,195,219,414
7109,3964,3943,7907
7112,1414,1399,2813
7113,573,530,1103
7116,1183,1177,2360
7117,387,376,763
7120,1030,975,2005
7140,5411,5252,10663
7150,1353,1320,2673
7155,519,465,984
7162,321,323,644
7163,129,110,239
7170,2402,2281,4683
7171,1451,1558,3009
7172,1539,1616,3155
7173,3113,3076,6189
7176,216,201,417
7177,239,232,471
7178,193,164,357
7179,182,156,338
7180,154,121,275
7182,124,126,250
7183,46,40,86
7184,377,389,766
7186,139,140,279
7190,1505,1503,3008
7209,219,204,423
7210,493,502,995
7211,214,210,424
7212,942,898,1840
7213,154,147,301
7214,349,301,650
7215,1704,1583,3287
7216,1699,1697,3396
7248,7586,7829,15415
7249,5884,6424,12308
7250,22639,24595,47234
7252,1165,1100,2265
7253,2486,2613,5099
7254,255,239,494
7255,375,332,707
7256,815,751,1566
7257,32,35,67
7258,477,464,941
7259,250,207,457
7260,1582,1635,3217
7261,98,109,207
7262,857,858,1715
7263,382,359,741
7264,366,314,680
7265,127,147,274
7267,469,413,882
7268,524,541,1065
7270,2059,2035,4094
7275,1469,1581,3050
7276,286,275,561
7277,2548,2711,5259
7290,1000,1063,2063
7291,403,467,870
7292,356,336,692
7300,1513,1525,3038
7301,1967,2047,4014
7302,922,857,1779
7303,1158,1181,2339
7304,2862,3014,5876
7305,625,605,1230
7306,2028,1925,3953
7307,4587,4663,9250
7310,13055,14127,27182
7315,6922,7349,14271
7316,2955,3060,6015
7320,7950,8772,16722
7321,2437,2256,4693
7322,1904,2070,3974
7325,4233,4336,8569
7330,3403,3351,6754
7331,253,228,481
7467,1037,938,1975
7468,335,325,660
7469,482,452,934
7470,490,432,922
9191,11,6,17
800,2610,1936,4546
810,15109,14613,29722
812,9667,9648,19315
820,10300,8751,19051
822,12329,11780,24109
828,1187,507,1694
829,956,181,1137
830,9017,8961,17978
832,4870,4796,9666
835,2778,2421,5199
836,3645,3440,7085
837,279,248,527
838,403,333,736
840,322,232,554
841,354,339,693
845,185,152,337
846,112,125,237
847,211,169,380
850,3813,3775,7588
852,3979,3995,7974
853,416,326,742
854,473,453,926
860,1525,1536,3061
862,377,317,694
870,12555,12631,25186
872,7960,7524,15484
880,3129,2823,5952
885,576,410,986
886,627,502,1129
2600,3241,3656,6897
2601,2481,2311,4792
2602,13837,14737,28574
2603,4409,4213,8622
2604,4170,4480,8650
2605,5368,5960,11328
2606,4096,4073,8169
2607,6612,6851,13463
2609,533,366,899
2611,11369,11871,23240
2612,7996,6668,14664
2614,9304,9813,19117
2615,21518,22184,43702
2617,14861,14789,29650
2900,720,765,1485
2902,7674,7775,15449
2903,4742,4830,9572
2904,6447,6585,13032
2905,14383,14839,29222
2906,8827,9309,18136
2911,273,300,573
2912,3597,3552,7149
2913,12551,12866,25417
2914,6765,7062,13827
6798,1465,607,2072
6799,286,266,552
9494,27443,20291,47734
9797,934,335,1269
